 Species density profiles
 nspec rad  pla 
     3 1408 1006
 rho(m) Electrons Deuterium Tritium   
     0.00000         1.00000        0.500000        0.500000    
    0.138864E-02     1.00000        0.500000        0.500000    
    0.660019E-02    0.999999        0.499999        0.499999    
    0.133998E-01    0.999996        0.499998        0.499998    
    0.186114E-01    0.999992        0.499996        0.499996    
    0.200000E-01    0.999991        0.499995        0.499995    
    0.210276E-01    0.999990        0.499995        0.499995    
    0.248841E-01    0.999985        0.499993        0.499993    
    0.299159E-01    0.999979        0.499989        0.499989    
    0.337724E-01    0.999973        0.499986        0.499986    
    0.348000E-01    0.999971        0.499986        0.499986    
    0.358276E-01    0.999970        0.499985        0.499985    
    0.396841E-01    0.999963        0.499981        0.499981    
    0.447159E-01    0.999953        0.499976        0.499976    
    0.485724E-01    0.999944        0.499972        0.499972    
    0.496000E-01    0.999942        0.499971        0.499971    
    0.506276E-01    0.999939        0.499970        0.499970    
    0.544841E-01    0.999930        0.499965        0.499965    
    0.595159E-01    0.999916        0.499958        0.499958    
    0.633724E-01    0.999905        0.499952        0.499952    
    0.644000E-01    0.999902        0.499951        0.499951    
    0.654276E-01    0.999898        0.499949        0.499949    
    0.692841E-01    0.999886        0.499943        0.499943    
    0.743159E-01    0.999869        0.499934        0.499934    
    0.781724E-01    0.999855        0.499927        0.499927    
    0.792000E-01    0.999851        0.499926        0.499926    
    0.802276E-01    0.999847        0.499924        0.499924    
    0.840841E-01    0.999832        0.499916        0.499916    
    0.891159E-01    0.999812        0.499906        0.499906    
    0.929724E-01    0.999795        0.499897        0.499897    
    0.940000E-01    0.999790        0.499895        0.499895    
    0.950276E-01    0.999786        0.499893        0.499893    
    0.988841E-01    0.999768        0.499884        0.499884    
    0.103916        0.999744        0.499872        0.499872    
    0.107772        0.999724        0.499862        0.499862    
    0.108800        0.999719        0.499860        0.499860    
    0.109828        0.999714        0.499857        0.499857    
    0.113684        0.999693        0.499847        0.499847    
    0.118716        0.999665        0.499833        0.499833    
    0.122572        0.999643        0.499822        0.499822    
    0.123600        0.999637        0.499819        0.499819    
    0.124628        0.999631        0.499816        0.499816    
    0.128484        0.999608        0.499804        0.499804    
    0.133516        0.999577        0.499788        0.499788    
    0.137372        0.999552        0.499776        0.499776    
    0.138400        0.999545        0.499773        0.499773    
    0.139428        0.999538        0.499769        0.499769    
    0.143284        0.999512        0.499756        0.499756    
    0.148316        0.999478        0.499739        0.499739    
    0.152172        0.999450        0.499725        0.499725    
    0.153200        0.999443        0.499721        0.499721    
    0.154228        0.999435        0.499718        0.499718    
    0.158084        0.999406        0.499703        0.499703    
    0.163116        0.999368        0.499684        0.499684    
    0.166972        0.999338        0.499669        0.499669    
    0.168000        0.999329        0.499665        0.499665    
    0.169028        0.999321        0.499661        0.499661    
    0.172884        0.999290        0.499645        0.499645    
    0.177916        0.999248        0.499624        0.499624    
    0.181772        0.999215        0.499607        0.499607    
    0.182800        0.999206        0.499603        0.499603    
    0.183828        0.999197        0.499598        0.499598    
    0.187684        0.999163        0.499581        0.499581    
    0.192716        0.999117        0.499559        0.499559    
    0.196572        0.999082        0.499541        0.499541    
    0.197600        0.999072        0.499536        0.499536    
    0.198628        0.999062        0.499531        0.499531    
    0.202484        0.999025        0.499513        0.499513    
    0.207516        0.998976        0.499488        0.499488    
    0.211372        0.998938        0.499469        0.499469    
    0.212400        0.998927        0.499464        0.499464    
    0.213428        0.998917        0.499458        0.499458    
    0.217284        0.998877        0.499439        0.499439    
    0.222316        0.998825        0.499412        0.499412    
    0.226172        0.998783        0.499392        0.499392    
    0.227200        0.998772        0.499386        0.499386    
    0.228228        0.998761        0.499381        0.499381    
    0.232084        0.998719        0.499359        0.499359    
    0.237116        0.998662        0.499331        0.499331    
    0.240972        0.998618        0.499309        0.499309    
    0.242000        0.998607        0.499303        0.499303    
    0.243028        0.998595        0.499297        0.499297    
    0.246884        0.998550        0.499275        0.499275    
    0.251916        0.998490        0.499245        0.499245    
    0.255772        0.998443        0.499221        0.499221    
    0.256800        0.998430        0.499215        0.499215    
    0.257828        0.998418        0.499209        0.499209    
    0.261684        0.998370        0.499185        0.499185    
    0.266716        0.998306        0.499153        0.499153    
    0.270572        0.998257        0.499128        0.499128    
    0.271600        0.998244        0.499122        0.499122    
    0.272628        0.998230        0.499115        0.499115    
    0.276484        0.998180        0.499090        0.499090    
    0.281516        0.998112        0.499056        0.499056    
    0.285372        0.998060        0.499030        0.499030    
    0.286400        0.998046        0.499023        0.499023    
    0.287428        0.998032        0.499016        0.499016    
    0.291284        0.997979        0.498989        0.498989    
    0.296316        0.997908        0.498954        0.498954    
    0.300172        0.997853        0.498926        0.498926    
    0.301200        0.997838        0.498919        0.498919    
    0.302228        0.997823        0.498912        0.498912    
    0.306084        0.997767        0.498883        0.498883    
    0.311116        0.997693        0.498846        0.498846    
    0.314972        0.997635        0.498817        0.498817    
    0.316000        0.997619        0.498810        0.498810    
    0.317028        0.997604        0.498802        0.498802    
    0.320884        0.997545        0.498772        0.498772    
    0.325916        0.997467        0.498733        0.498733    
    0.329772        0.997406        0.498703        0.498703    
    0.330800        0.997390        0.498695        0.498695    
    0.331828        0.997373        0.498687        0.498687    
    0.335684        0.997312        0.498656        0.498656    
    0.340716        0.997230        0.498615        0.498615    
    0.344572        0.997166        0.498583        0.498583    
    0.345600        0.997149        0.498575        0.498575    
    0.346628        0.997132        0.498566        0.498566    
    0.350484        0.997068        0.498534        0.498534    
    0.355516        0.996982        0.498491        0.498491    
    0.359372        0.996916        0.498458        0.498458    
    0.360400        0.996898        0.498449        0.498449    
    0.361428        0.996881        0.498440        0.498440    
    0.365284        0.996813        0.498407        0.498407    
    0.370316        0.996724        0.498362        0.498362    
    0.374172        0.996655        0.498328        0.498328    
    0.375200        0.996637        0.498318        0.498318    
    0.376228        0.996618        0.498309        0.498309    
    0.380084        0.996548        0.498274        0.498274    
    0.385116        0.996455        0.498228        0.498228    
    0.388972        0.996383        0.498192        0.498192    
    0.390000        0.996364        0.498182        0.498182    
    0.391028        0.996345        0.498172        0.498172    
    0.394884        0.996272        0.498136        0.498136    
    0.399916        0.996175        0.498088        0.498088    
    0.403772        0.996100        0.498050        0.498050    
    0.404800        0.996080        0.498040        0.498040    
    0.405828        0.996060        0.498030        0.498030    
    0.409684        0.995984        0.497992        0.497992    
    0.414716        0.995884        0.497942        0.497942    
    0.418572        0.995807        0.497903        0.497903    
    0.419600        0.995786        0.497893        0.497893    
    0.420628        0.995765        0.497883        0.497883    
    0.424484        0.995686        0.497843        0.497843    
    0.429516        0.995582        0.497791        0.497791    
    0.433372        0.995502        0.497751        0.497751    
    0.434400        0.995480        0.497740        0.497740    
    0.435428        0.995459        0.497729        0.497729    
    0.439284        0.995377        0.497689        0.497689    
    0.444316        0.995270        0.497635        0.497635    
    0.448172        0.995186        0.497593        0.497593    
    0.449200        0.995164        0.497582        0.497582    
    0.450228        0.995142        0.497571        0.497571    
    0.454084        0.995057        0.497529        0.497529    
    0.459116        0.994946        0.497473        0.497473    
    0.462972        0.994860        0.497430        0.497430    
    0.464000        0.994837        0.497418        0.497418    
    0.465028        0.994813        0.497407        0.497407    
    0.468884        0.994726        0.497363        0.497363    
    0.473916        0.994611        0.497305        0.497305    
    0.477772        0.994522        0.497261        0.497261    
    0.478800        0.994498        0.497249        0.497249    
    0.479828        0.994474        0.497237        0.497237    
    0.483684        0.994384        0.497192        0.497192    
    0.488716        0.994265        0.497132        0.497132    
    0.492572        0.994173        0.497086        0.497086    
    0.493600        0.994148        0.497074        0.497074    
    0.494628        0.994124        0.497062        0.497062    
    0.498484        0.994030        0.497015        0.497015    
    0.503516        0.993908        0.496954        0.496954    
    0.507372        0.993813        0.496906        0.496906    
    0.508400        0.993787        0.496894        0.496894    
    0.509428        0.993762        0.496881        0.496881    
    0.513284        0.993666        0.496833        0.496833    
    0.518316        0.993539        0.496770        0.496770    
    0.522172        0.993441        0.496721        0.496721    
    0.523200        0.993415        0.496708        0.496708    
    0.524228        0.993389        0.496695        0.496695    
    0.528084        0.993290        0.496645        0.496645    
    0.533116        0.993160        0.496580        0.496580    
    0.536972        0.993059        0.496529        0.496529    
    0.538000        0.993032        0.496516        0.496516    
    0.539028        0.993005        0.496502        0.496502    
    0.542884        0.992903        0.496451        0.496451    
    0.547916        0.992769        0.496384        0.496384    
    0.551772        0.992665        0.496332        0.496332    
    0.552800        0.992637        0.496319        0.496319    
    0.553828        0.992609        0.496305        0.496305    
    0.557684        0.992504        0.496252        0.496252    
    0.562716        0.992366        0.496183        0.496183    
    0.566572        0.992260        0.496130        0.496130    
    0.567600        0.992231        0.496115        0.496115    
    0.568628        0.992202        0.496101        0.496101    
    0.572484        0.992094        0.496047        0.496047    
    0.577516        0.991952        0.495976        0.495976    
    0.581372        0.991843        0.495921        0.495921    
    0.582400        0.991813        0.495907        0.495907    
    0.583428        0.991784        0.495892        0.495892    
    0.587284        0.991673        0.495836        0.495836    
    0.592316        0.991527        0.495764        0.495764    
    0.596172        0.991414        0.495707        0.495707    
    0.597200        0.991384        0.495692        0.495692    
    0.598228        0.991354        0.495677        0.495677    
    0.602084        0.991240        0.495620        0.495620    
    0.607116        0.991090        0.495545        0.495545    
    0.610972        0.990974        0.495487        0.495487    
    0.612000        0.990943        0.495472        0.495472    
    0.613028        0.990912        0.495456        0.495456    
    0.616884        0.990795        0.495398        0.495398    
    0.621916        0.990642        0.495321        0.495321    
    0.625772        0.990523        0.495261        0.495261    
    0.626800        0.990491        0.495246        0.495246    
    0.627828        0.990459        0.495230        0.495230    
    0.631684        0.990339        0.495170        0.495170    
    0.636716        0.990181        0.495091        0.495091    
    0.640572        0.990060        0.495030        0.495030    
    0.641600        0.990027        0.495013        0.495013    
    0.642628        0.989994        0.494997        0.494997    
    0.646484        0.989871        0.494936        0.494936    
    0.651516        0.989709        0.494855        0.494855    
    0.655372        0.989585        0.494792        0.494792    
    0.656400        0.989551        0.494776        0.494776    
    0.657428        0.989518        0.494759        0.494759    
    0.661284        0.989391        0.494696        0.494696    
    0.666316        0.989226        0.494613        0.494613    
    0.670172        0.989098        0.494549        0.494549    
    0.671200        0.989063        0.494532        0.494532    
    0.672228        0.989029        0.494515        0.494515    
    0.676084        0.988900        0.494450        0.494450    
    0.681116        0.988730        0.494365        0.494365    
    0.684972        0.988599        0.494299        0.494299    
    0.686000        0.988564        0.494282        0.494282    
    0.687028        0.988529        0.494264        0.494264    
    0.690884        0.988396        0.494198        0.494198    
    0.695916        0.988222        0.494111        0.494111    
    0.699772        0.988088        0.494044        0.494044    
    0.700800        0.988052        0.494026        0.494026    
    0.701828        0.988016        0.494008        0.494008    
    0.705684        0.987881        0.493940        0.493940    
    0.710716        0.987703        0.493851        0.493851    
    0.714572        0.987565        0.493783        0.493783    
    0.715600        0.987528        0.493764        0.493764    
    0.716628        0.987492        0.493746        0.493746    
    0.720484        0.987353        0.493676        0.493676    
    0.725516        0.987171        0.493585        0.493585    
    0.729372        0.987030        0.493515        0.493515    
    0.730400        0.986992        0.493496        0.493496    
    0.731428        0.986955        0.493477        0.493477    
    0.735284        0.986813        0.493406        0.493406    
    0.740316        0.986627        0.493313        0.493313    
    0.744172        0.986483        0.493241        0.493241    
    0.745200        0.986444        0.493222        0.493222    
    0.746228        0.986406        0.493203        0.493203    
    0.750084        0.986261        0.493130        0.493130    
    0.755116        0.986070        0.493035        0.493035    
    0.758972        0.985923        0.492962        0.492962    
    0.760000        0.985884        0.492942        0.492942    
    0.761028        0.985845        0.492922        0.492922    
    0.764884        0.985696        0.492848        0.492848    
    0.769916        0.985502        0.492751        0.492751    
    0.773772        0.985351        0.492676        0.492676    
    0.774800        0.985311        0.492656        0.492656    
    0.775828        0.985271        0.492635        0.492635    
    0.779684        0.985119        0.492560        0.492560    
    0.784716        0.984920        0.492460        0.492460    
    0.788572        0.984767        0.492383        0.492383    
    0.789600        0.984726        0.492363        0.492363    
    0.790628        0.984685        0.492342        0.492342    
    0.794484        0.984530        0.492265        0.492265    
    0.799516        0.984327        0.492163        0.492163    
    0.803372        0.984170        0.492085        0.492085    
    0.804400        0.984128        0.492064        0.492064    
    0.805428        0.984086        0.492043        0.492043    
    0.809284        0.983928        0.491964        0.491964    
    0.814316        0.983720        0.491860        0.491860    
    0.818172        0.983560        0.491780        0.491780    
    0.819200        0.983517        0.491759        0.491759    
    0.820228        0.983474        0.491737        0.491737    
    0.824084        0.983313        0.491656        0.491656    
    0.829116        0.983101        0.491550        0.491550    
    0.832972        0.982938        0.491469        0.491469    
    0.834000        0.982894        0.491447        0.491447    
    0.835028        0.982850        0.491425        0.491425    
    0.838884        0.982685        0.491343        0.491343    
    0.843916        0.982469        0.491234        0.491234    
    0.847772        0.982302        0.491151        0.491151    
    0.848800        0.982258        0.491129        0.491129    
    0.849828        0.982213        0.491106        0.491106    
    0.853684        0.982045        0.491022        0.491022    
    0.858716        0.981824        0.490912        0.490912    
    0.862572        0.981654        0.490827        0.490827    
    0.863600        0.981608        0.490804        0.490804    
    0.864628        0.981563        0.490781        0.490781    
    0.868484        0.981391        0.490696        0.490696    
    0.873516        0.981166        0.490583        0.490583    
    0.877372        0.980992        0.490496        0.490496    
    0.878400        0.980946        0.490473        0.490473    
    0.879428        0.980900        0.490450        0.490450    
    0.883284        0.980725        0.490362        0.490362    
    0.888316        0.980495        0.490247        0.490247    
    0.892172        0.980318        0.490159        0.490159    
    0.893200        0.980271        0.490135        0.490135    
    0.894228        0.980223        0.490112        0.490112    
    0.898084        0.980045        0.490022        0.490022    
    0.903116        0.979810        0.489905        0.489905    
    0.906972        0.979630        0.489815        0.489815    
    0.908000        0.979582        0.489791        0.489791    
    0.909028        0.979533        0.489767        0.489767    
    0.912884        0.979351        0.489676        0.489676    
    0.917916        0.979113        0.489556        0.489556    
    0.921772        0.978929        0.489464        0.489464    
    0.922800        0.978879        0.489440        0.489440    
    0.923828        0.978830        0.489415        0.489415    
    0.927684        0.978645        0.489322        0.489322    
    0.932716        0.978401        0.489201        0.489201    
    0.936572        0.978214        0.489107        0.489107    
    0.937600        0.978164        0.489082        0.489082    
    0.938628        0.978113        0.489057        0.489057    
    0.942484        0.977924        0.488962        0.488962    
    0.947516        0.977677        0.488838        0.488838    
    0.951372        0.977485        0.488743        0.488743    
    0.952400        0.977434        0.488717        0.488717    
    0.953428        0.977383        0.488692        0.488692    
    0.957284        0.977191        0.488595        0.488595    
    0.962316        0.976938        0.488469        0.488469    
    0.966172        0.976743        0.488372        0.488372    
    0.967200        0.976691        0.488346        0.488346    
    0.968228        0.976639        0.488319        0.488319    
    0.972084        0.976443        0.488221        0.488221    
    0.977116        0.976185        0.488093        0.488093    
    0.980972        0.975987        0.487993        0.487993    
    0.982000        0.975934        0.487967        0.487967    
    0.983028        0.975881        0.487940        0.487940    
    0.986884        0.975681        0.487841        0.487841    
    0.991916        0.975419        0.487709        0.487709    
    0.995772        0.975217        0.487608        0.487608    
    0.996800        0.975163        0.487581        0.487581    
    0.997828        0.975109        0.487554        0.487554    
     1.00168        0.974905        0.487453        0.487453    
     1.00672        0.974638        0.487319        0.487319    
     1.01057        0.974432        0.487216        0.487216    
     1.01160        0.974377        0.487189        0.487189    
     1.01263        0.974322        0.487161        0.487161    
     1.01648        0.974115        0.487058        0.487058    
     1.02152        0.973843        0.486922        0.486922    
     1.02537        0.973634        0.486817        0.486817    
     1.02640        0.973578        0.486789        0.486789    
     1.02743        0.973522        0.486761        0.486761    
     1.03128        0.973311        0.486655        0.486655    
     1.03632        0.973034        0.486517        0.486517    
     1.04017        0.972821        0.486410        0.486410    
     1.04120        0.972764        0.486382        0.486382    
     1.04223        0.972707        0.486353        0.486353    
     1.04608        0.972492        0.486246        0.486246    
     1.05112        0.972210        0.486105        0.486105    
     1.05497        0.971993        0.485997        0.485997    
     1.05600        0.971935        0.485968        0.485968    
     1.05703        0.971877        0.485938        0.485938    
     1.06088        0.971658        0.485829        0.485829    
     1.06592        0.971372        0.485686        0.485686    
     1.06977        0.971151        0.485575        0.485575    
     1.07080        0.971092        0.485546        0.485546    
     1.07183        0.971032        0.485516        0.485516    
     1.07568        0.970810        0.485405        0.485405    
     1.08072        0.970518        0.485259        0.485259    
     1.08457        0.970293        0.485147        0.485147    
     1.08560        0.970233        0.485117        0.485117    
     1.08663        0.970173        0.485087        0.485087    
     1.09048        0.969947        0.484973        0.484973    
     1.09552        0.969650        0.484825        0.484825    
     1.09937        0.969421        0.484710        0.484710    
     1.10040        0.969360        0.484680        0.484680    
     1.10143        0.969299        0.484649        0.484649    
     1.10528        0.969068        0.484534        0.484534    
     1.11032        0.968766        0.484383        0.484383    
     1.11417        0.968533        0.484267        0.484267    
     1.11520        0.968471        0.484236        0.484236    
     1.11623        0.968409        0.484204        0.484204    
     1.12008        0.968175        0.484087        0.484087    
     1.12512        0.967867        0.483934        0.483934    
     1.12897        0.967630        0.483815        0.483815    
     1.13000        0.967567        0.483784        0.483784    
     1.13103        0.967504        0.483752        0.483752    
     1.13488        0.967265        0.483633        0.483633    
     1.13992        0.966953        0.483476        0.483476    
     1.14377        0.966712        0.483356        0.483356    
     1.14480        0.966648        0.483324        0.483324    
     1.14583        0.966583        0.483292        0.483292    
     1.14968        0.966341        0.483170        0.483170    
     1.15472        0.966023        0.483011        0.483011    
     1.15857        0.965778        0.482889        0.482889    
     1.15960        0.965712        0.482856        0.482856    
     1.16063        0.965647        0.482823        0.482823    
     1.16448        0.965400        0.482700        0.482700    
     1.16952        0.965077        0.482538        0.482538    
     1.17337        0.964827        0.482414        0.482414    
     1.17440        0.964761        0.482380        0.482380    
     1.17543        0.964694        0.482347        0.482347    
     1.17928        0.964443        0.482222        0.482222    
     1.18432        0.964115        0.482057        0.482057    
     1.18817        0.963861        0.481931        0.481931    
     1.18920        0.963794        0.481897        0.481897    
     1.19023        0.963726        0.481863        0.481863    
     1.19408        0.963471        0.481735        0.481735    
     1.19912        0.963136        0.481568        0.481568    
     1.20297        0.962879        0.481439        0.481439    
     1.20400        0.962810        0.481405        0.481405    
     1.20503        0.962741        0.481370        0.481370    
     1.20888        0.962482        0.481241        0.481241    
     1.21392        0.962142        0.481071        0.481071    
     1.21777        0.961880        0.480940        0.480940    
     1.21880        0.961810        0.480905        0.480905    
     1.21983        0.961740        0.480870        0.480870    
     1.22368        0.961476        0.480738        0.480738    
     1.22872        0.961130        0.480565        0.480565    
     1.23257        0.960864        0.480432        0.480432    
     1.23360        0.960793        0.480396        0.480396    
     1.23463        0.960722        0.480361        0.480361    
     1.23848        0.960453        0.480227        0.480227    
     1.24352        0.960102        0.480051        0.480051    
     1.24737        0.959831        0.479916        0.479916    
     1.24840        0.959759        0.479879        0.479879    
     1.24943        0.959687        0.479843        0.479843    
     1.25328        0.959414        0.479707        0.479707    
     1.25832        0.959057        0.479528        0.479528    
     1.26217        0.958781        0.479391        0.479391    
     1.26320        0.958708        0.479354        0.479354    
     1.26423        0.958634        0.479317        0.479317    
     1.26808        0.958357        0.479179        0.479179    
     1.27312        0.957994        0.478997        0.478997    
     1.27697        0.957714        0.478857        0.478857    
     1.27800        0.957640        0.478820        0.478820    
     1.27903        0.957565        0.478782        0.478782    
     1.28288        0.957283        0.478642        0.478642    
     1.28792        0.956914        0.478457        0.478457    
     1.29177        0.956630        0.478315        0.478315    
     1.29280        0.956554        0.478277        0.478277    
     1.29383        0.956478        0.478239        0.478239    
     1.29768        0.956191        0.478096        0.478096    
     1.30272        0.955816        0.477908        0.477908    
     1.30657        0.955527        0.477764        0.477764    
     1.30760        0.955450        0.477725        0.477725    
     1.30863        0.955373        0.477686        0.477686    
     1.31248        0.955082        0.477541        0.477541    
     1.31752        0.954700        0.477350        0.477350    
     1.32137        0.954407        0.477203        0.477203    
     1.32240        0.954328        0.477164        0.477164    
     1.32343        0.954250        0.477125        0.477125    
     1.32728        0.953954        0.476977        0.476977    
     1.33232        0.953566        0.476783        0.476783    
     1.33617        0.953268        0.476634        0.476634    
     1.33720        0.953188        0.476594        0.476594    
     1.33823        0.953108        0.476554        0.476554    
     1.34208        0.952808        0.476404        0.476404    
     1.34712        0.952414        0.476207        0.476207    
     1.35097        0.952111        0.476055        0.476055    
     1.35200        0.952029        0.476015        0.476015    
     1.35303        0.951948        0.475974        0.475974    
     1.35688        0.951643        0.475821        0.475821    
     1.36192        0.951243        0.475621        0.475621    
     1.36577        0.950934        0.475467        0.475467    
     1.36680        0.950852        0.475426        0.475426    
     1.36783        0.950769        0.475385        0.475385    
     1.37168        0.950459        0.475230        0.475230    
     1.37672        0.950052        0.475026        0.475026    
     1.38057        0.949739        0.474870        0.474870    
     1.38160        0.949655        0.474828        0.474828    
     1.38263        0.949572        0.474786        0.474786    
     1.38648        0.949256        0.474628        0.474628    
     1.39152        0.948843        0.474421        0.474421    
     1.39537        0.948524        0.474262        0.474262    
     1.39640        0.948439        0.474220        0.474220    
     1.39743        0.948354        0.474177        0.474177    
     1.40128        0.948034        0.474017        0.474017    
     1.40632        0.947614        0.473807        0.473807    
     1.41017        0.947290        0.473645        0.473645    
     1.41120        0.947204        0.473602        0.473602    
     1.41223        0.947117        0.473559        0.473559    
     1.41608        0.946791        0.473396        0.473396    
     1.42112        0.946365        0.473182        0.473182    
     1.42497        0.946036        0.473018        0.473018    
     1.42600        0.945948        0.472974        0.472974    
     1.42703        0.945860        0.472930        0.472930    
     1.43088        0.945529        0.472765        0.472765    
     1.43592        0.945095        0.472548        0.472548    
     1.43977        0.944761        0.472381        0.472381    
     1.44080        0.944672        0.472336        0.472336    
     1.44183        0.944583        0.472291        0.472291    
     1.44568        0.944246        0.472123        0.472123    
     1.45072        0.943806        0.471903        0.471903    
     1.45457        0.943466        0.471733        0.471733    
     1.45560        0.943375        0.471688        0.471688    
     1.45663        0.943285        0.471642        0.471642    
     1.46048        0.942943        0.471471        0.471471    
     1.46552        0.942495        0.471248        0.471248    
     1.46937        0.942150        0.471075        0.471075    
     1.47040        0.942058        0.471029        0.471029    
     1.47143        0.941966        0.470983        0.470983    
     1.47528        0.941618        0.470809        0.470809    
     1.48032        0.941163        0.470582        0.470582    
     1.48417        0.940813        0.470406        0.470406    
     1.48520        0.940719        0.470360        0.470360    
     1.48623        0.940625        0.470313        0.470313    
     1.49008        0.940273        0.470136        0.470136    
     1.49512        0.939810        0.469905        0.469905    
     1.49897        0.939454        0.469727        0.469727    
     1.50000        0.939359        0.469679        0.469679    
     1.50092        0.939273        0.469637        0.469637    
     1.50439        0.938951        0.469475        0.469475    
     1.50891        0.938529        0.469264        0.469264    
     1.51238        0.938204        0.469102        0.469102    
     1.51330        0.938117        0.469059        0.469059    
     1.51422        0.938031        0.469015        0.469015    
     1.51769        0.937704        0.468852        0.468852    
     1.52221        0.937276        0.468638        0.468638    
     1.52568        0.936946        0.468473        0.468473    
     1.52660        0.936858        0.468429        0.468429    
     1.52752        0.936770        0.468385        0.468385    
     1.53099        0.936438        0.468219        0.468219    
     1.53551        0.936004        0.468002        0.468002    
     1.53898        0.935670        0.467835        0.467835    
     1.53990        0.935580        0.467790        0.467790    
     1.54082        0.935491        0.467746        0.467746    
     1.54429        0.935155        0.467577        0.467577    
     1.54881        0.934714        0.467357        0.467357    
     1.55228        0.934375        0.467187        0.467187    
     1.55320        0.934284        0.467142        0.467142    
     1.55412        0.934193        0.467097        0.467097    
     1.55759        0.933852        0.466926        0.466926    
     1.56211        0.933405        0.466703        0.466703    
     1.56558        0.933061        0.466531        0.466531    
     1.56650        0.932969        0.466485        0.466485    
     1.56742        0.932877        0.466439        0.466439    
     1.57089        0.932531        0.466265        0.466265    
     1.57541        0.932077        0.466039        0.466039    
     1.57888        0.931728        0.465864        0.465864    
     1.57980        0.931635        0.465817        0.465817    
     1.58072        0.931541        0.465771        0.465771    
     1.58419        0.931190        0.465595        0.465595    
     1.58871        0.930730        0.465365        0.465365    
     1.59218        0.930376        0.465188        0.465188    
     1.59310        0.930281        0.465140        0.465140    
     1.59402        0.930186        0.465093        0.465093    
     1.59749        0.929830        0.464915        0.464915    
     1.60201        0.929363        0.464681        0.464681    
     1.60548        0.929003        0.464502        0.464502    
     1.60640        0.928907        0.464454        0.464454    
     1.60732        0.928811        0.464406        0.464406    
     1.61079        0.928450        0.464225        0.464225    
     1.61531        0.927976        0.463988        0.463988    
     1.61878        0.927611        0.463805        0.463805    
     1.61970        0.927513        0.463757        0.463757    
     1.62062        0.927416        0.463708        0.463708    
     1.62409        0.927049        0.463524        0.463524    
     1.62861        0.926568        0.463284        0.463284    
     1.63208        0.926198        0.463099        0.463099    
     1.63300        0.926099        0.463050        0.463050    
     1.63392        0.926000        0.463000        0.463000    
     1.63739        0.925628        0.462814        0.462814    
     1.64191        0.925140        0.462570        0.462570    
     1.64538        0.924764        0.462382        0.462382    
     1.64630        0.924664        0.462332        0.462332    
     1.64722        0.924563        0.462282        0.462282    
     1.65069        0.924186        0.462093        0.462093    
     1.65521        0.923690        0.461845        0.461845    
     1.65868        0.923309        0.461655        0.461655    
     1.65960        0.923207        0.461604        0.461604    
     1.66052        0.923106        0.461553        0.461553    
     1.66399        0.922722        0.461361        0.461361    
     1.66851        0.922220        0.461110        0.461110    
     1.67198        0.921833        0.460916        0.460916    
     1.67290        0.921729        0.460865        0.460865    
     1.67382        0.921626        0.460813        0.460813    
     1.67729        0.921237        0.460618        0.460618    
     1.68181        0.920727        0.460363        0.460363    
     1.68528        0.920334        0.460167        0.460167    
     1.68620        0.920229        0.460115        0.460115    
     1.68712        0.920124        0.460062        0.460062    
     1.69059        0.919729        0.459865        0.459865    
     1.69511        0.919212        0.459606        0.459606    
     1.69858        0.918813        0.459407        0.459407    
     1.69950        0.918707        0.459353        0.459353    
     1.70042        0.918600        0.459300        0.459300    
     1.70389        0.918199        0.459100        0.459100    
     1.70841        0.917674        0.458837        0.458837    
     1.71188        0.917269        0.458635        0.458635    
     1.71280        0.917161        0.458581        0.458581    
     1.71372        0.917053        0.458527        0.458527    
     1.71719        0.916646        0.458323        0.458323    
     1.72171        0.916113        0.458057        0.458057    
     1.72518        0.915702        0.457851        0.457851    
     1.72610        0.915593        0.457796        0.457796    
     1.72702        0.915483        0.457741        0.457741    
     1.73049        0.915070        0.457535        0.457535    
     1.73501        0.914529        0.457264        0.457264    
     1.73848        0.914112        0.457056        0.457056    
     1.73940        0.914000        0.457000        0.457000    
     1.74032        0.913889        0.456944        0.456944    
     1.74379        0.913470        0.456735        0.456735    
     1.74831        0.912920        0.456460        0.456460    
     1.75178        0.912497        0.456248        0.456248    
     1.75270        0.912384        0.456192        0.456192    
     1.75362        0.912271        0.456135        0.456135    
     1.75709        0.911845        0.455923        0.455923    
     1.76161        0.911287        0.455644        0.455644    
     1.76508        0.910857        0.455429        0.455429    
     1.76600        0.910743        0.455371        0.455371    
     1.76692        0.910628        0.455314        0.455314    
     1.77039        0.910196        0.455098        0.455098    
     1.77491        0.909629        0.454815        0.454815    
     1.77838        0.909193        0.454596        0.454596    
     1.77930        0.909076        0.454538        0.454538    
     1.78022        0.908960        0.454480        0.454480    
     1.78369        0.908521        0.454260        0.454260    
     1.78821        0.907946        0.453973        0.453973    
     1.79168        0.907503        0.453751        0.453751    
     1.79260        0.907384        0.453692        0.453692    
     1.79352        0.907266        0.453633        0.453633    
     1.79699        0.906820        0.453410        0.453410    
     1.80151        0.906236        0.453118        0.453118    
     1.80498        0.905786        0.452893        0.452893    
     1.80590        0.905666        0.452833        0.452833    
     1.80682        0.905546        0.452773        0.452773    
     1.81029        0.905093        0.452547        0.452547    
     1.81481        0.904500        0.452250        0.452250    
     1.81828        0.904043        0.452022        0.452022    
     1.81920        0.903921        0.451961        0.451961    
     1.82012        0.903799        0.451899        0.451899    
     1.82359        0.903339        0.451670        0.451670    
     1.82811        0.902737        0.451368        0.451368    
     1.83158        0.902273        0.451136        0.451136    
     1.83250        0.902149        0.451074        0.451074    
     1.83342        0.902025        0.451012        0.451012    
     1.83689        0.901558        0.450779        0.450779    
     1.84141        0.900946        0.450473        0.450473    
     1.84488        0.900474        0.450237        0.450237    
     1.84580        0.900348        0.450174        0.450174    
     1.84672        0.900222        0.450111        0.450111    
     1.85019        0.899748        0.449874        0.449874    
     1.85471        0.899126        0.449563        0.449563    
     1.85818        0.898647        0.449324        0.449324    
     1.85910        0.898520        0.449260        0.449260    
     1.86002        0.898391        0.449196        0.449196    
     1.86349        0.897910        0.448955        0.448955    
     1.86801        0.897278        0.448639        0.448639    
     1.87148        0.896791        0.448396        0.448396    
     1.87240        0.896661        0.448331        0.448331    
     1.87332        0.896531        0.448266        0.448266    
     1.87679        0.896042        0.448021        0.448021    
     1.88131        0.895400        0.447700        0.447700    
     1.88478        0.894906        0.447453        0.447453    
     1.88570        0.894773        0.447387        0.447387    
     1.88662        0.894641        0.447321        0.447321    
     1.89009        0.894144        0.447072        0.447072    
     1.89461        0.893491        0.446746        0.446746    
     1.89808        0.892989        0.446495        0.446495    
     1.89900        0.892855        0.446427        0.446427    
     1.89992        0.892721        0.446360        0.446360    
     1.90339        0.892215        0.446107        0.446107    
     1.90791        0.891552        0.445776        0.445776    
     1.91138        0.891041        0.445521        0.445521    
     1.91230        0.890905        0.445453        0.445453    
     1.91322        0.890769        0.445384        0.445384    
     1.91669        0.890255        0.445127        0.445127    
     1.92121        0.889581        0.444790        0.444790    
     1.92468        0.889062        0.444531        0.444531    
     1.92560        0.888923        0.444462        0.444462    
     1.92652        0.888784        0.444392        0.444392    
     1.92999        0.888262        0.444131        0.444131    
     1.93451        0.887577        0.443789        0.443789    
     1.93798        0.887049        0.443525        0.443525    
     1.93890        0.886908        0.443454        0.443454    
     1.93982        0.886767        0.443384        0.443384    
     1.94329        0.886236        0.443118        0.443118    
     1.94781        0.885540        0.442770        0.442770    
     1.95128        0.885003        0.442502        0.442502    
     1.95220        0.884860        0.442430        0.442430    
     1.95312        0.884717        0.442358        0.442358    
     1.95659        0.884177        0.442088        0.442088    
     1.96111        0.883468        0.441734        0.441734    
     1.96458        0.882923        0.441461        0.441461    
     1.96550        0.882777        0.441389        0.441389    
     1.96642        0.882631        0.441316        0.441316    
     1.96989        0.882082        0.441041        0.441041    
     1.97441        0.881362        0.440681        0.440681    
     1.97788        0.880807        0.440404        0.440404    
     1.97880        0.880659        0.440329        0.440329    
     1.97972        0.880510        0.440255        0.440255    
     1.98319        0.879952        0.439976        0.439976    
     1.98771        0.879219        0.439610        0.439610    
     1.99118        0.878655        0.439327        0.439327    
     1.99210        0.878504        0.439252        0.439252    
     1.99302        0.878353        0.439177        0.439177    
     1.99649        0.877785        0.438892        0.438892    
     2.00101        0.877040        0.438520        0.438520    
     2.00448        0.876466        0.438233        0.438233    
     2.00540        0.876312        0.438156        0.438156    
     2.00632        0.876159        0.438079        0.438079    
     2.00979        0.875580        0.437790        0.437790    
     2.01431        0.874822        0.437411        0.437411    
     2.01778        0.874238        0.437119        0.437119    
     2.01870        0.874082        0.437041        0.437041    
     2.01962        0.873926        0.436963        0.436963    
     2.02309        0.873337        0.436669        0.436669    
     2.02761        0.872566        0.436283        0.436283    
     2.03108        0.871971        0.435986        0.435986    
     2.03200        0.871812        0.435906        0.435906    
     2.03292        0.871653        0.435827        0.435827    
     2.03639        0.871054        0.435527        0.435527    
     2.04091        0.870269        0.435134        0.435134    
     2.04438        0.869664        0.434832        0.434832    
     2.04530        0.869502        0.434751        0.434751    
     2.04622        0.869340        0.434670        0.434670    
     2.04969        0.868731        0.434365        0.434365    
     2.05421        0.867931        0.433965        0.433965    
     2.05768        0.867315        0.433657        0.433657    
     2.05860        0.867150        0.433575        0.433575    
     2.05952        0.866985        0.433493        0.433493    
     2.06299        0.866365        0.433182        0.433182    
     2.06751        0.865550        0.432775        0.432775    
     2.07098        0.864923        0.432462        0.432462    
     2.07190        0.864755        0.432378        0.432378    
     2.07282        0.864587        0.432294        0.432294    
     2.07629        0.863955        0.431978        0.431978    
     2.08081        0.863126        0.431563        0.431563    
     2.08428        0.862487        0.431244        0.431244    
     2.08520        0.862316        0.431158        0.431158    
     2.08612        0.862145        0.431073        0.431073    
     2.08959        0.861502        0.430751        0.430751    
     2.09411        0.860657        0.430328        0.430328    
     2.09758        0.860006        0.430003        0.430003    
     2.09850        0.859832        0.429916        0.429916    
     2.09942        0.859658        0.429829        0.429829    
     2.10289        0.859002        0.429501        0.429501    
     2.10741        0.858141        0.429071        0.429071    
     2.11088        0.857478        0.428739        0.428739    
     2.11180        0.857300        0.428650        0.428650    
     2.11272        0.857123        0.428561        0.428561    
     2.11619        0.856454        0.428227        0.428227    
     2.12071        0.855577        0.427789        0.427789    
     2.12418        0.854901        0.427451        0.427451    
     2.12510        0.854720        0.427360        0.427360    
     2.12602        0.854539        0.427270        0.427270    
     2.12949        0.853858        0.426929        0.426929    
     2.13401        0.852964        0.426482        0.426482    
     2.13748        0.852275        0.426137        0.426137    
     2.13840        0.852090        0.426045        0.426045    
     2.13932        0.851906        0.425953        0.425953    
     2.14279        0.851211        0.425606        0.425606    
     2.14731        0.850300        0.425150        0.425150    
     2.15078        0.849597        0.424798        0.424798    
     2.15170        0.849409        0.424704        0.424704    
     2.15262        0.849221        0.424610        0.424610    
     2.15609        0.848512        0.424256        0.424256    
     2.16061        0.847582        0.423791        0.423791    
     2.16408        0.846865        0.423433        0.423433    
     2.16500        0.846674        0.423337        0.423337    
     2.16592        0.846482        0.423241        0.423241    
     2.16939        0.845759        0.422880        0.422880    
     2.17391        0.844810        0.422405        0.422405    
     2.17738        0.844079        0.422039        0.422039    
     2.17830        0.843883        0.421942        0.421942    
     2.17922        0.843687        0.421844        0.421844    
     2.18269        0.842950        0.421475        0.421475    
     2.18721        0.841982        0.420991        0.420991    
     2.19068        0.841235        0.420618        0.420618    
     2.19160        0.841036        0.420518        0.420518    
     2.19252        0.840836        0.420418        0.420418    
     2.19599        0.840083        0.420041        0.420041    
     2.20051        0.839095        0.419547        0.419547    
     2.20398        0.838332        0.419166        0.419166    
     2.20490        0.838129        0.419064        0.419064    
     2.20582        0.837925        0.418962        0.418962    
     2.20929        0.837156        0.418578        0.418578    
     2.21381        0.836147        0.418073        0.418073    
     2.21728        0.835368        0.417684        0.417684    
     2.21820        0.835160        0.417580        0.417580    
     2.21912        0.834952        0.417476        0.417476    
     2.22259        0.834167        0.417083        0.417083    
     2.22711        0.833136        0.416568        0.416568    
     2.23058        0.832340        0.416170        0.416170    
     2.23150        0.832128        0.416064        0.416064    
     2.23242        0.831915        0.415957        0.415957    
     2.23589        0.831113        0.415556        0.415556    
     2.24041        0.830059        0.415030        0.415030    
     2.24388        0.829246        0.414623        0.414623    
     2.24480        0.829029        0.414515        0.414515    
     2.24572        0.828811        0.414406        0.414406    
     2.24919        0.827992        0.413996        0.413996    
     2.25371        0.826915        0.413457        0.413457    
     2.25718        0.826084        0.413042        0.413042    
     2.25810        0.825861        0.412931        0.412931    
     2.25902        0.825639        0.412819        0.412819    
     2.26249        0.824800        0.412400        0.412400    
     2.26701        0.823699        0.411850        0.411850    
     2.27048        0.822849        0.411425        0.411425    
     2.27140        0.822622        0.411311        0.411311    
     2.27232        0.822394        0.411197        0.411197    
     2.27579        0.821537        0.410768        0.410768    
     2.28031        0.820410        0.410205        0.410205    
     2.28378        0.819540        0.409770        0.409770    
     2.28470        0.819308        0.409654        0.409654    
     2.28562        0.819075        0.409537        0.409537    
     2.28909        0.818197        0.409099        0.409099    
     2.29361        0.817044        0.408522        0.408522    
     2.29708        0.816154        0.408077        0.408077    
     2.29800        0.815916        0.407958        0.407958    
     2.29892        0.815677        0.407839        0.407839    
     2.30239        0.814779        0.407389        0.407389    
     2.30691        0.813598        0.406799        0.406799    
     2.31038        0.812686        0.406343        0.406343    
     2.31130        0.812442        0.406221        0.406221    
     2.31222        0.812198        0.406099        0.406099    
     2.31569        0.811277        0.405639        0.405639    
     2.32021        0.810067        0.405034        0.405034    
     2.32368        0.809133        0.404567        0.404567    
     2.32460        0.808883        0.404442        0.404442    
     2.32552        0.808633        0.404317        0.404317    
     2.32899        0.807690        0.403845        0.403845    
     2.33351        0.806450        0.403225        0.403225    
     2.33698        0.805492        0.402746        0.402746    
     2.33790        0.805236        0.402618        0.402618    
     2.33882        0.804979        0.402490        0.402490    
     2.34229        0.804012        0.402006        0.402006    
     2.34681        0.802740        0.401370        0.401370    
     2.35028        0.801758        0.400879        0.400879    
     2.35120        0.801495        0.400747        0.400747    
     2.35212        0.801231        0.400616        0.400616    
     2.35559        0.800239        0.400119        0.400119    
     2.36011        0.798934        0.399467        0.399467    
     2.36358        0.797926        0.398963        0.398963    
     2.36450        0.797656        0.398828        0.398828    
     2.36542        0.797386        0.398693        0.398693    
     2.36889        0.796367        0.398183        0.398183    
     2.37341        0.795027        0.397513        0.397513    
     2.37688        0.793991        0.396996        0.396996    
     2.37780        0.793714        0.396857        0.396857    
     2.37872        0.793436        0.396718        0.396718    
     2.38219        0.792390        0.396195        0.396195    
     2.38671        0.791013        0.395506        0.395506    
     2.39018        0.789949        0.394974        0.394974    
     2.39110        0.789664        0.394832        0.394832    
     2.39202        0.789379        0.394689        0.394689    
     2.39549        0.788303        0.394151        0.394151    
     2.40001        0.786887        0.393444        0.393444    
     2.40348        0.785793        0.392897        0.392897    
     2.40440        0.785500        0.392750        0.392750    
     2.40532        0.785207        0.392603        0.392603    
     2.40879        0.784100        0.392050        0.392050    
     2.41331        0.782643        0.391322        0.391322    
     2.41678        0.781517        0.390759        0.390759    
     2.41770        0.781216        0.390608        0.390608    
     2.41862        0.780914        0.390457        0.390457    
     2.42209        0.779774        0.389887        0.389887    
     2.42661        0.778274        0.389137        0.389137    
     2.43008        0.777115        0.388557        0.388557    
     2.43100        0.776804        0.388402        0.388402    
     2.43192        0.776493        0.388246        0.388246    
     2.43539        0.775319        0.387659        0.387659    
     2.43991        0.773773        0.386887        0.386887    
     2.44338        0.772577        0.386289        0.386289    
     2.44430        0.772257        0.386129        0.386129    
     2.44522        0.771936        0.385968        0.385968    
     2.44869        0.770726        0.385363        0.385363    
     2.45321        0.769131        0.384566        0.384566    
     2.45668        0.767898        0.383949        0.383949    
     2.45760        0.767567        0.383784        0.383784    
     2.45852        0.767236        0.383618        0.383618    
     2.46199        0.765987        0.382993        0.382993    
     2.46651        0.764341        0.382170        0.382170    
     2.46998        0.763066        0.381533        0.381533    
     2.47090        0.762725        0.381363        0.381363    
     2.47182        0.762383        0.381191        0.381191    
     2.47529        0.761092        0.380546        0.380546    
     2.47981        0.759391        0.379695        0.379695    
     2.48328        0.758073        0.379037        0.379037    
     2.48420        0.757720        0.378860        0.378860    
     2.48512        0.757366        0.378683        0.378683    
     2.48859        0.756031        0.378016        0.378016    
     2.49311        0.754271        0.377135        0.377135    
     2.49658        0.752907        0.376454        0.376454    
     2.49750        0.752542        0.376271        0.376271    
     2.49842        0.752175        0.376088        0.376088    
     2.50189        0.750792        0.375396        0.375396    
     2.50641        0.748969        0.374484        0.374484    
     2.50988        0.747556        0.373778        0.373778    
     2.51080        0.747177        0.373588        0.373588    
     2.51172        0.746797        0.373398        0.373398    
     2.51519        0.745363        0.372682        0.372682    
     2.51971        0.743471        0.371736        0.371736    
     2.52318        0.742005        0.371002        0.371002    
     2.52410        0.741612        0.370806        0.370806    
     2.52502        0.741217        0.370609        0.370609    
     2.52849        0.739728        0.369864        0.369864    
     2.53301        0.737763        0.368882        0.368882    
     2.53648        0.736239        0.368120        0.368120    
     2.53740        0.735830        0.367915        0.367915    
     2.53832        0.735420        0.367710        0.367710    
     2.54179        0.733872        0.366936        0.366936    
     2.54631        0.731827        0.365914        0.365914    
     2.54978        0.730241        0.365120        0.365120    
     2.55070        0.729815        0.364908        0.364908    
     2.55162        0.729389        0.364694        0.364694    
     2.55509        0.727776        0.363888        0.363888    
     2.55961        0.725645        0.362822        0.362822    
     2.56308        0.723990        0.361995        0.361995    
     2.56400        0.723546        0.361773        0.361773    
     2.56492        0.723101        0.361551        0.361551    
     2.56839        0.721418        0.360709        0.360709    
     2.57291        0.719193        0.359596        0.359596    
     2.57638        0.717464        0.358732        0.358732    
     2.57730        0.717001        0.358500        0.358500    
     2.57822        0.716535        0.358268        0.358268    
     2.58169        0.714775        0.357388        0.357388    
     2.58621        0.712447        0.356223        0.356223    
     2.58968        0.710637        0.355319        0.355319    
     2.59060        0.710151        0.355076        0.355076    
     2.59152        0.709663        0.354832        0.354832    
     2.59499        0.707819        0.353909        0.353909    
     2.59951        0.705377        0.352689        0.352689    
     2.60298        0.703478        0.351739        0.351739    
     2.60390        0.702967        0.351484        0.351484    
     2.60482        0.702455        0.351228        0.351228    
     2.60829        0.700517        0.350259        0.350259    
     2.61281        0.697950        0.348975        0.348975    
     2.61628        0.695951        0.347975        0.347975    
     2.61720        0.695413        0.347707        0.347707    
     2.61812        0.694874        0.347437        0.347437    
     2.62159        0.692832        0.346416        0.346416    
     2.62611        0.690125        0.345062        0.345062    
     2.62958        0.688014        0.344007        0.344007    
     2.63050        0.687447        0.343724        0.343724    
     2.63142        0.686877        0.343439        0.343439    
     2.63489        0.684719        0.342360        0.342360    
     2.63941        0.681854        0.340927        0.340927    
     2.64288        0.679619        0.339809        0.339809    
     2.64380        0.679018        0.339509        0.339509    
     2.64472        0.678414        0.339207        0.339207    
     2.64819        0.676124        0.338062        0.338062    
     2.65271        0.673081        0.336541        0.336541    
     2.65618        0.670704        0.335352        0.335352    
     2.65710        0.670064        0.335032        0.335032    
     2.65802        0.669421        0.334711        0.334711    
     2.66149        0.666982        0.333491        0.333491    
     2.66601        0.663736        0.331868        0.331868    
     2.66948        0.661197        0.330598        0.330598    
     2.67040        0.660512        0.330256        0.330256    
     2.67132        0.659825        0.329912        0.329912    
     2.67479        0.657214        0.328607        0.328607    
     2.67931        0.653733        0.326866        0.326866    
     2.68278        0.651006        0.325503        0.325503    
     2.68370        0.650270        0.325135        0.325135    
     2.68462        0.649530        0.324765        0.324765    
     2.68809        0.646719        0.323360        0.323360    
     2.69261        0.642964        0.321482        0.321482    
     2.69608        0.640016        0.320008        0.320008    
     2.69700        0.639220        0.319610        0.319610    
     2.69792        0.638419        0.319209        0.319209    
     2.70139        0.635371        0.317686        0.317686    
     2.70591        0.631291        0.315645        0.315645    
     2.70938        0.628079        0.314040        0.314040    
     2.71030        0.627211        0.313605        0.313605    
     2.71122        0.626337        0.313168        0.313168    
     2.71469        0.623005        0.311503        0.311503    
     2.71921        0.618532        0.309266        0.309266    
     2.72268        0.615000        0.307500        0.307500    
     2.72360        0.614043        0.307022        0.307022    
     2.72452        0.613079        0.306540        0.306540    
     2.72799        0.609399        0.304700        0.304700    
     2.73251        0.604440        0.302220        0.302220    
     2.73598        0.600509        0.300255        0.300255    
     2.73690        0.599442        0.299721        0.299721    
     2.73782        0.598366        0.299183        0.299183    
     2.74129        0.594246        0.297123        0.297123    
     2.74581        0.588669        0.294334        0.294334    
     2.74928        0.584225        0.292113        0.292113    
     2.75020        0.583015        0.291508        0.291508    
     2.75112        0.581793        0.290897        0.290897    
     2.75459        0.577101        0.288551        0.288551    
     2.75911        0.570707        0.285354        0.285354    
     2.76258        0.565577        0.282789        0.282789    
     2.76350        0.564174        0.282087        0.282087    
     2.76442        0.562755        0.281377        0.281377    
     2.76789        0.557280        0.278640        0.278640    
     2.77241        0.549749        0.274875        0.274875    
     2.77588        0.543645        0.271823        0.271823    
     2.77680        0.541965        0.270983        0.270983    
     2.77772        0.540261        0.270131        0.270131    
     2.78119        0.533641        0.266821        0.266821    
     2.78571        0.524405        0.262203        0.262203    
     2.78918        0.516794        0.258397        0.258397    
     2.79010        0.514678        0.257339        0.257339    
     2.79102        0.512522        0.256261        0.256261    
     2.79449        0.504044        0.252022        0.252022    
     2.79901        0.491914        0.245957        0.245957    
     2.80248        0.481608        0.240804        0.240804    
     2.80340        0.478686        0.239343        0.239343    
     2.80432        0.475681        0.237841        0.237841    
     2.80779        0.463565        0.231783        0.231783    
     2.81231        0.445223        0.222611        0.222611    
     2.81578        0.428403        0.214202        0.214202    
     2.81670        0.423369        0.211685        0.211685    
     2.81762        0.418046        0.209023        0.209023    
     2.82109        0.394683        0.197341        0.197341    
     2.82561        0.349213        0.174607        0.174607    
     2.82908        0.269099        0.134549        0.134549    
     2.83000        0.500000E-01    0.250000E-01    0.250000E-01
     2.83000         0.00000         0.00000         0.00000    
     2.83030         0.00000         0.00000         0.00000    
     2.83140         0.00000         0.00000         0.00000    
     2.83285         0.00000         0.00000         0.00000    
     2.83395         0.00000         0.00000         0.00000    
     2.83425         0.00000         0.00000         0.00000    
     2.83455         0.00000         0.00000         0.00000    
     2.83565         0.00000         0.00000         0.00000    
     2.83710         0.00000         0.00000         0.00000    
     2.83820         0.00000         0.00000         0.00000    
     2.83850         0.00000         0.00000         0.00000    
     2.83880         0.00000         0.00000         0.00000    
     2.83990         0.00000         0.00000         0.00000    
     2.84135         0.00000         0.00000         0.00000    
     2.84245         0.00000         0.00000         0.00000    
     2.84275         0.00000         0.00000         0.00000    
     2.84305         0.00000         0.00000         0.00000    
     2.84415         0.00000         0.00000         0.00000    
     2.84560         0.00000         0.00000         0.00000    
     2.84670         0.00000         0.00000         0.00000    
     2.84700         0.00000         0.00000         0.00000    
     2.84730         0.00000         0.00000         0.00000    
     2.84840         0.00000         0.00000         0.00000    
     2.84985         0.00000         0.00000         0.00000    
     2.85095         0.00000         0.00000         0.00000    
     2.85125         0.00000         0.00000         0.00000    
     2.85155         0.00000         0.00000         0.00000    
     2.85265         0.00000         0.00000         0.00000    
     2.85410         0.00000         0.00000         0.00000    
     2.85520         0.00000         0.00000         0.00000    
     2.85550         0.00000         0.00000         0.00000    
     2.85580         0.00000         0.00000         0.00000    
     2.85690         0.00000         0.00000         0.00000    
     2.85835         0.00000         0.00000         0.00000    
     2.85945         0.00000         0.00000         0.00000    
     2.85975         0.00000         0.00000         0.00000    
     2.86005         0.00000         0.00000         0.00000    
     2.86115         0.00000         0.00000         0.00000    
     2.86260         0.00000         0.00000         0.00000    
     2.86370         0.00000         0.00000         0.00000    
     2.86400         0.00000         0.00000         0.00000    
     2.86430         0.00000         0.00000         0.00000    
     2.86540         0.00000         0.00000         0.00000    
     2.86685         0.00000         0.00000         0.00000    
     2.86795         0.00000         0.00000         0.00000    
     2.86825         0.00000         0.00000         0.00000    
     2.86855         0.00000         0.00000         0.00000    
     2.86965         0.00000         0.00000         0.00000    
     2.87110         0.00000         0.00000         0.00000    
     2.87220         0.00000         0.00000         0.00000    
     2.87250         0.00000         0.00000         0.00000    
     2.87280         0.00000         0.00000         0.00000    
     2.87390         0.00000         0.00000         0.00000    
     2.87535         0.00000         0.00000         0.00000    
     2.87645         0.00000         0.00000         0.00000    
     2.87675         0.00000         0.00000         0.00000    
     2.87705         0.00000         0.00000         0.00000    
     2.87815         0.00000         0.00000         0.00000    
     2.87960         0.00000         0.00000         0.00000    
     2.88070         0.00000         0.00000         0.00000    
     2.88100         0.00000         0.00000         0.00000    
     2.88130         0.00000         0.00000         0.00000    
     2.88240         0.00000         0.00000         0.00000    
     2.88385         0.00000         0.00000         0.00000    
     2.88495         0.00000         0.00000         0.00000    
     2.88525         0.00000         0.00000         0.00000    
     2.88555         0.00000         0.00000         0.00000    
     2.88665         0.00000         0.00000         0.00000    
     2.88810         0.00000         0.00000         0.00000    
     2.88920         0.00000         0.00000         0.00000    
     2.88950         0.00000         0.00000         0.00000    
     2.88980         0.00000         0.00000         0.00000    
     2.89090         0.00000         0.00000         0.00000    
     2.89235         0.00000         0.00000         0.00000    
     2.89345         0.00000         0.00000         0.00000    
     2.89375         0.00000         0.00000         0.00000    
     2.89405         0.00000         0.00000         0.00000    
     2.89515         0.00000         0.00000         0.00000    
     2.89660         0.00000         0.00000         0.00000    
     2.89770         0.00000         0.00000         0.00000    
     2.89800         0.00000         0.00000         0.00000    
     2.89830         0.00000         0.00000         0.00000    
     2.89940         0.00000         0.00000         0.00000    
     2.90085         0.00000         0.00000         0.00000    
     2.90195         0.00000         0.00000         0.00000    
     2.90225         0.00000         0.00000         0.00000    
     2.90255         0.00000         0.00000         0.00000    
     2.90365         0.00000         0.00000         0.00000    
     2.90510         0.00000         0.00000         0.00000    
     2.90620         0.00000         0.00000         0.00000    
     2.90650         0.00000         0.00000         0.00000    
     2.90680         0.00000         0.00000         0.00000    
     2.90790         0.00000         0.00000         0.00000    
     2.90935         0.00000         0.00000         0.00000    
     2.91045         0.00000         0.00000         0.00000    
     2.91075         0.00000         0.00000         0.00000    
     2.91105         0.00000         0.00000         0.00000    
     2.91215         0.00000         0.00000         0.00000    
     2.91360         0.00000         0.00000         0.00000    
     2.91470         0.00000         0.00000         0.00000    
     2.91500         0.00000         0.00000         0.00000    
     2.91530         0.00000         0.00000         0.00000    
     2.91640         0.00000         0.00000         0.00000    
     2.91785         0.00000         0.00000         0.00000    
     2.91895         0.00000         0.00000         0.00000    
     2.91925         0.00000         0.00000         0.00000    
     2.91955         0.00000         0.00000         0.00000    
     2.92065         0.00000         0.00000         0.00000    
     2.92210         0.00000         0.00000         0.00000    
     2.92320         0.00000         0.00000         0.00000    
     2.92350         0.00000         0.00000         0.00000    
     2.92380         0.00000         0.00000         0.00000    
     2.92490         0.00000         0.00000         0.00000    
     2.92635         0.00000         0.00000         0.00000    
     2.92745         0.00000         0.00000         0.00000    
     2.92775         0.00000         0.00000         0.00000    
     2.92805         0.00000         0.00000         0.00000    
     2.92915         0.00000         0.00000         0.00000    
     2.93060         0.00000         0.00000         0.00000    
     2.93170         0.00000         0.00000         0.00000    
     2.93200         0.00000         0.00000         0.00000    
     2.93230         0.00000         0.00000         0.00000    
     2.93340         0.00000         0.00000         0.00000    
     2.93485         0.00000         0.00000         0.00000    
     2.93595         0.00000         0.00000         0.00000    
     2.93625         0.00000         0.00000         0.00000    
     2.93655         0.00000         0.00000         0.00000    
     2.93765         0.00000         0.00000         0.00000    
     2.93910         0.00000         0.00000         0.00000    
     2.94020         0.00000         0.00000         0.00000    
     2.94050         0.00000         0.00000         0.00000    
     2.94080         0.00000         0.00000         0.00000    
     2.94190         0.00000         0.00000         0.00000    
     2.94335         0.00000         0.00000         0.00000    
     2.94445         0.00000         0.00000         0.00000    
     2.94475         0.00000         0.00000         0.00000    
     2.94505         0.00000         0.00000         0.00000    
     2.94615         0.00000         0.00000         0.00000    
     2.94760         0.00000         0.00000         0.00000    
     2.94870         0.00000         0.00000         0.00000    
     2.94900         0.00000         0.00000         0.00000    
     2.94930         0.00000         0.00000         0.00000    
     2.95040         0.00000         0.00000         0.00000    
     2.95185         0.00000         0.00000         0.00000    
     2.95295         0.00000         0.00000         0.00000    
     2.95325         0.00000         0.00000         0.00000    
     2.95355         0.00000         0.00000         0.00000    
     2.95465         0.00000         0.00000         0.00000    
     2.95610         0.00000         0.00000         0.00000    
     2.95720         0.00000         0.00000         0.00000    
     2.95750         0.00000         0.00000         0.00000    
     2.95780         0.00000         0.00000         0.00000    
     2.95890         0.00000         0.00000         0.00000    
     2.96035         0.00000         0.00000         0.00000    
     2.96145         0.00000         0.00000         0.00000    
     2.96175         0.00000         0.00000         0.00000    
     2.96205         0.00000         0.00000         0.00000    
     2.96315         0.00000         0.00000         0.00000    
     2.96460         0.00000         0.00000         0.00000    
     2.96570         0.00000         0.00000         0.00000    
     2.96600         0.00000         0.00000         0.00000    
     2.96630         0.00000         0.00000         0.00000    
     2.96740         0.00000         0.00000         0.00000    
     2.96885         0.00000         0.00000         0.00000    
     2.96995         0.00000         0.00000         0.00000    
     2.97025         0.00000         0.00000         0.00000    
     2.97055         0.00000         0.00000         0.00000    
     2.97165         0.00000         0.00000         0.00000    
     2.97310         0.00000         0.00000         0.00000    
     2.97420         0.00000         0.00000         0.00000    
     2.97450         0.00000         0.00000         0.00000    
     2.97480         0.00000         0.00000         0.00000    
     2.97590         0.00000         0.00000         0.00000    
     2.97735         0.00000         0.00000         0.00000    
     2.97845         0.00000         0.00000         0.00000    
     2.97875         0.00000         0.00000         0.00000    
     2.97905         0.00000         0.00000         0.00000    
     2.98015         0.00000         0.00000         0.00000    
     2.98160         0.00000         0.00000         0.00000    
     2.98270         0.00000         0.00000         0.00000    
     2.98300         0.00000         0.00000         0.00000    
     2.98330         0.00000         0.00000         0.00000    
     2.98440         0.00000         0.00000         0.00000    
     2.98585         0.00000         0.00000         0.00000    
     2.98695         0.00000         0.00000         0.00000    
     2.98725         0.00000         0.00000         0.00000    
     2.98755         0.00000         0.00000         0.00000    
     2.98865         0.00000         0.00000         0.00000    
     2.99010         0.00000         0.00000         0.00000    
     2.99120         0.00000         0.00000         0.00000    
     2.99150         0.00000         0.00000         0.00000    
     2.99180         0.00000         0.00000         0.00000    
     2.99290         0.00000         0.00000         0.00000    
     2.99435         0.00000         0.00000         0.00000    
     2.99545         0.00000         0.00000         0.00000    
     2.99575         0.00000         0.00000         0.00000    
     2.99605         0.00000         0.00000         0.00000    
     2.99715         0.00000         0.00000         0.00000    
     2.99860         0.00000         0.00000         0.00000    
     2.99970         0.00000         0.00000         0.00000    
     3.00000         0.00000         0.00000         0.00000    
     3.00000         0.00000         0.00000         0.00000    
     3.00035         0.00000         0.00000         0.00000    
     3.00165         0.00000         0.00000         0.00000    
     3.00335         0.00000         0.00000         0.00000    
     3.00465         0.00000         0.00000         0.00000    
     3.00500         0.00000         0.00000         0.00000    
     3.00535         0.00000         0.00000         0.00000    
     3.00665         0.00000         0.00000         0.00000    
     3.00835         0.00000         0.00000         0.00000    
     3.00965         0.00000         0.00000         0.00000    
     3.01000         0.00000         0.00000         0.00000    
     3.01035         0.00000         0.00000         0.00000    
     3.01165         0.00000         0.00000         0.00000    
     3.01335         0.00000         0.00000         0.00000    
     3.01465         0.00000         0.00000         0.00000    
     3.01500         0.00000         0.00000         0.00000    
     3.01535         0.00000         0.00000         0.00000    
     3.01665         0.00000         0.00000         0.00000    
     3.01835         0.00000         0.00000         0.00000    
     3.01965         0.00000         0.00000         0.00000    
     3.02000         0.00000         0.00000         0.00000    
     3.02035         0.00000         0.00000         0.00000    
     3.02165         0.00000         0.00000         0.00000    
     3.02335         0.00000         0.00000         0.00000    
     3.02465         0.00000         0.00000         0.00000    
     3.02500         0.00000         0.00000         0.00000    
     3.02535         0.00000         0.00000         0.00000    
     3.02665         0.00000         0.00000         0.00000    
     3.02835         0.00000         0.00000         0.00000    
     3.02965         0.00000         0.00000         0.00000    
     3.03000         0.00000         0.00000         0.00000    
     3.03035         0.00000         0.00000         0.00000    
     3.03165         0.00000         0.00000         0.00000    
     3.03335         0.00000         0.00000         0.00000    
     3.03465         0.00000         0.00000         0.00000    
     3.03500         0.00000         0.00000         0.00000    
     3.03535         0.00000         0.00000         0.00000    
     3.03665         0.00000         0.00000         0.00000    
     3.03835         0.00000         0.00000         0.00000    
     3.03965         0.00000         0.00000         0.00000    
     3.04000         0.00000         0.00000         0.00000    
     3.04035         0.00000         0.00000         0.00000    
     3.04165         0.00000         0.00000         0.00000    
     3.04335         0.00000         0.00000         0.00000    
     3.04465         0.00000         0.00000         0.00000    
     3.04500         0.00000         0.00000         0.00000    
     3.04535         0.00000         0.00000         0.00000    
     3.04665         0.00000         0.00000         0.00000    
     3.04835         0.00000         0.00000         0.00000    
     3.04965         0.00000         0.00000         0.00000    
     3.05000         0.00000         0.00000         0.00000    
     3.05035         0.00000         0.00000         0.00000    
     3.05165         0.00000         0.00000         0.00000    
     3.05335         0.00000         0.00000         0.00000    
     3.05465         0.00000         0.00000         0.00000    
     3.05500         0.00000         0.00000         0.00000    
     3.05535         0.00000         0.00000         0.00000    
     3.05665         0.00000         0.00000         0.00000    
     3.05835         0.00000         0.00000         0.00000    
     3.05965         0.00000         0.00000         0.00000    
     3.06000         0.00000         0.00000         0.00000    
     3.06035         0.00000         0.00000         0.00000    
     3.06165         0.00000         0.00000         0.00000    
     3.06335         0.00000         0.00000         0.00000    
     3.06465         0.00000         0.00000         0.00000    
     3.06500         0.00000         0.00000         0.00000    
     3.06535         0.00000         0.00000         0.00000    
     3.06665         0.00000         0.00000         0.00000    
     3.06835         0.00000         0.00000         0.00000    
     3.06965         0.00000         0.00000         0.00000    
     3.07000         0.00000         0.00000         0.00000    
     3.07035         0.00000         0.00000         0.00000    
     3.07165         0.00000         0.00000         0.00000    
     3.07335         0.00000         0.00000         0.00000    
     3.07465         0.00000         0.00000         0.00000    
     3.07500         0.00000         0.00000         0.00000    
     3.07535         0.00000         0.00000         0.00000    
     3.07665         0.00000         0.00000         0.00000    
     3.07835         0.00000         0.00000         0.00000    
     3.07965         0.00000         0.00000         0.00000    
     3.08000         0.00000         0.00000         0.00000    
     3.08035         0.00000         0.00000         0.00000    
     3.08165         0.00000         0.00000         0.00000    
     3.08335         0.00000         0.00000         0.00000    
     3.08465         0.00000         0.00000         0.00000    
     3.08500         0.00000         0.00000         0.00000    
     3.08535         0.00000         0.00000         0.00000    
     3.08665         0.00000         0.00000         0.00000    
     3.08835         0.00000         0.00000         0.00000    
     3.08965         0.00000         0.00000         0.00000    
     3.09000         0.00000         0.00000         0.00000    
     3.09035         0.00000         0.00000         0.00000    
     3.09165         0.00000         0.00000         0.00000    
     3.09335         0.00000         0.00000         0.00000    
     3.09465         0.00000         0.00000         0.00000    
     3.09500         0.00000         0.00000         0.00000    
     3.09535         0.00000         0.00000         0.00000    
     3.09665         0.00000         0.00000         0.00000    
     3.09835         0.00000         0.00000         0.00000    
     3.09965         0.00000         0.00000         0.00000    
     3.10000         0.00000         0.00000         0.00000    
     3.10035         0.00000         0.00000         0.00000    
     3.10165         0.00000         0.00000         0.00000    
     3.10335         0.00000         0.00000         0.00000    
     3.10465         0.00000         0.00000         0.00000    
     3.10500         0.00000         0.00000         0.00000    
     3.10535         0.00000         0.00000         0.00000    
     3.10665         0.00000         0.00000         0.00000    
     3.10835         0.00000         0.00000         0.00000    
     3.10965         0.00000         0.00000         0.00000    
     3.11000         0.00000         0.00000         0.00000    
     3.11035         0.00000         0.00000         0.00000    
     3.11165         0.00000         0.00000         0.00000    
     3.11335         0.00000         0.00000         0.00000    
     3.11465         0.00000         0.00000         0.00000    
     3.11500         0.00000         0.00000         0.00000    
     3.11535         0.00000         0.00000         0.00000    
     3.11665         0.00000         0.00000         0.00000    
     3.11835         0.00000         0.00000         0.00000    
     3.11965         0.00000         0.00000         0.00000    
     3.12000         0.00000         0.00000         0.00000    
     3.12035         0.00000         0.00000         0.00000    
     3.12165         0.00000         0.00000         0.00000    
     3.12335         0.00000         0.00000         0.00000    
     3.12465         0.00000         0.00000         0.00000    
     3.12500         0.00000         0.00000         0.00000    
     3.12535         0.00000         0.00000         0.00000    
     3.12665         0.00000         0.00000         0.00000    
     3.12835         0.00000         0.00000         0.00000    
     3.12965         0.00000         0.00000         0.00000    
     3.13000         0.00000         0.00000         0.00000    
     3.13035         0.00000         0.00000         0.00000    
     3.13165         0.00000         0.00000         0.00000    
     3.13335         0.00000         0.00000         0.00000    
     3.13465         0.00000         0.00000         0.00000    
     3.13500         0.00000         0.00000         0.00000    
     3.13535         0.00000         0.00000         0.00000    
     3.13665         0.00000         0.00000         0.00000    
     3.13835         0.00000         0.00000         0.00000    
     3.13965         0.00000         0.00000         0.00000    
     3.14000         0.00000         0.00000         0.00000    
     3.14035         0.00000         0.00000         0.00000    
     3.14165         0.00000         0.00000         0.00000    
     3.14335         0.00000         0.00000         0.00000    
     3.14465         0.00000         0.00000         0.00000    
     3.14500         0.00000         0.00000         0.00000    
     3.14535         0.00000         0.00000         0.00000    
     3.14665         0.00000         0.00000         0.00000    
     3.14835         0.00000         0.00000         0.00000    
     3.14965         0.00000         0.00000         0.00000    
     3.15000         0.00000         0.00000         0.00000    
     3.15035         0.00000         0.00000         0.00000    
     3.15165         0.00000         0.00000         0.00000    
     3.15335         0.00000         0.00000         0.00000    
     3.15465         0.00000         0.00000         0.00000    
     3.15500         0.00000         0.00000         0.00000    
     3.15535         0.00000         0.00000         0.00000    
     3.15665         0.00000         0.00000         0.00000    
     3.15835         0.00000         0.00000         0.00000    
     3.15965         0.00000         0.00000         0.00000    
     3.16000         0.00000         0.00000         0.00000    
     3.16035         0.00000         0.00000         0.00000    
     3.16165         0.00000         0.00000         0.00000    
     3.16335         0.00000         0.00000         0.00000    
     3.16465         0.00000         0.00000         0.00000    
     3.16500         0.00000         0.00000         0.00000    
     3.16535         0.00000         0.00000         0.00000    
     3.16665         0.00000         0.00000         0.00000    
     3.16835         0.00000         0.00000         0.00000    
     3.16965         0.00000         0.00000         0.00000    
     3.17000         0.00000         0.00000         0.00000    
     3.17035         0.00000         0.00000         0.00000    
     3.17165         0.00000         0.00000         0.00000    
     3.17335         0.00000         0.00000         0.00000    
     3.17465         0.00000         0.00000         0.00000    
     3.17500         0.00000         0.00000         0.00000    
     3.17535         0.00000         0.00000         0.00000    
     3.17665         0.00000         0.00000         0.00000    
     3.17835         0.00000         0.00000         0.00000    
     3.17965         0.00000         0.00000         0.00000    
     3.18000         0.00000         0.00000         0.00000    
     3.18035         0.00000         0.00000         0.00000    
     3.18165         0.00000         0.00000         0.00000    
     3.18335         0.00000         0.00000         0.00000    
     3.18465         0.00000         0.00000         0.00000    
     3.18500         0.00000         0.00000         0.00000    
     3.18535         0.00000         0.00000         0.00000    
     3.18665         0.00000         0.00000         0.00000    
     3.18835         0.00000         0.00000         0.00000    
     3.18965         0.00000         0.00000         0.00000    
     3.19000         0.00000         0.00000         0.00000    
     3.19035         0.00000         0.00000         0.00000    
     3.19165         0.00000         0.00000         0.00000    
     3.19335         0.00000         0.00000         0.00000    
     3.19465         0.00000         0.00000         0.00000    
     3.19500         0.00000         0.00000         0.00000    
     3.19535         0.00000         0.00000         0.00000    
     3.19665         0.00000         0.00000         0.00000    
     3.19835         0.00000         0.00000         0.00000    
     3.19965         0.00000         0.00000         0.00000    
     3.20000         0.00000         0.00000         0.00000    
