 Poloidal flux derivative dPsi/dr
  rad  pla 
 1408 1006
 rho(m) dPsi/dr 
     0.00000         0.00000    
    0.138864E-02    0.391491E-01
    0.660019E-02    0.186096    
    0.133998E-01    0.377906    
    0.186114E-01    0.525018    
    0.200000E-01    0.564235    
    0.210276E-01    0.593262    
    0.248841E-01    0.702263    
    0.299159E-01    0.844635    
    0.337724E-01    0.953886    
    0.348000E-01    0.983017    
    0.358276E-01     1.01216    
    0.396841E-01     1.12162    
    0.447159E-01     1.26468    
    0.485724E-01     1.37452    
    0.496000E-01     1.40382    
    0.506276E-01     1.43313    
    0.544841E-01     1.54326    
    0.595159E-01     1.68727    
    0.633724E-01     1.79790    
    0.644000E-01     1.82741    
    0.654276E-01     1.85695    
    0.692841E-01     1.96794    
    0.743159E-01     2.11315    
    0.781724E-01     2.22475    
    0.792000E-01     2.25453    
    0.802276E-01     2.28433    
    0.840841E-01     2.39636    
    0.891159E-01     2.54297    
    0.929724E-01     2.65570    
    0.940000E-01     2.68578    
    0.950276E-01     2.71589    
    0.988841E-01     2.82911    
    0.103916         2.97732    
    0.107772         3.09130    
    0.108800         3.12172    
    0.109828         3.15218    
    0.113684         3.26669    
    0.118716         3.41664    
    0.122572         3.53198    
    0.123600         3.56278    
    0.124628         3.59360    
    0.128484         3.70951    
    0.133516         3.86131    
    0.137372         3.97809    
    0.138400         4.00927    
    0.139428         4.04048    
    0.143284         4.15785    
    0.148316         4.31158    
    0.152172         4.42985    
    0.153200         4.46143    
    0.154228         4.49303    
    0.158084         4.61191    
    0.163116         4.76761    
    0.166972         4.88739    
    0.168000         4.91938    
    0.169028         4.95139    
    0.172884         5.07178    
    0.177916         5.22946    
    0.181772         5.35076    
    0.182800         5.38315    
    0.183828         5.41557    
    0.187684         5.53747    
    0.192716         5.69712    
    0.196572         5.81992    
    0.197600         5.85271    
    0.198628         5.88552    
    0.202484         6.00892    
    0.207516         6.17049    
    0.211372         6.29476    
    0.212400         6.32794    
    0.213428         6.36114    
    0.217284         6.48599    
    0.222316         6.64943    
    0.226172         6.77512    
    0.227200         6.80868    
    0.228228         6.84225    
    0.232084         6.96850    
    0.237116         7.13375    
    0.240972         7.26080    
    0.242000         7.29471    
    0.243028         7.32865    
    0.246884         7.45623    
    0.251916         7.62320    
    0.255772         7.75155    
    0.256800         7.78581    
    0.257828         7.82009    
    0.261684         7.94894    
    0.266716         8.11754    
    0.270572         8.24713    
    0.271600         8.28171    
    0.272628         8.31631    
    0.276484         8.44637    
    0.281516         8.61651    
    0.285372         8.74725    
    0.286400         8.78214    
    0.287428         8.81705    
    0.291284         8.94824    
    0.296316         9.11983    
    0.300172         9.25166    
    0.301200         9.28683    
    0.302228         9.32203    
    0.306084         9.45428    
    0.311116         9.62722    
    0.314972         9.76008    
    0.316000         9.79552    
    0.317028         9.83098    
    0.320884         9.96422    
    0.325916         10.1384    
    0.329772         10.2722    
    0.330800         10.3079    
    0.331828         10.3436    
    0.335684         10.4778    
    0.340716         10.6532    
    0.344572         10.7879    
    0.345600         10.8238    
    0.346628         10.8598    
    0.350484         10.9948    
    0.355516         11.1713    
    0.359372         11.3068    
    0.360400         11.3429    
    0.361428         11.3791    
    0.365284         11.5149    
    0.370316         11.6924    
    0.374172         11.8287    
    0.375200         11.8651    
    0.376228         11.9014    
    0.380084         12.0380    
    0.385116         12.2164    
    0.388972         12.3534    
    0.390000         12.3899    
    0.391028         12.4265    
    0.394884         12.5637    
    0.399916         12.7431    
    0.403772         12.8807    
    0.404800         12.9174    
    0.405828         12.9541    
    0.409684         13.0920    
    0.414716         13.2721    
    0.418572         13.4103    
    0.419600         13.4472    
    0.420628         13.4841    
    0.424484         13.6225    
    0.429516         13.8034    
    0.433372         13.9422    
    0.434400         13.9792    
    0.435428         14.0162    
    0.439284         14.1551    
    0.444316         14.3367    
    0.448172         14.4759    
    0.449200         14.5131    
    0.450228         14.5502    
    0.454084         14.6896    
    0.459116         14.8718    
    0.462972         15.0115    
    0.464000         15.0487    
    0.465028         15.0860    
    0.468884         15.2258    
    0.473916         15.4085    
    0.477772         15.5485    
    0.478800         15.5859    
    0.479828         15.6232    
    0.483684         15.7635    
    0.488716         15.9466    
    0.492572         16.0870    
    0.493600         16.1244    
    0.494628         16.1618    
    0.498484         16.3024    
    0.503516         16.4859    
    0.507372         16.6266    
    0.508400         16.6641    
    0.509428         16.7016    
    0.513284         16.8424    
    0.518316         17.0261    
    0.522172         17.1671    
    0.523200         17.2046    
    0.524228         17.2422    
    0.528084         17.3832    
    0.533116         17.5672    
    0.536972         17.7083    
    0.538000         17.7458    
    0.539028         17.7834    
    0.542884         17.9246    
    0.547916         18.1087    
    0.551772         18.2499    
    0.552800         18.2875    
    0.553828         18.3252    
    0.557684         18.4664    
    0.562716         18.6506    
    0.566572         18.7918    
    0.567600         18.8295    
    0.568628         18.8671    
    0.572484         19.0083    
    0.577516         19.1925    
    0.581372         19.3337    
    0.582400         19.3713    
    0.583428         19.4090    
    0.587284         19.5501    
    0.592316         19.7343    
    0.596172         19.8754    
    0.597200         19.9130    
    0.598228         19.9506    
    0.602084         20.0916    
    0.607116         20.2756    
    0.610972         20.4165    
    0.612000         20.4541    
    0.613028         20.4916    
    0.616884         20.6325    
    0.621916         20.8162    
    0.625772         20.9569    
    0.626800         20.9944    
    0.627828         21.0319    
    0.631684         21.1725    
    0.636716         21.3559    
    0.640572         21.4963    
    0.641600         21.5337    
    0.642628         21.5712    
    0.646484         21.7115    
    0.651516         21.8944    
    0.655372         22.0345    
    0.656400         22.0718    
    0.657428         22.1091    
    0.661284         22.2490    
    0.666316         22.4314    
    0.670172         22.5711    
    0.671200         22.6083    
    0.672228         22.6455    
    0.676084         22.7850    
    0.681116         22.9668    
    0.684972         23.1060    
    0.686000         23.1430    
    0.687028         23.1801    
    0.690884         23.3191    
    0.695916         23.5002    
    0.699772         23.6388    
    0.700800         23.6757    
    0.701828         23.7126    
    0.705684         23.8511    
    0.710716         24.0314    
    0.714572         24.1694    
    0.715600         24.2062    
    0.716628         24.2429    
    0.720484         24.3807    
    0.725516         24.5602    
    0.729372         24.6975    
    0.730400         24.7341    
    0.731428         24.7707    
    0.735284         24.9077    
    0.740316         25.0863    
    0.744172         25.2229    
    0.745200         25.2593    
    0.746228         25.2956    
    0.750084         25.4320    
    0.755116         25.6095    
    0.758972         25.7454    
    0.760000         25.7815    
    0.761028         25.8177    
    0.764884         25.9532    
    0.769916         26.1296    
    0.773772         26.2646    
    0.774800         26.3006    
    0.775828         26.3365    
    0.779684         26.4711    
    0.784716         26.6465    
    0.788572         26.7806    
    0.789600         26.8163    
    0.790628         26.8519    
    0.794484         26.9857    
    0.799516         27.1598    
    0.803372         27.2929    
    0.804400         27.3284    
    0.805428         27.3638    
    0.809284         27.4966    
    0.814316         27.6694    
    0.818172         27.8016    
    0.819200         27.8368    
    0.820228         27.8719    
    0.824084         28.0037    
    0.829116         28.1752    
    0.832972         28.3063    
    0.834000         28.3412    
    0.835028         28.3761    
    0.838884         28.5068    
    0.843916         28.6769    
    0.847772         28.8070    
    0.848800         28.8416    
    0.849828         28.8762    
    0.853684         29.0058    
    0.858716         29.1745    
    0.862572         29.3034    
    0.863600         29.3377    
    0.864628         29.3720    
    0.868484         29.5005    
    0.873516         29.6677    
    0.877372         29.7955    
    0.878400         29.8295    
    0.879428         29.8635    
    0.883284         29.9908    
    0.888316         30.1565    
    0.892172         30.2831    
    0.893200         30.3168    
    0.894228         30.3504    
    0.898084         30.4766    
    0.903116         30.6407    
    0.906972         30.7661    
    0.908000         30.7994    
    0.909028         30.8328    
    0.912884         30.9577    
    0.917916         31.1202    
    0.921772         31.2443    
    0.922800         31.2774    
    0.923828         31.3104    
    0.927684         31.4340    
    0.932716         31.5949    
    0.936572         31.7178    
    0.937600         31.7505    
    0.938628         31.7831    
    0.942484         31.9055    
    0.947516         32.0647    
    0.951372         32.1863    
    0.952400         32.2186    
    0.953428         32.2509    
    0.957284         32.3720    
    0.962316         32.5295    
    0.966172         32.6498    
    0.967200         32.6818    
    0.968228         32.7137    
    0.972084         32.8335    
    0.977116         32.9892    
    0.980972         33.1082    
    0.982000         33.1398    
    0.983028         33.1714    
    0.986884         33.2899    
    0.991916         33.4438    
    0.995772         33.5614    
    0.996800         33.5927    
    0.997828         33.6240    
     1.00168         33.7410    
     1.00672         33.8932    
     1.01057         34.0095    
     1.01160         34.0404    
     1.01263         34.0713    
     1.01648         34.1870    
     1.02152         34.3374    
     1.02537         34.4522    
     1.02640         34.4828    
     1.02743         34.5133    
     1.03128         34.6276    
     1.03632         34.7762    
     1.04017         34.8896    
     1.04120         34.9198    
     1.04223         34.9500    
     1.04608         35.0629    
     1.05112         35.2096    
     1.05497         35.3217    
     1.05600         35.3515    
     1.05703         35.3812    
     1.06088         35.4927    
     1.06592         35.6376    
     1.06977         35.7483    
     1.07080         35.7777    
     1.07183         35.8071    
     1.07568         35.9171    
     1.08072         36.0602    
     1.08457         36.1694    
     1.08560         36.1984    
     1.08663         36.2274    
     1.09048         36.3361    
     1.09552         36.4772    
     1.09937         36.5850    
     1.10040         36.6136    
     1.10143         36.6423    
     1.10528         36.7494    
     1.11032         36.8887    
     1.11417         36.9950    
     1.11520         37.0233    
     1.11623         37.0515    
     1.12008         37.1573    
     1.12512         37.2946    
     1.12897         37.3995    
     1.13000         37.4274    
     1.13103         37.4552    
     1.13488         37.5595    
     1.13992         37.6950    
     1.14377         37.7983    
     1.14480         37.8258    
     1.14583         37.8533    
     1.14968         37.9561    
     1.15472         38.0896    
     1.15857         38.1916    
     1.15960         38.2186    
     1.16063         38.2457    
     1.16448         38.3470    
     1.16952         38.4787    
     1.17337         38.5791    
     1.17440         38.6058    
     1.17543         38.6325    
     1.17928         38.7323    
     1.18432         38.8620    
     1.18817         38.9609    
     1.18920         38.9872    
     1.19023         39.0135    
     1.19408         39.1119    
     1.19912         39.2396    
     1.20297         39.3371    
     1.20400         39.3630    
     1.20503         39.3888    
     1.20888         39.4857    
     1.21392         39.6115    
     1.21777         39.7074    
     1.21880         39.7329    
     1.21983         39.7584    
     1.22368         39.8538    
     1.22872         39.9776    
     1.23257         40.0720    
     1.23360         40.0971    
     1.23463         40.1222    
     1.23848         40.2161    
     1.24352         40.3379    
     1.24737         40.4309    
     1.24840         40.4556    
     1.24943         40.4802    
     1.25328         40.5726    
     1.25832         40.6925    
     1.26217         40.7839    
     1.26320         40.8082    
     1.26423         40.8325    
     1.26808         40.9233    
     1.27312         41.0412    
     1.27697         41.1311    
     1.27800         41.1550    
     1.27903         41.1788    
     1.28288         41.2681    
     1.28792         41.3840    
     1.29177         41.4724    
     1.29280         41.4959    
     1.29383         41.5194    
     1.29768         41.6071    
     1.30272         41.7211    
     1.30657         41.8079    
     1.30760         41.8310    
     1.30863         41.8540    
     1.31248         41.9403    
     1.31752         42.0522    
     1.32137         42.1375    
     1.32240         42.1602    
     1.32343         42.1828    
     1.32728         42.2675    
     1.33232         42.3774    
     1.33617         42.4612    
     1.33720         42.4835    
     1.33823         42.5057    
     1.34208         42.5889    
     1.34712         42.6968    
     1.35097         42.7790    
     1.35200         42.8009    
     1.35303         42.8227    
     1.35688         42.9043    
     1.36192         43.0102    
     1.36577         43.0909    
     1.36680         43.1123    
     1.36783         43.1337    
     1.37168         43.2138    
     1.37672         43.3176    
     1.38057         43.3968    
     1.38160         43.4178    
     1.38263         43.4388    
     1.38648         43.5173    
     1.39152         43.6191    
     1.39537         43.6967    
     1.39640         43.7173    
     1.39743         43.7379    
     1.40128         43.8148    
     1.40632         43.9146    
     1.41017         43.9906    
     1.41120         44.0108    
     1.41223         44.0310    
     1.41608         44.1064    
     1.42112         44.2041    
     1.42497         44.2786    
     1.42600         44.2984    
     1.42703         44.3181    
     1.43088         44.3919    
     1.43592         44.4877    
     1.43977         44.5605    
     1.44080         44.5799    
     1.44183         44.5992    
     1.44568         44.6715    
     1.45072         44.7651    
     1.45457         44.8365    
     1.45560         44.8554    
     1.45663         44.8743    
     1.46048         44.9450    
     1.46552         45.0366    
     1.46937         45.1063    
     1.47040         45.1248    
     1.47143         45.1433    
     1.47528         45.2124    
     1.48032         45.3020    
     1.48417         45.3701    
     1.48520         45.3882    
     1.48623         45.4063    
     1.49008         45.4738    
     1.49512         45.5613    
     1.49897         45.6279    
     1.50000         45.6455    
     1.50092         45.6614    
     1.50439         45.7207    
     1.50891         45.7975    
     1.51238         45.8560    
     1.51330         45.8716    
     1.51422         45.8871    
     1.51769         45.9451    
     1.52221         46.0203    
     1.52568         46.0775    
     1.52660         46.0927    
     1.52752         46.1079    
     1.53099         46.1646    
     1.53551         46.2381    
     1.53898         46.2940    
     1.53990         46.3089    
     1.54082         46.3237    
     1.54429         46.3791    
     1.54881         46.4510    
     1.55228         46.5056    
     1.55320         46.5201    
     1.55412         46.5346    
     1.55759         46.5887    
     1.56211         46.6589    
     1.56558         46.7122    
     1.56650         46.7264    
     1.56742         46.7405    
     1.57089         46.7934    
     1.57541         46.8618    
     1.57888         46.9139    
     1.57980         46.9277    
     1.58072         46.9415    
     1.58419         46.9931    
     1.58871         47.0598    
     1.59218         47.1106    
     1.59310         47.1241    
     1.59402         47.1375    
     1.59749         47.1878    
     1.60201         47.2528    
     1.60548         47.3023    
     1.60640         47.3154    
     1.60732         47.3285    
     1.61079         47.3775    
     1.61531         47.4408    
     1.61878         47.4890    
     1.61970         47.5018    
     1.62062         47.5145    
     1.62409         47.5622    
     1.62861         47.6239    
     1.63208         47.6707    
     1.63300         47.6832    
     1.63392         47.6956    
     1.63739         47.7419    
     1.64191         47.8019    
     1.64538         47.8475    
     1.64630         47.8595    
     1.64722         47.8716    
     1.65069         47.9166    
     1.65521         47.9749    
     1.65868         48.0192    
     1.65960         48.0309    
     1.66052         48.0426    
     1.66399         48.0863    
     1.66851         48.1429    
     1.67198         48.1858    
     1.67290         48.1972    
     1.67382         48.2086    
     1.67729         48.2510    
     1.68181         48.3058    
     1.68528         48.3475    
     1.68620         48.3585    
     1.68712         48.3695    
     1.69059         48.4106    
     1.69511         48.4638    
     1.69858         48.5041    
     1.69950         48.5148    
     1.70042         48.5254    
     1.70389         48.5652    
     1.70841         48.6166    
     1.71188         48.6557    
     1.71280         48.6660    
     1.71372         48.6763    
     1.71719         48.7148    
     1.72171         48.7645    
     1.72518         48.8022    
     1.72610         48.8122    
     1.72702         48.8221    
     1.73049         48.8593    
     1.73501         48.9073    
     1.73848         48.9436    
     1.73940         48.9533    
     1.74032         48.9629    
     1.74379         48.9987    
     1.74831         49.0450    
     1.75178         49.0800    
     1.75270         49.0893    
     1.75362         49.0986    
     1.75709         49.1331    
     1.76161         49.1776    
     1.76508         49.2113    
     1.76600         49.2203    
     1.76692         49.2292    
     1.77039         49.2624    
     1.77491         49.3052    
     1.77838         49.3376    
     1.77930         49.3461    
     1.78022         49.3547    
     1.78369         49.3866    
     1.78821         49.4276    
     1.79168         49.4587    
     1.79260         49.4669    
     1.79352         49.4751    
     1.79699         49.5057    
     1.80151         49.5450    
     1.80498         49.5748    
     1.80590         49.5826    
     1.80682         49.5905    
     1.81029         49.6197    
     1.81481         49.6573    
     1.81828         49.6857    
     1.81920         49.6932    
     1.82012         49.7007    
     1.82359         49.7286    
     1.82811         49.7645    
     1.83158         49.7916    
     1.83250         49.7987    
     1.83342         49.8059    
     1.83689         49.8324    
     1.84141         49.8666    
     1.84488         49.8923    
     1.84580         49.8991    
     1.84672         49.9059    
     1.85019         49.9311    
     1.85471         49.9635    
     1.85818         49.9880    
     1.85910         49.9944    
     1.86002         50.0008    
     1.86349         50.0247    
     1.86801         50.0554    
     1.87148         50.0785    
     1.87240         50.0846    
     1.87332         50.0906    
     1.87679         50.1132    
     1.88131         50.1421    
     1.88478         50.1638    
     1.88570         50.1696    
     1.88662         50.1753    
     1.89009         50.1965    
     1.89461         50.2237    
     1.89808         50.2441    
     1.89900         50.2495    
     1.89992         50.2548    
     1.90339         50.2747    
     1.90791         50.3001    
     1.91138         50.3192    
     1.91230         50.3242    
     1.91322         50.3292    
     1.91669         50.3478    
     1.92121         50.3715    
     1.92468         50.3892    
     1.92560         50.3939    
     1.92652         50.3985    
     1.92999         50.4157    
     1.93451         50.4376    
     1.93798         50.4540    
     1.93890         50.4583    
     1.93982         50.4626    
     1.94329         50.4785    
     1.94781         50.4986    
     1.95128         50.5137    
     1.95220         50.5177    
     1.95312         50.5216    
     1.95659         50.5361    
     1.96111         50.5545    
     1.96458         50.5682    
     1.96550         50.5718    
     1.96642         50.5754    
     1.96989         50.5886    
     1.97441         50.6052    
     1.97788         50.6176    
     1.97880         50.6208    
     1.97972         50.6240    
     1.98319         50.6359    
     1.98771         50.6508    
     1.99118         50.6618    
     1.99210         50.6647    
     1.99302         50.6675    
     1.99649         50.6780    
     2.00101         50.6912    
     2.00448         50.7008    
     2.00540         50.7034    
     2.00632         50.7058    
     2.00979         50.7150    
     2.01431         50.7264    
     2.01778         50.7347    
     2.01870         50.7369    
     2.01962         50.7390    
     2.02309         50.7468    
     2.02761         50.7564    
     2.03108         50.7634    
     2.03200         50.7652    
     2.03292         50.7670    
     2.03639         50.7734    
     2.04091         50.7813    
     2.04438         50.7869    
     2.04530         50.7883    
     2.04622         50.7898    
     2.04969         50.7948    
     2.05421         50.8010    
     2.05768         50.8052    
     2.05860         50.8063    
     2.05952         50.8074    
     2.06299         50.8111    
     2.06751         50.8155    
     2.07098         50.8184    
     2.07190         50.8191    
     2.07282         50.8198    
     2.07629         50.8222    
     2.08081         50.8248    
     2.08428         50.8263    
     2.08520         50.8267    
     2.08612         50.8270    
     2.08959         50.8281    
     2.09411         50.8289    
     2.09758         50.8291    
     2.09850         50.8291    
     2.09942         50.8291    
     2.10289         50.8288    
     2.10741         50.8278    
     2.11088         50.8267    
     2.11180         50.8263    
     2.11272         50.8259    
     2.11619         50.8243    
     2.12071         50.8215    
     2.12418         50.8191    
     2.12510         50.8183    
     2.12602         50.8176    
     2.12949         50.8146    
     2.13401         50.8101    
     2.13748         50.8062    
     2.13840         50.8051    
     2.13932         50.8040    
     2.14279         50.7996    
     2.14731         50.7934    
     2.15078         50.7882    
     2.15170         50.7868    
     2.15262         50.7853    
     2.15609         50.7795    
     2.16061         50.7715    
     2.16408         50.7650    
     2.16500         50.7632    
     2.16592         50.7613    
     2.16939         50.7542    
     2.17391         50.7444    
     2.17738         50.7365    
     2.17830         50.7343    
     2.17922         50.7322    
     2.18269         50.7237    
     2.18721         50.7121    
     2.19068         50.7029    
     2.19160         50.7003    
     2.19252         50.6978    
     2.19599         50.6880    
     2.20051         50.6746    
     2.20398         50.6640    
     2.20490         50.6611    
     2.20582         50.6582    
     2.20929         50.6470    
     2.21381         50.6319    
     2.21728         50.6199    
     2.21820         50.6167    
     2.21912         50.6134    
     2.22259         50.6008    
     2.22711         50.5840    
     2.23058         50.5706    
     2.23150         50.5670    
     2.23242         50.5634    
     2.23589         50.5495    
     2.24041         50.5308    
     2.24388         50.5161    
     2.24480         50.5121    
     2.24572         50.5081    
     2.24919         50.4929    
     2.25371         50.4724    
     2.25718         50.4564    
     2.25810         50.4520    
     2.25902         50.4477    
     2.26249         50.4310    
     2.26701         50.4088    
     2.27048         50.3914    
     2.27140         50.3867    
     2.27232         50.3820    
     2.27579         50.3640    
     2.28031         50.3400    
     2.28378         50.3212    
     2.28470         50.3161    
     2.28562         50.3111    
     2.28909         50.2917    
     2.29361         50.2660    
     2.29708         50.2458    
     2.29800         50.2404    
     2.29892         50.2349    
     2.30239         50.2142    
     2.30691         50.1867    
     2.31038         50.1652    
     2.31130         50.1594    
     2.31222         50.1536    
     2.31569         50.1315    
     2.32021         50.1022    
     2.32368         50.0793    
     2.32460         50.0731    
     2.32552         50.0670    
     2.32899         50.0435    
     2.33351         50.0124    
     2.33698         49.9882    
     2.33790         49.9817    
     2.33882         49.9751    
     2.34229         49.9504    
     2.34681         49.9175    
     2.35028         49.8919    
     2.35120         49.8850    
     2.35212         49.8781    
     2.35559         49.8519    
     2.36011         49.8173    
     2.36358         49.7903    
     2.36450         49.7831    
     2.36542         49.7758    
     2.36889         49.7483    
     2.37341         49.7119    
     2.37688         49.6835    
     2.37780         49.6759    
     2.37872         49.6683    
     2.38219         49.6394    
     2.38671         49.6012    
     2.39018         49.5715    
     2.39110         49.5635    
     2.39202         49.5556    
     2.39549         49.5253    
     2.40001         49.4853    
     2.40348         49.4543    
     2.40440         49.4459    
     2.40532         49.4376    
     2.40879         49.4060    
     2.41331         49.3642    
     2.41678         49.3318    
     2.41770         49.3231    
     2.41862         49.3144    
     2.42209         49.2814    
     2.42661         49.2379    
     2.43008         49.2041    
     2.43100         49.1950    
     2.43192         49.1859    
     2.43539         49.1516    
     2.43991         49.1063    
     2.44338         49.0711    
     2.44430         49.0617    
     2.44522         49.0522    
     2.44869         49.0165    
     2.45321         48.9694    
     2.45668         48.9329    
     2.45760         48.9231    
     2.45852         48.9133    
     2.46199         48.8763    
     2.46651         48.8274    
     2.46998         48.7895    
     2.47090         48.7794    
     2.47182         48.7692    
     2.47529         48.7308    
     2.47981         48.6801    
     2.48328         48.6409    
     2.48420         48.6304    
     2.48512         48.6198    
     2.48859         48.5800    
     2.49311         48.5276    
     2.49658         48.4870    
     2.49750         48.4761    
     2.49842         48.4652    
     2.50189         48.4241    
     2.50641         48.3699    
     2.50988         48.3279    
     2.51080         48.3166    
     2.51172         48.3054    
     2.51519         48.2629    
     2.51971         48.2069    
     2.52318         48.1636    
     2.52410         48.1519    
     2.52502         48.1403    
     2.52849         48.0964    
     2.53301         48.0387    
     2.53648         47.9940    
     2.53740         47.9820    
     2.53832         47.9700    
     2.54179         47.9248    
     2.54631         47.8652    
     2.54978         47.8192    
     2.55070         47.8069    
     2.55162         47.7945    
     2.55509         47.7479    
     2.55961         47.6866    
     2.56308         47.6392    
     2.56400         47.6265    
     2.56492         47.6138    
     2.56839         47.5658    
     2.57291         47.5027    
     2.57638         47.4539    
     2.57730         47.4409    
     2.57822         47.4278    
     2.58169         47.3785    
     2.58621         47.3136    
     2.58968         47.2635    
     2.59060         47.2501    
     2.59152         47.2366    
     2.59499         47.1859    
     2.59951         47.1193    
     2.60298         47.0678    
     2.60390         47.0540    
     2.60482         47.0402    
     2.60829         46.9882    
     2.61281         46.9198    
     2.61628         46.8669    
     2.61720         46.8528    
     2.61812         46.8386    
     2.62159         46.7852    
     2.62611         46.7150    
     2.62958         46.6608    
     2.63050         46.6463    
     2.63142         46.6318    
     2.63489         46.5770    
     2.63941         46.5051    
     2.64288         46.4495    
     2.64380         46.4346    
     2.64472         46.4197    
     2.64819         46.3636    
     2.65271         46.2899    
     2.65618         46.2330    
     2.65710         46.2177    
     2.65802         46.2025    
     2.66149         46.1450    
     2.66601         46.0695    
     2.66948         46.0112    
     2.67040         45.9957    
     2.67132         45.9800    
     2.67479         45.9212    
     2.67931         45.8439    
     2.68278         45.7843    
     2.68370         45.7684    
     2.68462         45.7524    
     2.68809         45.6922    
     2.69261         45.6132    
     2.69608         45.5522    
     2.69700         45.5359    
     2.69792         45.5196    
     2.70139         45.4580    
     2.70591         45.3772    
     2.70938         45.3149    
     2.71030         45.2982    
     2.71122         45.2815    
     2.71469         45.2186    
     2.71921         45.1361    
     2.72268         45.0724    
     2.72360         45.0554    
     2.72452         45.0383    
     2.72799         44.9741    
     2.73251         44.8898    
     2.73598         44.8247    
     2.73690         44.8073    
     2.73782         44.7899    
     2.74129         44.7243    
     2.74581         44.6383    
     2.74928         44.5719    
     2.75020         44.5541    
     2.75112         44.5364    
     2.75459         44.4694    
     2.75911         44.3816    
     2.76258         44.3139    
     2.76350         44.2958    
     2.76442         44.2776    
     2.76789         44.2094    
     2.77241         44.1198    
     2.77588         44.0507    
     2.77680         44.0322    
     2.77772         44.0137    
     2.78119         43.9441    
     2.78571         43.8528    
     2.78918         43.7823    
     2.79010         43.7635    
     2.79102         43.7447    
     2.79449         43.6737    
     2.79901         43.5806    
     2.80248         43.5089    
     2.80340         43.4897    
     2.80432         43.4705    
     2.80779         43.3982    
     2.81231         43.3033    
     2.81578         43.2302    
     2.81670         43.2107    
     2.81762         43.1911    
     2.82109         43.1175    
     2.82561         43.0209    
     2.82908         42.9465    
     2.83000         42.9266    
     2.83000         42.9266    
     2.83030         42.9204    
     2.83140         42.8971    
     2.83285         42.8667    
     2.83395         42.8434    
     2.83425         42.8372    
     2.83455         42.8310    
     2.83565         42.8077    
     2.83710         42.7774    
     2.83820         42.7542    
     2.83850         42.7480    
     2.83880         42.7418    
     2.83990         42.7186    
     2.84135         42.6884    
     2.84245         42.6652    
     2.84275         42.6590    
     2.84305         42.6529    
     2.84415         42.6297    
     2.84560         42.5996    
     2.84670         42.5765    
     2.84700         42.5703    
     2.84730         42.5642    
     2.84840         42.5411    
     2.84985         42.5110    
     2.85095         42.4880    
     2.85125         42.4818    
     2.85155         42.4757    
     2.85265         42.4527    
     2.85410         42.4227    
     2.85520         42.3997    
     2.85550         42.3936    
     2.85580         42.3875    
     2.85690         42.3645    
     2.85835         42.3346    
     2.85945         42.3117    
     2.85975         42.3056    
     2.86005         42.2995    
     2.86115         42.2766    
     2.86260         42.2467    
     2.86370         42.2239    
     2.86400         42.2178    
     2.86430         42.2117    
     2.86540         42.1889    
     2.86685         42.1591    
     2.86795         42.1363    
     2.86825         42.1302    
     2.86855         42.1241    
     2.86965         42.1014    
     2.87110         42.0717    
     2.87220         42.0489    
     2.87250         42.0429    
     2.87280         42.0368    
     2.87390         42.0141    
     2.87535         41.9845    
     2.87645         41.9618    
     2.87675         41.9558    
     2.87705         41.9497    
     2.87815         41.9271    
     2.87960         41.8975    
     2.88070         41.8749    
     2.88100         41.8689    
     2.88130         41.8628    
     2.88240         41.8402    
     2.88385         41.8108    
     2.88495         41.7882    
     2.88525         41.7822    
     2.88555         41.7762    
     2.88665         41.7537    
     2.88810         41.7243    
     2.88920         41.7018    
     2.88950         41.6958    
     2.88980         41.6898    
     2.89090         41.6673    
     2.89235         41.6380    
     2.89345         41.6155    
     2.89375         41.6095    
     2.89405         41.6036    
     2.89515         41.5811    
     2.89660         41.5519    
     2.89770         41.5295    
     2.89800         41.5235    
     2.89830         41.5176    
     2.89940         41.4952    
     2.90085         41.4660    
     2.90195         41.4437    
     2.90225         41.4378    
     2.90255         41.4318    
     2.90365         41.4095    
     2.90510         41.3804    
     2.90620         41.3581    
     2.90650         41.3522    
     2.90680         41.3463    
     2.90790         41.3240    
     2.90935         41.2950    
     2.91045         41.2728    
     2.91075         41.2669    
     2.91105         41.2609    
     2.91215         41.2387    
     2.91360         41.2098    
     2.91470         41.1876    
     2.91500         41.1817    
     2.91530         41.1758    
     2.91640         41.1537    
     2.91785         41.1248    
     2.91895         41.1027    
     2.91925         41.0968    
     2.91955         41.0909    
     2.92065         41.0688    
     2.92210         41.0401    
     2.92320         41.0180    
     2.92350         41.0121    
     2.92380         41.0063    
     2.92490         40.9842    
     2.92635         40.9555    
     2.92745         40.9335    
     2.92775         40.9277    
     2.92805         40.9218    
     2.92915         40.8998    
     2.93060         40.8712    
     2.93170         40.8492    
     2.93200         40.8434    
     2.93230         40.8375    
     2.93340         40.8156    
     2.93485         40.7870    
     2.93595         40.7652    
     2.93625         40.7593    
     2.93655         40.7535    
     2.93765         40.7316    
     2.93910         40.7031    
     2.94020         40.6813    
     2.94050         40.6755    
     2.94080         40.6697    
     2.94190         40.6479    
     2.94335         40.6194    
     2.94445         40.5977    
     2.94475         40.5919    
     2.94505         40.5861    
     2.94615         40.5643    
     2.94760         40.5359    
     2.94870         40.5142    
     2.94900         40.5084    
     2.94930         40.5027    
     2.95040         40.4810    
     2.95185         40.4527    
     2.95295         40.4310    
     2.95325         40.4252    
     2.95355         40.4195    
     2.95465         40.3978    
     2.95610         40.3696    
     2.95720         40.3480    
     2.95750         40.3422    
     2.95780         40.3365    
     2.95890         40.3149    
     2.96035         40.2867    
     2.96145         40.2652    
     2.96175         40.2594    
     2.96205         40.2537    
     2.96315         40.2321    
     2.96460         40.2041    
     2.96570         40.1826    
     2.96600         40.1768    
     2.96630         40.1711    
     2.96740         40.1496    
     2.96885         40.1216    
     2.96995         40.1002    
     2.97025         40.0944    
     2.97055         40.0887    
     2.97165         40.0673    
     2.97310         40.0394    
     2.97420         40.0180    
     2.97450         40.0123    
     2.97480         40.0066    
     2.97590         39.9852    
     2.97735         39.9573    
     2.97845         39.9360    
     2.97875         39.9303    
     2.97905         39.9246    
     2.98015         39.9033    
     2.98160         39.8755    
     2.98270         39.8542    
     2.98300         39.8485    
     2.98330         39.8428    
     2.98440         39.8216    
     2.98585         39.7938    
     2.98695         39.7726    
     2.98725         39.7669    
     2.98755         39.7613    
     2.98865         39.7401    
     2.99010         39.7124    
     2.99120         39.6912    
     2.99150         39.6856    
     2.99180         39.6799    
     2.99290         39.6588    
     2.99435         39.6312    
     2.99545         39.6100    
     2.99575         39.6044    
     2.99605         39.5988    
     2.99715         39.5777    
     2.99860         39.5501    
     2.99970         39.5290    
     3.00000         39.5234    
     3.00000         39.5234    
     3.00035         39.5168    
     3.00165         39.4920    
     3.00335         39.4597    
     3.00465         39.4350    
     3.00500         39.4284    
     3.00535         39.4218    
     3.00665         39.3971    
     3.00835         39.3649    
     3.00965         39.3403    
     3.01000         39.3337    
     3.01035         39.3271    
     3.01165         39.3025    
     3.01335         39.2704    
     3.01465         39.2458    
     3.01500         39.2392    
     3.01535         39.2327    
     3.01665         39.2081    
     3.01835         39.1761    
     3.01965         39.1516    
     3.02000         39.1450    
     3.02035         39.1385    
     3.02165         39.1140    
     3.02335         39.0821    
     3.02465         39.0576    
     3.02500         39.0511    
     3.02535         39.0446    
     3.02665         39.0202    
     3.02835         38.9883    
     3.02965         38.9640    
     3.03000         38.9575    
     3.03035         38.9510    
     3.03165         38.9266    
     3.03335         38.8949    
     3.03465         38.8706    
     3.03500         38.8641    
     3.03535         38.8576    
     3.03665         38.8333    
     3.03835         38.8017    
     3.03965         38.7774    
     3.04000         38.7710    
     3.04035         38.7645    
     3.04165         38.7403    
     3.04335         38.7087    
     3.04465         38.6845    
     3.04500         38.6781    
     3.04535         38.6717    
     3.04665         38.6475    
     3.04835         38.6160    
     3.04965         38.5919    
     3.05000         38.5855    
     3.05035         38.5791    
     3.05165         38.5550    
     3.05335         38.5236    
     3.05465         38.4996    
     3.05500         38.4932    
     3.05535         38.4868    
     3.05665         38.4628    
     3.05835         38.4315    
     3.05965         38.4075    
     3.06000         38.4011    
     3.06035         38.3947    
     3.06165         38.3708    
     3.06335         38.3396    
     3.06465         38.3157    
     3.06500         38.3093    
     3.06535         38.3029    
     3.06665         38.2791    
     3.06835         38.2479    
     3.06965         38.2241    
     3.07000         38.2178    
     3.07035         38.2114    
     3.07165         38.1876    
     3.07335         38.1566    
     3.07465         38.1328    
     3.07500         38.1265    
     3.07535         38.1201    
     3.07665         38.0964    
     3.07835         38.0654    
     3.07965         38.0417    
     3.08000         38.0354    
     3.08035         38.0291    
     3.08165         38.0054    
     3.08335         37.9746    
     3.08465         37.9509    
     3.08500         37.9446    
     3.08535         37.9383    
     3.08665         37.9147    
     3.08835         37.8839    
     3.08965         37.8604    
     3.09000         37.8541    
     3.09035         37.8478    
     3.09165         37.8243    
     3.09335         37.7936    
     3.09465         37.7701    
     3.09500         37.7638    
     3.09535         37.7576    
     3.09665         37.7341    
     3.09835         37.7035    
     3.09965         37.6800    
     3.10000         37.6738    
     3.10035         37.6675    
     3.10165         37.6441    
     3.10335         37.6136    
     3.10465         37.5902    
     3.10500         37.5840    
     3.10535         37.5778    
     3.10665         37.5544    
     3.10835         37.5240    
     3.10965         37.5007    
     3.11000         37.4945    
     3.11035         37.4883    
     3.11165         37.4650    
     3.11335         37.4346    
     3.11465         37.4114    
     3.11500         37.4052    
     3.11535         37.3990    
     3.11665         37.3758    
     3.11835         37.3455    
     3.11965         37.3223    
     3.12000         37.3161    
     3.12035         37.3100    
     3.12165         37.2868    
     3.12335         37.2566    
     3.12465         37.2335    
     3.12500         37.2273    
     3.12535         37.2212    
     3.12665         37.1981    
     3.12835         37.1680    
     3.12965         37.1449    
     3.13000         37.1388    
     3.13035         37.1327    
     3.13165         37.1096    
     3.13335         37.0796    
     3.13465         37.0566    
     3.13500         37.0505    
     3.13535         37.0444    
     3.13665         37.0214    
     3.13835         36.9915    
     3.13965         36.9685    
     3.14000         36.9624    
     3.14035         36.9563    
     3.14165         36.9334    
     3.14335         36.9035    
     3.14465         36.8807    
     3.14500         36.8746    
     3.14535         36.8685    
     3.14665         36.8457    
     3.14835         36.8159    
     3.14965         36.7931    
     3.15000         36.7870    
     3.15035         36.7809    
     3.15165         36.7581    
     3.15335         36.7285    
     3.15465         36.7057    
     3.15500         36.6997    
     3.15535         36.6936    
     3.15665         36.6709    
     3.15835         36.6413    
     3.15965         36.6186    
     3.16000         36.6125    
     3.16035         36.6065    
     3.16165         36.5838    
     3.16335         36.5543    
     3.16465         36.5317    
     3.16500         36.5257    
     3.16535         36.5196    
     3.16665         36.4970    
     3.16835         36.4676    
     3.16965         36.4450    
     3.17000         36.4390    
     3.17035         36.4330    
     3.17165         36.4105    
     3.17335         36.3811    
     3.17465         36.3586    
     3.17500         36.3526    
     3.17535         36.3466    
     3.17665         36.3241    
     3.17835         36.2948    
     3.17965         36.2724    
     3.18000         36.2664    
     3.18035         36.2604    
     3.18165         36.2380    
     3.18335         36.2088    
     3.18465         36.1864    
     3.18500         36.1805    
     3.18535         36.1745    
     3.18665         36.1522    
     3.18835         36.1230    
     3.18965         36.1007    
     3.19000         36.0948    
     3.19035         36.0888    
     3.19165         36.0665    
     3.19335         36.0375    
     3.19465         36.0152    
     3.19500         36.0093    
     3.19535         36.0033    
     3.19665         35.9811    
     3.19835         35.9521    
     3.19965         35.9299    
     3.20000         35.9240    
