 R.H. electric field
     8.70000        0.368684E-01    0.368684E-01
     8.70139        0.376066E-01    0.376066E-01
     8.70660        0.419744E-01    0.419744E-01
     8.71339        0.482312E-01    0.482312E-01
     8.71859        0.502681E-01    0.502681E-01
     8.71998        0.500440E-01    0.500440E-01
     8.72101        0.497082E-01    0.497082E-01
     8.72485        0.480169E-01    0.480169E-01
     8.72987        0.446591E-01    0.446591E-01
     8.73372        0.410780E-01    0.410780E-01
     8.73474        0.399619E-01    0.399619E-01
     8.73576        0.387895E-01    0.387895E-01
     8.73961        0.340525E-01    0.340525E-01
     8.74462        0.272445E-01    0.272445E-01
     8.74845        0.217154E-01    0.217154E-01
     8.74948        0.202159E-01    0.202159E-01
     8.75050        0.187131E-01    0.187131E-01
     8.75434        0.131159E-01    0.131159E-01
     8.75934        0.610699E-02    0.610699E-02
     8.76317        0.114985E-02    0.114985E-02
     8.76419       -0.886638E-04   -0.886638E-04
     8.76521       -0.128618E-02   -0.128618E-02
     8.76904       -0.537124E-02   -0.537124E-02
     8.77404       -0.960018E-02   -0.960018E-02
     8.77787       -0.118703E-01   -0.118703E-01
     8.77889       -0.123185E-01   -0.123185E-01
     8.77991       -0.126967E-01   -0.126967E-01
     8.78373       -0.134785E-01   -0.134785E-01
     8.78872       -0.129620E-01   -0.129620E-01
     8.79254       -0.113666E-01   -0.113666E-01
     8.79356       -0.107633E-01   -0.107633E-01
     8.79458       -0.100846E-01   -0.100846E-01
     8.79840       -0.688544E-02   -0.688544E-02
     8.80338       -0.126446E-02   -0.126446E-02
     8.80719        0.405332E-02    0.405332E-02
     8.80821        0.560676E-02    0.560676E-02
     8.80923        0.721432E-02    0.721432E-02
     8.81304        0.136806E-01    0.136806E-01
     8.81801        0.229478E-01    0.229478E-01
     8.82182        0.304923E-01    0.304923E-01
     8.82284        0.325449E-01    0.325449E-01
     8.82385        0.346090E-01    0.346090E-01
     8.82766        0.423921E-01    0.423921E-01
     8.83263        0.524022E-01    0.524022E-01
     8.83643        0.597352E-01    0.597352E-01
     8.83744        0.616134E-01    0.616134E-01
     8.83846        0.634523E-01    0.634523E-01
     8.84226        0.699432E-01    0.699432E-01
     8.84722        0.772358E-01    0.772358E-01
     8.85102        0.817251E-01    0.817251E-01
     8.85203        0.827377E-01    0.827377E-01
     8.85304        0.836666E-01    0.836666E-01
     8.85684        0.863694E-01    0.863694E-01
     8.86179        0.879253E-01    0.879253E-01
     8.86558        0.874983E-01    0.874983E-01
     8.86659        0.871349E-01    0.871349E-01
     8.86760        0.866632E-01    0.866632E-01
     8.87139        0.839252E-01    0.839252E-01
     8.87634        0.780771E-01    0.780771E-01
     8.88013        0.718721E-01    0.718721E-01
     8.88113        0.699691E-01    0.699691E-01
     8.88214        0.679620E-01    0.679620E-01
     8.88593        0.595408E-01    0.595408E-01
     8.89087        0.466039E-01    0.466039E-01
     8.89465        0.353529E-01    0.353529E-01
     8.89565        0.321775E-01    0.321775E-01
     8.89666        0.289330E-01    0.289330E-01
     8.90044        0.162093E-01    0.162093E-01
     8.90537       -0.142761E-02   -0.142761E-02
     8.90915       -0.154810E-01   -0.154810E-01
     8.91015       -0.192745E-01   -0.192745E-01
     8.91116       -0.230802E-01   -0.230802E-01
     8.91493       -0.373867E-01   -0.373867E-01
     8.91986       -0.558102E-01   -0.558102E-01
     8.92363       -0.694499E-01   -0.694499E-01
     8.92463       -0.729802E-01   -0.729802E-01
     8.92563       -0.764572E-01   -0.764572E-01
     8.92940       -0.889544E-01   -0.889544E-01
     8.93432       -0.103687       -0.103687    
     8.93808       -0.113515       -0.113515    
     8.93909       -0.115890       -0.115890    
     8.94009       -0.118154       -0.118154    
     8.94385       -0.125616       -0.125616    
     8.94876       -0.132737       -0.132737    
     8.95252       -0.136042       -0.136042    
     8.95352       -0.136590       -0.136590    
     8.95452       -0.136994       -0.136994    
     8.95828       -0.137216       -0.137216    
     8.96318       -0.134443       -0.134443    
     8.96693       -0.129976       -0.129976    
     8.96793       -0.128443       -0.128443    
     8.96893       -0.126767       -0.126767    
     8.97268       -0.119241       -0.119241    
     8.97758       -0.106653       -0.106653    
     8.98133       -0.950504E-01   -0.950504E-01
     8.98232       -0.916919E-01   -0.916919E-01
     8.98332       -0.882268E-01   -0.882268E-01
     8.98707       -0.743495E-01   -0.743495E-01
     8.99195       -0.544672E-01   -0.544672E-01
     8.99570       -0.381583E-01   -0.381583E-01
     8.99669       -0.336892E-01   -0.336892E-01
     8.99769       -0.291778E-01   -0.291778E-01
     9.00143       -0.119668E-01   -0.119668E-01
     9.00631        0.107975E-01    0.107975E-01
     9.01005        0.281322E-01    0.281322E-01
     9.01104        0.326946E-01    0.326946E-01
     9.01204        0.372221E-01    0.372221E-01
     9.01577        0.538060E-01    0.538060E-01
     9.02065        0.741478E-01    0.741478E-01
     9.02438        0.884225E-01    0.884225E-01
     9.02537        0.919965E-01    0.919965E-01
     9.02637        0.954638E-01    0.954638E-01
     9.03010        0.107458        0.107458    
     9.03496        0.120473        0.120473    
     9.03869        0.128220        0.128220    
     9.03968        0.129934        0.129934    
     9.04067        0.131494        0.131494    
     9.04440        0.135959        0.135959    
     9.04925        0.138438        0.138438    
     9.05297        0.137730        0.137730    
     9.05397        0.137154        0.137154    
     9.05496        0.136414        0.136414    
     9.05868        0.132211        0.132211    
     9.06353        0.123475        0.123475    
     9.06724        0.114425        0.114425    
     9.06823        0.111685        0.111685    
     9.06922        0.108810        0.108810    
     9.07293        0.969088E-01    0.969088E-01
     9.07778        0.790268E-01    0.790268E-01
     9.08149        0.638064E-01    0.638064E-01
     9.08248        0.595620E-01    0.595620E-01
     9.08346        0.552479E-01    0.552479E-01
     9.08717        0.385392E-01    0.385392E-01
     9.09201        0.158890E-01    0.158890E-01
     9.09571       -0.174938E-02   -0.174938E-02
     9.09670       -0.644736E-02   -0.644736E-02
     9.09769       -0.111324E-01   -0.111324E-01
     9.10139       -0.284946E-01   -0.284946E-01
     9.10622       -0.502554E-01   -0.502554E-01
     9.10992       -0.658882E-01   -0.658882E-01
     9.11090       -0.698593E-01   -0.698593E-01
     9.11189       -0.737372E-01   -0.737372E-01
     9.11559       -0.873805E-01   -0.873805E-01
     9.12041       -0.102758       -0.102758    
     9.12410       -0.112428       -0.112428    
     9.12509       -0.114666       -0.114666    
     9.12607       -0.116753       -0.116753    
     9.12976       -0.123211       -0.123211    
     9.13458       -0.128282       -0.128282    
     9.13827       -0.129508       -0.129508    
     9.13925       -0.129435       -0.129435    
     9.14023       -0.129192       -0.129192    
     9.14392       -0.126779       -0.126779    
     9.14873       -0.120182       -0.120182    
     9.15241       -0.112586       -0.112586    
     9.15339       -0.110203       -0.110203    
     9.15437       -0.107672       -0.107672    
     9.15805       -0.969339E-01   -0.969339E-01
     9.16286       -0.802620E-01   -0.802620E-01
     9.16653       -0.657232E-01   -0.657232E-01
     9.16751       -0.616234E-01   -0.616234E-01
     9.16849       -0.574379E-01   -0.574379E-01
     9.17217       -0.410732E-01   -0.410732E-01
     9.17696       -0.185503E-01   -0.185503E-01
     9.18064       -0.771641E-03   -0.771641E-03
     9.18162        0.399762E-02    0.399762E-02
     9.18259        0.876793E-02    0.876793E-02
     9.18627        0.265683E-01    0.265683E-01
     9.19105        0.491575E-01    0.491575E-01
     9.19472        0.655978E-01    0.655978E-01
     9.19570        0.698066E-01    0.698066E-01
     9.19668        0.739310E-01    0.739310E-01
     9.20034        0.885670E-01    0.885670E-01
     9.20512        0.105365        0.105365    
     9.20879        0.116184        0.116184    
     9.20976        0.118733        0.118733    
     9.21074        0.121132        0.121132    
     9.21440        0.128758        0.128758    
     9.21917        0.135311        0.135311    
     9.22283        0.137605        0.137605    
     9.22381        0.137803        0.137803    
     9.22478        0.137824        0.137824    
     9.22844        0.136336        0.136336    
     9.23320        0.130761        0.130761    
     9.23686        0.123787        0.123787    
     9.23783        0.121542        0.121542    
     9.23880        0.119139        0.119139    
     9.24245        0.108774        0.108774    
     9.24721        0.923309E-01    0.923309E-01
     9.25086        0.777628E-01    0.777628E-01
     9.25183        0.736244E-01    0.736244E-01
     9.25280        0.693874E-01    0.693874E-01
     9.25645        0.527148E-01    0.527148E-01
     9.26121        0.295294E-01    0.295294E-01
     9.26485        0.110539E-01    0.110539E-01
     9.26582        0.607254E-02    0.607254E-02
     9.26679        0.107938E-02    0.107938E-02
     9.27043       -0.176457E-01   -0.176457E-01
     9.27518       -0.416229E-01   -0.416229E-01
     9.27881       -0.592383E-01   -0.592383E-01
     9.27978       -0.637733E-01   -0.637733E-01
     9.28075       -0.682283E-01   -0.682283E-01
     9.28439       -0.841351E-01   -0.841351E-01
     9.28913       -0.102626       -0.102626    
     9.29276       -0.114734       -0.114734    
     9.29373       -0.117621       -0.117621    
     9.29470       -0.120355       -0.120355    
     9.29833       -0.129198       -0.129198    
     9.30306       -0.137216       -0.137216    
     9.30669       -0.140510       -0.140510    
     9.30766       -0.140954       -0.140954    
     9.30863       -0.141210       -0.141210    
     9.31225       -0.140512       -0.140512    
     9.31698       -0.135733       -0.135733    
     9.32060       -0.129174       -0.129174    
     9.32157       -0.127009       -0.127009    
     9.32253       -0.124673       -0.124673    
     9.32615       -0.114439       -0.114439    
     9.33088       -0.978871E-01   -0.978871E-01
     9.33450       -0.830238E-01   -0.830238E-01
     9.33546       -0.787760E-01   -0.787760E-01
     9.33642       -0.744168E-01   -0.744168E-01
     9.34004       -0.571773E-01   -0.571773E-01
     9.34476       -0.330170E-01   -0.330170E-01
     9.34837       -0.136354E-01   -0.136354E-01
     9.34933       -0.839175E-02   -0.839175E-02
     9.35029       -0.312844E-02   -0.312844E-02
     9.35391        0.166713E-01    0.166713E-01
     9.35862        0.421613E-01    0.421613E-01
     9.36223        0.609885E-01    0.609885E-01
     9.36319        0.658503E-01    0.658503E-01
     9.36415        0.706326E-01    0.706326E-01
     9.36776        0.877630E-01    0.877630E-01
     9.37246        0.107808        0.107808    
     9.37606        0.121045        0.121045    
     9.37702        0.124220        0.124220    
     9.37798        0.127235        0.127235    
     9.38159        0.137074        0.137074    
     9.38628        0.146228        0.146228    
     9.38988        0.150251        0.150251    
     9.39084        0.150866        0.150866    
     9.39180        0.151283        0.151283    
     9.39540        0.151100        0.151100    
     9.40009        0.146778        0.146778    
     9.40369        0.140405        0.140405    
     9.40464        0.138267        0.138267    
     9.40560        0.135946        0.135946    
     9.40919        0.125692        0.125692    
     9.41388        0.108939        0.108939    
     9.41747        0.938099E-01    0.938099E-01
     9.41843        0.894771E-01    0.894771E-01
     9.41938        0.850279E-01    0.850279E-01
     9.42297        0.674156E-01    0.674156E-01
     9.42765        0.427207E-01    0.427207E-01
     9.43124        0.229264E-01    0.229264E-01
     9.43219        0.175763E-01    0.175763E-01
     9.43315        0.122090E-01    0.122090E-01
     9.43673       -0.794769E-02   -0.794769E-02
     9.44141       -0.337929E-01   -0.337929E-01
     9.44499       -0.527758E-01   -0.527758E-01
     9.44594       -0.576585E-01   -0.576585E-01
     9.44690       -0.624519E-01   -0.624519E-01
     9.45047       -0.795319E-01   -0.795319E-01
     9.45514       -0.992749E-01   -0.992749E-01
     9.45872       -0.112084       -0.112084    
     9.45967       -0.115114       -0.115114    
     9.46063       -0.117971       -0.117971    
     9.46420       -0.127096       -0.127096    
     9.46886       -0.135040       -0.135040    
     9.47244       -0.137930       -0.137930    
     9.47339       -0.138214       -0.138214    
     9.47434       -0.138288       -0.138288    
     9.47791       -0.136717       -0.136717    
     9.48257       -0.130382       -0.130382    
     9.48614       -0.122339       -0.122339    
     9.48709       -0.119740       -0.119740    
     9.48804       -0.116955       -0.116955    
     9.49160       -0.104917       -0.104917    
     9.49626       -0.858042E-01   -0.858042E-01
     9.49982       -0.688884E-01   -0.688884E-01
     9.50077       -0.640886E-01   -0.640886E-01
     9.50172       -0.591776E-01   -0.591776E-01
     9.50528       -0.398947E-01   -0.398947E-01
     9.50993       -0.132148E-01   -0.132148E-01
     9.51349        0.790493E-02    0.790493E-02
     9.51444        0.135742E-01    0.135742E-01
     9.51538        0.192446E-01    0.192446E-01
     9.51894        0.403846E-01    0.403846E-01
     9.52358        0.671092E-01    0.671092E-01
     9.52714        0.864208E-01    0.864208E-01
     9.52809        0.913364E-01    0.913364E-01
     9.52903        0.961386E-01    0.961386E-01
     9.53259        0.113032        0.113032    
     9.53722        0.131997        0.131997    
     9.54077        0.143790        0.143790    
     9.54172        0.146486        0.146486    
     9.54267        0.148984        0.148984    
     9.54622        0.156526        0.156526    
     9.55085        0.161878        0.161878    
     9.55439        0.162394        0.162394    
     9.55534        0.161990        0.161990    
     9.55628        0.161356        0.161356    
     9.55983        0.156952        0.156952    
     9.56445        0.146543        0.146543    
     9.56800        0.135124        0.135124    
     9.56894        0.131592        0.131592    
     9.56989        0.127868        0.127868    
     9.57343        0.112313        0.112313    
     9.57805        0.886336E-01    0.886336E-01
     9.58159        0.682418E-01    0.682418E-01
     9.58253        0.625199E-01    0.625199E-01
     9.58347        0.566902E-01    0.566902E-01
     9.58701        0.340156E-01    0.340156E-01
     9.59163        0.311903E-02    0.311903E-02
     9.59516       -0.210000E-01   -0.210000E-01
     9.59610       -0.274261E-01   -0.274261E-01
     9.59705       -0.338332E-01   -0.338332E-01
     9.60058       -0.575445E-01   -0.575445E-01
     9.60519       -0.871174E-01   -0.871174E-01
     9.60872       -0.108178       -0.108178    
     9.60966       -0.113491       -0.113491    
     9.61060       -0.118660       -0.118660    
     9.61413       -0.136651       -0.136651    
     9.61874       -0.156375       -0.156375    
     9.62227       -0.168220       -0.168220    
     9.62321       -0.170851       -0.170851    
     9.62415       -0.173250       -0.173250    
     9.62767       -0.180126       -0.180126    
     9.63227       -0.183936       -0.183936    
     9.63580       -0.182784       -0.182784    
     9.63674       -0.181868       -0.181868    
     9.63768       -0.180693       -0.180693    
     9.64120       -0.174021       -0.174021    
     9.64579       -0.160159       -0.160159    
     9.64932       -0.145794       -0.145794    
     9.65025       -0.141443       -0.141443    
     9.65119       -0.136880       -0.136880    
     9.65471       -0.117994       -0.117994    
     9.65930       -0.896738E-01   -0.896738E-01
     9.66282       -0.656407E-01   -0.656407E-01
     9.66376       -0.589525E-01   -0.589525E-01
     9.66469       -0.521614E-01   -0.521614E-01
     9.66821       -0.259386E-01   -0.259386E-01
     9.67279        0.936656E-02    0.936656E-02
     9.67631        0.366174E-01    0.366174E-01
     9.67724        0.438329E-01    0.438329E-01
     9.67818        0.510082E-01    0.510082E-01
     9.68169        0.773947E-01    0.773947E-01
     9.68627        0.109905        0.109905    
     9.68978        0.132734        0.132734    
     9.69072        0.138441        0.138441    
     9.69166        0.143969        0.143969    
     9.69516        0.162998        0.162998    
     9.69974        0.183320        0.183320    
     9.70325        0.195026        0.195026    
     9.70418        0.197531        0.197531    
     9.70512        0.199766        0.199766    
     9.70862        0.205695        0.205695    
     9.71320        0.207511        0.207511    
     9.71670        0.204280        0.204280    
     9.71763        0.202732        0.202732    
     9.71857        0.200894        0.200894    
     9.72207        0.191471        0.191471    
     9.72664        0.173469        0.173469    
     9.73014        0.155579        0.155579    
     9.73107        0.150245        0.150245    
     9.73200        0.144683        0.144683    
     9.73550        0.121931        0.121931    
     9.74007        0.883804E-01    0.883804E-01
     9.74356        0.602887E-01    0.602887E-01
     9.74450        0.525222E-01    0.525222E-01
     9.74543        0.446571E-01    0.446571E-01
     9.74892        0.144692E-01    0.144692E-01
     9.75348       -0.257655E-01   -0.257655E-01
     9.75698       -0.565197E-01   -0.565197E-01
     9.75791       -0.646186E-01   -0.646186E-01
     9.75884       -0.726532E-01   -0.726532E-01
     9.76233       -0.102033       -0.102033    
     9.76689       -0.137834       -0.137834    
     9.77038       -0.162654       -0.162654    
     9.77131       -0.168806       -0.168806    
     9.77224       -0.174743       -0.174743    
     9.77573       -0.194963       -0.194963    
     9.78028       -0.216017       -0.216017    
     9.78377       -0.227639       -0.227639    
     9.78470       -0.230025       -0.230025    
     9.78563       -0.232100       -0.232100    
     9.78912       -0.237076       -0.237076    
     9.79367       -0.236840       -0.236840    
     9.79715       -0.231452       -0.231452    
     9.79808       -0.229248       -0.229248    
     9.79901       -0.226721       -0.226721    
     9.80249       -0.214440       -0.214440    
     9.80704       -0.192136       -0.192136    
     9.81052       -0.170585       -0.170585    
     9.81145       -0.164231       -0.164231    
     9.81237       -0.157632       -0.157632    
     9.81586       -0.130873       -0.130873    
     9.82040       -0.919134E-01   -0.919134E-01
     9.82388       -0.596328E-01   -0.596328E-01
     9.82480       -0.507547E-01   -0.507547E-01
     9.82573       -0.417831E-01   -0.417831E-01
     9.82921       -0.751178E-02   -0.751178E-02
     9.83375        0.377950E-01    0.377950E-01
     9.83723        0.721526E-01    0.721526E-01
     9.83815        0.811598E-01    0.811598E-01
     9.83908        0.900784E-01    0.900784E-01
     9.84255        0.122539        0.122539    
     9.84709        0.161746        0.161746    
     9.85056        0.188649        0.188649    
     9.85149        0.195273        0.195273    
     9.85241        0.201645        0.201645    
     9.85589        0.223168        0.223168    
     9.86042        0.245126        0.245126    
     9.86389        0.256823        0.256823    
     9.86482        0.259137        0.259137    
     9.86574        0.261102        0.261102    
     9.86921        0.265331        0.265331    
     9.87374        0.263371        0.263371    
     9.87721        0.256127        0.256127    
     9.87814        0.253355        0.253355    
     9.87906        0.250230        0.250230    
     9.88253        0.235461        0.235461    
     9.88705        0.209413        0.209413    
     9.89052        0.184687        0.184687    
     9.89144        0.177451        0.177451    
     9.89237        0.169957        0.169957    
     9.89583        0.139753        0.139753    
     9.90036        0.961792E-01    0.961792E-01
     9.90382        0.603589E-01    0.603589E-01
     9.90474        0.505471E-01    0.505471E-01
     9.90567        0.406487E-01    0.406487E-01
     9.90913        0.298312E-02    0.298312E-02
     9.91365       -0.464766E-01   -0.464766E-01
     9.91711       -0.837313E-01   -0.837313E-01
     9.91804       -0.934601E-01   -0.934601E-01
     9.91896       -0.103077       -0.103077    
     9.92242       -0.137934       -0.137934    
     9.92694       -0.179695       -0.179695    
     9.93040       -0.208079       -0.208079    
     9.93132       -0.215022       -0.215022    
     9.93224       -0.221682       -0.221682    
     9.93570       -0.243992       -0.243992    
     9.94022       -0.266293       -0.266293    
     9.94367       -0.277733       -0.277733    
     9.94460       -0.279904       -0.279904    
     9.94552       -0.281693       -0.281693    
     9.94897       -0.284996       -0.284996    
     9.95349       -0.281239       -0.281239    
     9.95694       -0.272213       -0.272213    
     9.95786       -0.268913       -0.268913    
     9.95878       -0.265238       -0.265238    
     9.96224       -0.248241       -0.248241    
     9.96675       -0.218966       -0.218966    
     9.97020       -0.191595       -0.191595    
     9.97112       -0.183638       -0.183638    
     9.97204       -0.175419       -0.175419    
     9.97550       -0.142472       -0.142472    
     9.98001       -0.953565E-01   -0.953565E-01
     9.98346       -0.569258E-01   -0.569258E-01
     9.98438       -0.464425E-01   -0.464425E-01
     9.98530       -0.358850E-01   -0.358850E-01
     9.98875        0.412389E-02    0.412389E-02
     9.99325        0.562765E-01    0.562765E-01
     9.99671        0.952603E-01    0.952603E-01
     9.99763        0.105395        0.105395    
     9.99855        0.115392        0.115392    
     10.0020        0.151448        0.151448    
     10.0065        0.194214        0.194214    
     10.0099        0.222920        0.222920    
     10.0109        0.229883        0.229883    
     10.0118        0.236532        0.236532    
     10.0152        0.258556        0.258556    
     10.0197        0.279917        0.279917    
     10.0232        0.290230        0.290230    
     10.0241        0.292044        0.292044    
     10.0250        0.293454        0.293454    
     10.0285        0.295147        0.295147    
     10.0330        0.288910        0.288910    
     10.0364        0.277754        0.277754    
     10.0373        0.273859        0.273859    
     10.0383        0.269581        0.269581    
     10.0417        0.250260        0.250260    
     10.0462        0.217888        0.217888    
     10.0496        0.188169        0.188169    
     10.0506        0.179598        0.179598    
     10.0515        0.170773        0.170773    
     10.0549        0.135639        0.135639    
     10.0594        0.859435E-01    0.859435E-01
     10.0629        0.458074E-01    0.458074E-01
     10.0638        0.349168E-01    0.349168E-01
     10.0647        0.239739E-01    0.239739E-01
     10.0681       -0.172767E-01   -0.172767E-01
     10.0726       -0.705321E-01   -0.705321E-01
     10.0761       -0.109934       -0.109934    
     10.0770       -0.120114       -0.120114    
     10.0779       -0.130128       -0.130128    
     10.0814       -0.165996       -0.165996    
     10.0858       -0.207931       -0.207931    
     10.0893       -0.235564       -0.235564    
     10.0902       -0.242178       -0.242178    
     10.0911       -0.248454       -0.248454    
     10.0946       -0.268865       -0.268865    
     10.0991       -0.287675       -0.287675    
     10.1025       -0.295739       -0.295739    
     10.1034       -0.296916       -0.296916    
     10.1042       -0.297619       -0.297619    
     10.1073       -0.297283       -0.297283    
     10.1114       -0.289892       -0.289892    
     10.1145       -0.279002       -0.279002    
     10.1153       -0.275347       -0.275347    
     10.1161       -0.271380       -0.271380    
     10.1192       -0.253823       -0.253823    
     10.1232       -0.225017       -0.225017    
     10.1263       -0.198850       -0.198850    
     10.1271       -0.191329       -0.191329    
     10.1280       -0.183591       -0.183591    
     10.1311       -0.152804       -0.152804    
     10.1351       -0.109155       -0.109155    
     10.1382       -0.736918E-01   -0.736918E-01
     10.1390       -0.640238E-01   -0.640238E-01
     10.1398       -0.542852E-01   -0.542852E-01
     10.1429       -0.173148E-01   -0.173148E-01
     10.1469        0.311764E-01    0.311764E-01
     10.1500        0.678034E-01    0.678034E-01
     10.1509        0.774003E-01    0.774003E-01
     10.1517        0.869055E-01    0.869055E-01
     10.1548        0.121574        0.121574    
     10.1588        0.163774        0.163774    
     10.1619        0.193153        0.193153    
     10.1627        0.200475        0.200475    
     10.1635        0.207563        0.207563    
     10.1666        0.231967        0.231967    
     10.1707        0.258185        0.258185    
     10.1737        0.273574        0.273574    
     10.1746        0.276940        0.276940    
     10.1754        0.279987        0.279987    
     10.1785        0.288534        0.288534    
     10.1825        0.292776        0.292776    
     10.1856        0.290670        0.290670    
     10.1864        0.289319        0.289319    
     10.1872        0.287633        0.287633    
     10.1903        0.278407        0.278407    
     10.1944        0.259776        0.259776    
     10.1975        0.240733        0.240733    
     10.1983        0.234995        0.234995    
     10.1991        0.228988        0.228988    
     10.2022        0.204200        0.204200    
     10.2062        0.167114        0.167114    
     10.2093        0.135629        0.135629    
     10.2101        0.126857        0.126857    
     10.2110        0.117943        0.117943    
     10.2140        0.834255E-01    0.834255E-01
     10.2181        0.365991E-01    0.365991E-01
     10.2212        0.604346E-04    0.604346E-04
     10.2220       -0.968796E-02   -0.968796E-02
     10.2228       -0.194184E-01   -0.194184E-01
     10.2259       -0.555738E-01   -0.555738E-01
     10.2299       -0.101172       -0.101172    
     10.2330       -0.134211       -0.134211    
     10.2338       -0.142655       -0.142655    
     10.2347       -0.150925       -0.150925    
     10.2378       -0.180265       -0.180265    
     10.2418       -0.213985       -0.213985    
     10.2449       -0.235819       -0.235819    
     10.2457       -0.240991       -0.240991    
     10.2465       -0.245876       -0.245876    
     10.2496       -0.261576       -0.261576    
     10.2536       -0.275601       -0.275601    
     10.2567       -0.281192       -0.281192    
     10.2575       -0.281903       -0.281903    
     10.2584       -0.282281       -0.282281    
     10.2615       -0.280761       -0.280761    
     10.2655       -0.271951       -0.271951    
     10.2686       -0.260117       -0.260117    
     10.2694       -0.256236       -0.256236    
     10.2702       -0.252057       -0.252057    
     10.2733       -0.233820       -0.233820    
     10.2773       -0.204451       -0.204451    
     10.2804       -0.178138       -0.178138    
     10.2813       -0.170624       -0.170624    
     10.2821       -0.162914       -0.162914    
     10.2852       -0.132421       -0.132421    
     10.2892       -0.896259E-01   -0.896259E-01
     10.2923       -0.551963E-01   -0.551963E-01
     10.2931       -0.458611E-01   -0.458611E-01
     10.2939       -0.364801E-01   -0.364801E-01
     10.2970       -0.107068E-02   -0.107068E-02
     10.3011        0.448755E-01    0.448755E-01
     10.3041        0.791740E-01    0.791740E-01
     10.3050        0.880964E-01    0.880964E-01
     10.3058        0.969049E-01    0.969049E-01
     10.3089        0.128771        0.128771    
     10.3129        0.166914        0.166914    
     10.3160        0.192921        0.192921    
     10.3168        0.199311        0.199311    
     10.3177        0.205455        0.205455    
     10.3207        0.226222        0.226222    
     10.3248        0.247546        0.247546    
     10.3279        0.259140        0.259140    
     10.3287        0.261497        0.261497    
     10.3295        0.263536        0.263536    
     10.3326        0.268355        0.268355    
     10.3366        0.267932        0.267932    
     10.3397        0.262485        0.262485    
     10.3406        0.260286        0.260286    
     10.3414        0.257775        0.257775    
     10.3445        0.245656        0.245656    
     10.3485        0.223814        0.223814    
     10.3516        0.202813        0.202813    
     10.3524        0.196635        0.196635    
     10.3533        0.190225        0.190225    
     10.3564        0.164263        0.164263    
     10.3604        0.126492        0.126492    
     10.3635        0.951692E-01    0.951692E-01
     10.3643        0.865455E-01    0.865455E-01
     10.3651        0.778253E-01    0.778253E-01
     10.3682        0.444406E-01    0.444406E-01
     10.3723        0.474455E-04    0.474455E-04
     10.3754       -0.339020E-01   -0.339020E-01
     10.3762       -0.428553E-01   -0.428553E-01
     10.3770       -0.517468E-01   -0.517468E-01
     10.3801       -0.843767E-01   -0.843767E-01
     10.3841       -0.124540       -0.124540    
     10.3872       -0.152835       -0.152835    
     10.3881       -0.159936       -0.159936    
     10.3889       -0.166833       -0.166833    
     10.3920       -0.190772       -0.190772    
     10.3960       -0.216963       -0.216963    
     10.3991       -0.232761       -0.232761    
     10.3999       -0.236297       -0.236297    
     10.4008       -0.239537       -0.239537    
     10.4039       -0.249031       -0.249031    
     10.4079       -0.254997       -0.254997    
     10.4110       -0.254568       -0.254568    
     10.4118       -0.253712       -0.253712    
     10.4127       -0.252542       -0.252542    
     10.4158       -0.245424       -0.245424    
     10.4198       -0.229927       -0.229927    
     10.4229       -0.213559       -0.213559    
     10.4237       -0.208571       -0.208571    
     10.4246       -0.203328       -0.203328    
     10.4277       -0.181537       -0.181537    
     10.4317       -0.148639       -0.148639    
     10.4348       -0.120550       -0.120550    
     10.4356       -0.112707       -0.112707    
     10.4365       -0.104732       -0.104732    
     10.4396       -0.738179E-01   -0.738179E-01
     10.4436       -0.318503E-01   -0.318503E-01
     10.4467        0.873420E-03    0.873420E-03
     10.4475        0.959541E-02    0.959541E-02
     10.4484        0.182961E-01    0.182961E-01
     10.4515        0.505666E-01    0.505666E-01
     10.4555        0.910857E-01    0.910857E-01
     10.4586        0.120262        0.120262    
     10.4594        0.127685        0.127685    
     10.4603        0.134940        0.134940    
     10.4634        0.160523        0.160523    
     10.4674        0.189518        0.189518    
     10.4705        0.207913        0.207913    
     10.4714        0.212200        0.212200    
     10.4722        0.216215        0.216215    
     10.4753        0.228797        0.228797    
     10.4793        0.239150        0.239150    
     10.4825        0.242280        0.242280    
     10.4833        0.242393        0.242393    
     10.4841        0.242198        0.242198    
     10.4872        0.238771        0.238771    
     10.4913        0.228089        0.228089    
     10.4944        0.215336        0.215336    
     10.4952        0.211292        0.211292    
     10.4960        0.206983        0.206983    
     10.4991        0.188582        0.188582    
     10.5032        0.159785        0.159785    
     10.5063        0.134535        0.134535    
     10.5071        0.127398        0.127398    
     10.5080        0.120105        0.120105    
     10.5111        0.915371E-01    0.915371E-01
     10.5151        0.520936E-01    0.520936E-01
     10.5183        0.208663E-01    0.208663E-01
     10.5191        0.124759E-01    0.124759E-01
     10.5199        0.407776E-02    0.407776E-02
     10.5230       -0.273138E-01   -0.273138E-01
     10.5271       -0.672888E-01   -0.672888E-01
     10.5302       -0.965032E-01   -0.965032E-01
     10.5310       -0.104002       -0.104002    
     10.5319       -0.111360       -0.111360    
     10.5350       -0.137564       -0.137564    
     10.5391       -0.167889       -0.167889    
     10.5422       -0.187665       -0.187665    
     10.5430       -0.192369       -0.192369    
     10.5438       -0.196821       -0.196821    
     10.5470       -0.211200       -0.211200    
     10.5510       -0.224220       -0.224220    
     10.5541       -0.229591       -0.229591    
     10.5550       -0.230324       -0.230324    
     10.5558       -0.230757       -0.230757    
     10.5589       -0.229741       -0.229741    
     10.5630       -0.222282       -0.222282    
     10.5661       -0.212005       -0.212005    
     10.5670       -0.208614       -0.208614    
     10.5678       -0.204955       -0.204955    
     10.5709       -0.188948       -0.188948    
     10.5750       -0.163119       -0.163119    
     10.5781       -0.139984       -0.139984    
     10.5789       -0.133383       -0.133383    
     10.5798       -0.126612       -0.126612    
     10.5829       -0.998805E-01   -0.998805E-01
     10.5870       -0.625182E-01   -0.625182E-01
     10.5901       -0.326231E-01   -0.326231E-01
     10.5909       -0.245467E-01   -0.245467E-01
     10.5918       -0.164448E-01   -0.164448E-01
     10.5949        0.139935E-01    0.139935E-01
     10.5990        0.531007E-01    0.531007E-01
     10.6021        0.819370E-01    0.819370E-01
     10.6029        0.893775E-01    0.893775E-01
     10.6038        0.966943E-01    0.966943E-01
     10.6069        0.122894        0.122894    
     10.6110        0.153551        0.153551    
     10.6141        0.173822        0.173822    
     10.6150        0.178691        0.178691    
     10.6158        0.183321        0.183321    
     10.6189        0.198476        0.198476    
     10.6230        0.212738        0.212738    
     10.6262        0.219205        0.219205    
     10.6270        0.220248        0.220248    
     10.6278        0.220998        0.220998    
     10.6310        0.221220        0.221220    
     10.6351        0.215464        0.215464    
     10.6382        0.206527        0.206527    
     10.6390        0.203496        0.203496    
     10.6399        0.200196        0.200196    
     10.6430        0.185527        0.185527    
     10.6471        0.161401        0.161401    
     10.6502        0.139514        0.139514    
     10.6511        0.133233        0.133233    
     10.6519        0.126779        0.126779    
     10.6551        0.101183        0.101183    
     10.6592        0.651687E-01    0.651687E-01
     10.6623        0.361926E-01    0.361926E-01
     10.6631        0.283430E-01    0.283430E-01
     10.6640        0.204600E-01    0.204600E-01
     10.6671       -0.922753E-02   -0.922753E-02
     10.6712       -0.475232E-01   -0.475232E-01
     10.6744       -0.758669E-01   -0.758669E-01
     10.6752       -0.831950E-01   -0.831950E-01
     10.6761       -0.904075E-01   -0.904075E-01
     10.6792       -0.116283       -0.116283    
     10.6833       -0.146672       -0.146672    
     10.6865       -0.166847       -0.166847    
     10.6873       -0.171706       -0.171706    
     10.6881       -0.176331       -0.176331    
     10.6913       -0.191521       -0.191521    
     10.6954       -0.205936       -0.205936    
     10.6986       -0.212593       -0.212593    
     10.6994       -0.213695       -0.213695    
     10.7002       -0.214508       -0.214508    
     10.7034       -0.214995       -0.214995    
     10.7075       -0.209641       -0.209641    
     10.7107       -0.201045       -0.201045    
     10.7115       -0.198109       -0.198109    
     10.7124       -0.194905       -0.194905    
     10.7155       -0.180607       -0.180607    
     10.7196       -0.156981       -0.156981    
     10.7228       -0.135486       -0.135486    
     10.7236       -0.129311       -0.129311    
     10.7245       -0.122962       -0.122962    
     10.7276       -0.977616E-01   -0.977616E-01
     10.7318       -0.622668E-01   -0.622668E-01
     10.7349       -0.336903E-01   -0.336903E-01
     10.7358       -0.259473E-01   -0.259473E-01
     10.7366       -0.181710E-01   -0.181710E-01
     10.7398        0.111137E-01    0.111137E-01
     10.7439        0.488766E-01    0.488766E-01
     10.7471        0.768042E-01    0.768042E-01
     10.7479        0.840201E-01    0.840201E-01
     10.7488        0.911196E-01    0.911196E-01
     10.7520        0.116564        0.116564    
     10.7561        0.146373        0.146373    
     10.7593        0.166088        0.166088    
     10.7601        0.170822        0.170822    
     10.7610        0.175321        0.175321    
     10.7641        0.190030        0.190030    
     10.7683        0.203800        0.203800    
     10.7715        0.209952        0.209952    
     10.7723        0.210919        0.210919    
     10.7731        0.211596        0.211596    
     10.7763        0.211572        0.211572    
     10.7805        0.205557        0.205557    
     10.7837        0.196468        0.196468    
     10.7845        0.193403        0.193403    
     10.7853        0.190072        0.190072    
     10.7885        0.175314        0.175314    
     10.7927        0.151141        0.151141    
     10.7959        0.129278        0.129278    
     10.7967        0.123014        0.123014    
     10.7976        0.116580        0.116580    
     10.8008        0.911029E-01    0.911029E-01
     10.8049        0.553555E-01    0.553555E-01
     10.8081        0.266801E-01    0.266801E-01
     10.8090        0.189259E-01    0.189259E-01
     10.8098        0.111453E-01    0.111453E-01
     10.8130       -0.180936E-01   -0.180936E-01
     10.8172       -0.556428E-01   -0.556428E-01
     10.8204       -0.832830E-01   -0.832830E-01
     10.8212       -0.904036E-01   -0.904036E-01
     10.8221       -0.973998E-01   -0.973998E-01
     10.8253       -0.122385       -0.122385    
     10.8294       -0.151429       -0.151429    
     10.8326       -0.170436       -0.170436    
     10.8335       -0.174964       -0.174964    
     10.8343       -0.179250       -0.179250    
     10.8375       -0.193098       -0.193098    
     10.8417       -0.205617       -0.205617    
     10.8449       -0.210728       -0.210728    
     10.8458       -0.211407       -0.211407    
     10.8466       -0.211792       -0.211792    
     10.8498       -0.210646       -0.210646    
     10.8540       -0.203127       -0.203127    
     10.8572       -0.192878       -0.192878    
     10.8581       -0.189505       -0.189505    
     10.8589       -0.185868       -0.185868    
     10.8621       -0.169983       -0.169983    
     10.8663       -0.144416       -0.144416    
     10.8695       -0.121570       -0.121570    
     10.8704       -0.115059       -0.115059    
     10.8712       -0.108386       -0.108386    
     10.8745       -0.820849E-01   -0.820849E-01
     10.8787       -0.454547E-01   -0.454547E-01
     10.8819       -0.162711E-01   -0.162711E-01
     10.8827       -0.840854E-02   -0.840854E-02
     10.8836       -0.531539E-03   -0.531539E-03
     10.8868        0.289588E-01    0.289588E-01
     10.8910        0.665668E-01    0.665668E-01
     10.8942        0.940385E-01    0.940385E-01
     10.8951        0.101082        0.101082    
     10.8960        0.107988        0.107988    
     10.8992        0.132512        0.132512    
     10.9034        0.160680        0.160680    
     10.9066        0.178813        0.178813    
     10.9075        0.183080        0.183080    
     10.9083        0.187094        0.187094    
     10.9116        0.199822        0.199822    
     10.9158        0.210680        0.210680    
     10.9190        0.214388        0.214388    
     10.9199        0.214677        0.214677    
     10.9207        0.214668        0.214668    
     10.9240        0.211995        0.211995    
     10.9282        0.202422        0.202422    
     10.9314        0.190586        0.190586    
     10.9323        0.186792        0.186792    
     10.9332        0.182737        0.182737    
     10.9364        0.165309        0.165309    
     10.9406        0.137834        0.137834    
     10.9439        0.113642        0.113642    
     10.9447        0.106793        0.106793    
     10.9456        0.997925E-01    0.997925E-01
     10.9489        0.723560E-01    0.723560E-01
     10.9531        0.344981E-01    0.344981E-01
     10.9563        0.459174E-02    0.459174E-02
     10.9572       -0.342875E-02   -0.342875E-02
     10.9581       -0.114483E-01   -0.114483E-01
     10.9613       -0.413343E-01   -0.413343E-01
     10.9656       -0.791222E-01   -0.791222E-01
     10.9688       -0.106469       -0.106469    
     10.9697       -0.113440       -0.113440    
     10.9706       -0.120257       -0.120257    
     10.9738       -0.144303       -0.144303    
     10.9781       -0.171521       -0.171521    
     10.9813       -0.188694       -0.188694    
     10.9822       -0.192673       -0.192673    
     10.9831       -0.196385       -0.196385    
     10.9863       -0.207876       -0.207876    
     10.9906       -0.216898       -0.216898    
     10.9939       -0.219066       -0.219066    
     10.9947       -0.218929       -0.218929    
     10.9956       -0.218487       -0.218487    
     10.9989       -0.214157       -0.214157    
     11.0031       -0.202372       -0.202372    
     11.0064       -0.188847       -0.188847    
     11.0073       -0.184608       -0.184608    
     11.0082       -0.180112       -0.180112    
     11.0114       -0.161072       -0.161072    
     11.0157       -0.131635       -0.131635    
     11.0190       -0.106082       -0.106082    
     11.0199       -0.988964E-01   -0.988964E-01
     11.0207       -0.915702E-01   -0.915702E-01
     11.0240       -0.630241E-01   -0.630241E-01
     11.0283       -0.240042E-01   -0.240042E-01
     11.0316        0.655339E-02    0.655339E-02
     11.0325        0.147101E-01    0.147101E-01
     11.0333        0.228495E-01    0.228495E-01
     11.0366        0.530396E-01    0.530396E-01
     11.0409        0.908800E-01    0.908800E-01
     11.0442        0.118005        0.118005    
     11.0451        0.124879        0.124879    
     11.0460        0.131582        0.131582    
     11.0493        0.155069        0.155069    
     11.0536        0.181258        0.181258    
     11.0569        0.197436        0.197436    
     11.0577        0.201122        0.201122    
     11.0586        0.204531        0.204531    
     11.0619        0.214799        0.214799    
     11.0662        0.222061        0.222061    
     11.0695        0.222789        0.222789    
     11.0704        0.222260        0.222260    
     11.0713        0.221423        0.221423    
     11.0746        0.215598        0.215598    
     11.0789        0.201876        0.201876    
     11.0822        0.186912        0.186912    
     11.0831        0.182302        0.182302    
     11.0840        0.177440        0.177440    
     11.0873        0.157089        0.157089    
     11.0916        0.126115        0.126115    
     11.0950        0.995447E-01    0.995447E-01
     11.0959        0.921145E-01    0.921145E-01
     11.0967        0.845559E-01    0.845559E-01
     11.1001        0.552477E-01    0.552477E-01
     11.1044        0.155030E-01    0.155030E-01
     11.1077       -0.153959E-01   -0.153959E-01
     11.1086       -0.236113E-01   -0.236113E-01
     11.1095       -0.317957E-01   -0.317957E-01
     11.1128       -0.620354E-01   -0.620354E-01
     11.1172       -0.996711E-01   -0.996711E-01
     11.1205       -0.126446       -0.126446    
     11.1214       -0.133200       -0.133200    
     11.1223       -0.139773       -0.139773    
     11.1256       -0.162681       -0.162681    
     11.1300       -0.187935       -0.187935    
     11.1333       -0.203287       -0.203287    
     11.1342       -0.206740       -0.206740    
     11.1351       -0.209912       -0.209912    
     11.1384       -0.219259       -0.219259    
     11.1428       -0.225280       -0.225280    
     11.1461       -0.225058       -0.225058    
     11.1470       -0.224279       -0.224279    
     11.1479       -0.223196       -0.223196    
     11.1513       -0.216476       -0.216476    
     11.1557       -0.201679       -0.201679    
     11.1590       -0.185986       -0.185986    
     11.1599       -0.181197       -0.181197    
     11.1608       -0.176164       -0.176164    
     11.1642       -0.155241       -0.155241    
     11.1685       -0.123686       -0.123686    
     11.1719       -0.968021E-01   -0.968021E-01
     11.1728       -0.893075E-01   -0.893075E-01
     11.1737       -0.816927E-01   -0.816927E-01
     11.1771       -0.522424E-01   -0.522424E-01
     11.1815       -0.124583E-01   -0.124583E-01
     11.1848        0.183758E-01    0.183758E-01
     11.1857        0.265619E-01    0.265619E-01
     11.1866        0.347127E-01    0.347127E-01
     11.1900        0.647952E-01    0.647952E-01
     11.1944        0.102183        0.102183    
     11.1978        0.128764        0.128764    
     11.1987        0.135470        0.135470    
     11.1996        0.141996        0.141996    
     11.2030        0.164758        0.164758    
     11.2074        0.189917        0.189917    
     11.2108        0.205298        0.205298    
     11.2117        0.208777        0.208777    
     11.2126        0.211983        0.211983    
     11.2160        0.221537        0.221537    
     11.2204        0.228029        0.228029    
     11.2238        0.228331        0.228331    
     11.2247        0.227717        0.227717    
     11.2256        0.226808        0.226808    
     11.2290        0.220837        0.220837    
     11.2334        0.207216        0.207216    
     11.2368        0.192556        0.192556    
     11.2377        0.188061        0.188061    
     11.2386        0.183327        0.183327    
     11.2421        0.163568        0.163568    
     11.2465        0.133584        0.133584    
     11.2499        0.107898        0.107898    
     11.2508        0.100717        0.100717    
     11.2517        0.934109E-01    0.934109E-01
     11.2551        0.650437E-01    0.650437E-01
     11.2596        0.264501E-01    0.264501E-01
     11.2630       -0.368879E-02   -0.368879E-02
     11.2639       -0.117268E-01   -0.117268E-01
     11.2648       -0.197518E-01   -0.197518E-01
     11.2683       -0.496085E-01   -0.496085E-01
     11.2727       -0.872625E-01   -0.872625E-01
     11.2762       -0.114456       -0.114456    
     11.2771       -0.121381       -0.121381    
     11.2780       -0.128171       -0.128171    
     11.2814       -0.152434       -0.152434    
     11.2859       -0.180431       -0.180431    
     11.2893       -0.198336       -0.198336    
     11.2903       -0.202502       -0.202502    
     11.2912       -0.206472       -0.206472    
     11.2946       -0.220000       -0.220000    
     11.2991       -0.232809       -0.232809    
     11.3026       -0.237365       -0.237365    
     11.3035       -0.237631       -0.237631    
     11.3044       -0.237782       -0.237782    
     11.3078       -0.238967       -0.238967    
     11.3123       -0.236236       -0.236236    
     11.3158       -0.225200       -0.225200    
     11.3167       -0.220305       -0.220305    
     11.3176       -0.216000       -0.216000    
     11.3211       -0.211329       -0.211329    
     11.3256       -0.196062       -0.196062    
     11.3291       -0.141431       -0.141431    
     11.3300       -0.116498       -0.116498    
     11.3300        0.912383E-02    0.912383E-02
     11.3303       -0.122908E-01   -0.122908E-01
     11.3314       -0.704982E-01   -0.704982E-01
     11.3328       -0.935350E-01   -0.935350E-01
     11.3340       -0.703567E-01   -0.703567E-01
     11.3343       -0.581696E-01   -0.581696E-01
     11.3345       -0.614348E-01   -0.614348E-01
     11.3357       -0.699185E-01   -0.699185E-01
     11.3371       -0.719864E-01   -0.719864E-01
     11.3382       -0.666246E-01   -0.666246E-01
     11.3385       -0.641734E-01   -0.641734E-01
     11.3388       -0.643518E-01   -0.643518E-01
     11.3399       -0.643814E-01   -0.643814E-01
     11.3413       -0.628917E-01   -0.628917E-01
     11.3425       -0.605705E-01   -0.605705E-01
     11.3428       -0.597785E-01   -0.597785E-01
     11.3430       -0.594341E-01   -0.594341E-01
     11.3442       -0.580343E-01   -0.580343E-01
     11.3456       -0.559519E-01   -0.559519E-01
     11.3467       -0.541585E-01   -0.541585E-01
     11.3470       -0.536516E-01   -0.536516E-01
     11.3473       -0.532210E-01   -0.532210E-01
     11.3484       -0.515888E-01   -0.515888E-01
     11.3498       -0.494202E-01   -0.494202E-01
     11.3510       -0.477281E-01   -0.477281E-01
     11.3513       -0.472728E-01   -0.472728E-01
     11.3515       -0.468307E-01   -0.468307E-01
     11.3527       -0.451710E-01   -0.451710E-01
     11.3541       -0.430038E-01   -0.430038E-01
     11.3552       -0.413416E-01   -0.413416E-01
     11.3555       -0.408985E-01   -0.408985E-01
     11.3558       -0.404579E-01   -0.404579E-01
     11.3569       -0.388065E-01   -0.388065E-01
     11.3583       -0.366570E-01   -0.366570E-01
     11.3595       -0.350135E-01   -0.350135E-01
     11.3598       -0.345761E-01   -0.345761E-01
     11.3600       -0.341395E-01   -0.341395E-01
     11.3612       -0.325035E-01   -0.325035E-01
     11.3626       -0.303755E-01   -0.303755E-01
     11.3637       -0.287495E-01   -0.287495E-01
     11.3640       -0.283170E-01   -0.283170E-01
     11.3643       -0.278849E-01   -0.278849E-01
     11.3654       -0.262662E-01   -0.262662E-01
     11.3668       -0.241613E-01   -0.241613E-01
     11.3680       -0.225535E-01   -0.225535E-01
     11.3683       -0.221259E-01   -0.221259E-01
     11.3685       -0.216987E-01   -0.216987E-01
     11.3697       -0.200983E-01   -0.200983E-01
     11.3711       -0.180177E-01   -0.180177E-01
     11.3722       -0.164287E-01   -0.164287E-01
     11.3725       -0.160062E-01   -0.160062E-01
     11.3728       -0.155840E-01   -0.155840E-01
     11.3739       -0.140027E-01   -0.140027E-01
     11.3753       -0.119473E-01   -0.119473E-01
     11.3765       -0.103779E-01   -0.103779E-01
     11.3768       -0.996057E-02   -0.996057E-02
     11.3770       -0.954363E-02   -0.954363E-02
     11.3782       -0.798217E-02   -0.798217E-02
     11.3796       -0.595280E-02   -0.595280E-02
     11.3807       -0.440353E-02   -0.440353E-02
     11.3810       -0.399163E-02   -0.399163E-02
     11.3813       -0.358010E-02   -0.358010E-02
     11.3824       -0.203905E-02   -0.203905E-02
     11.3838       -0.365429E-04   -0.365429E-04
     11.3850        0.149197E-02    0.149197E-02
     11.3853        0.189831E-02    0.189831E-02
     11.3855        0.230427E-02    0.230427E-02
     11.3867        0.382434E-02    0.382434E-02
     11.3881        0.579924E-02    0.579924E-02
     11.3892        0.730642E-02    0.730642E-02
     11.3895        0.770706E-02    0.770706E-02
     11.3898        0.810730E-02    0.810730E-02
     11.3909        0.960582E-02    0.960582E-02
     11.3923        0.115524E-01    0.115524E-01
     11.3935        0.130377E-01    0.130377E-01
     11.3938        0.134325E-01    0.134325E-01
     11.3940        0.138269E-01    0.138269E-01
     11.3952        0.153033E-01    0.153033E-01
     11.3966        0.172209E-01    0.172209E-01
     11.3977        0.186838E-01    0.186838E-01
     11.3980        0.190726E-01    0.190726E-01
     11.3983        0.194610E-01    0.194610E-01
     11.3994        0.209148E-01    0.209148E-01
     11.4008        0.228026E-01    0.228026E-01
     11.4020        0.242426E-01    0.242426E-01
     11.4023        0.246252E-01    0.246252E-01
     11.4025        0.250075E-01    0.250075E-01
     11.4037        0.264381E-01    0.264381E-01
     11.4051        0.282955E-01    0.282955E-01
     11.4062        0.297120E-01    0.297120E-01
     11.4065        0.300884E-01    0.300884E-01
     11.4068        0.304644E-01    0.304644E-01
     11.4079        0.318713E-01    0.318713E-01
     11.4093        0.336976E-01    0.336976E-01
     11.4105        0.350901E-01    0.350901E-01
     11.4108        0.354600E-01    0.354600E-01
     11.4110        0.358295E-01    0.358295E-01
     11.4122        0.372122E-01    0.372122E-01
     11.4136        0.390067E-01    0.390067E-01
     11.4147        0.403745E-01    0.403745E-01
     11.4150        0.407379E-01    0.407379E-01
     11.4153        0.411008E-01    0.411008E-01
     11.4164        0.424587E-01    0.424587E-01
     11.4178        0.442205E-01    0.442205E-01
     11.4190        0.455632E-01    0.455632E-01
     11.4193        0.459198E-01    0.459198E-01
     11.4195        0.462760E-01    0.462760E-01
     11.4207        0.476085E-01    0.476085E-01
     11.4221        0.493368E-01    0.493368E-01
     11.4232        0.506537E-01    0.506537E-01
     11.4235        0.510035E-01    0.510035E-01
     11.4238        0.513527E-01    0.513527E-01
     11.4249        0.526592E-01    0.526592E-01
     11.4263        0.543533E-01    0.543533E-01
     11.4275        0.556438E-01    0.556438E-01
     11.4278        0.559865E-01    0.559865E-01
     11.4280        0.563287E-01    0.563287E-01
     11.4292        0.576084E-01    0.576084E-01
     11.4306        0.592675E-01    0.592675E-01
     11.4317        0.605309E-01    0.605309E-01
     11.4320        0.608663E-01    0.608663E-01
     11.4323        0.612013E-01    0.612013E-01
     11.4334        0.624537E-01    0.624537E-01
     11.4348        0.640768E-01    0.640768E-01
     11.4360        0.653124E-01    0.653124E-01
     11.4363        0.656404E-01    0.656404E-01
     11.4365        0.659679E-01    0.659679E-01
     11.4377        0.671922E-01    0.671922E-01
     11.4391        0.687785E-01    0.687785E-01
     11.4402        0.699857E-01    0.699857E-01
     11.4405        0.703060E-01    0.703060E-01
     11.4408        0.706259E-01    0.706259E-01
     11.4419        0.718214E-01    0.718214E-01
     11.4433        0.733698E-01    0.733698E-01
     11.4445        0.745478E-01    0.745478E-01
     11.4448        0.748603E-01    0.748603E-01
     11.4450        0.751723E-01    0.751723E-01
     11.4462        0.763383E-01    0.763383E-01
     11.4476        0.778479E-01    0.778479E-01
     11.4487        0.789958E-01    0.789958E-01
     11.4490        0.793003E-01    0.793003E-01
     11.4493        0.796043E-01    0.796043E-01
     11.4504        0.807400E-01    0.807400E-01
     11.4518        0.822097E-01    0.822097E-01
     11.4530        0.833268E-01    0.833268E-01
     11.4533        0.836230E-01    0.836230E-01
     11.4535        0.839187E-01    0.839187E-01
     11.4547        0.850233E-01    0.850233E-01
     11.4561        0.864520E-01    0.864520E-01
     11.4572        0.875374E-01    0.875374E-01
     11.4575        0.878252E-01    0.878252E-01
     11.4578        0.881124E-01    0.881124E-01
     11.4589        0.891849E-01    0.891849E-01
     11.4603        0.905716E-01    0.905716E-01
     11.4615        0.916245E-01    0.916245E-01
     11.4618        0.919035E-01    0.919035E-01
     11.4620        0.921820E-01    0.921820E-01
     11.4632        0.932217E-01    0.932217E-01
     11.4646        0.945650E-01    0.945650E-01
     11.4657        0.955845E-01    0.955845E-01
     11.4660        0.958547E-01    0.958547E-01
     11.4663        0.961242E-01    0.961242E-01
     11.4674        0.971300E-01    0.971300E-01
     11.4688        0.984289E-01    0.984289E-01
     11.4700        0.994140E-01    0.994140E-01
     11.4703        0.996750E-01    0.996750E-01
     11.4705        0.999353E-01    0.999353E-01
     11.4717        0.100906        0.100906    
     11.4731        0.102160        0.102160    
     11.4742        0.103109        0.103109    
     11.4745        0.103361        0.103361    
     11.4748        0.103612        0.103612    
     11.4759        0.104547        0.104547    
     11.4773        0.105753        0.105753    
     11.4785        0.106667        0.106667    
     11.4788        0.106909        0.106909    
     11.4790        0.107150        0.107150    
     11.4802        0.108048        0.108048    
     11.4816        0.109206        0.109206    
     11.4827        0.110083        0.110083    
     11.4830        0.110314        0.110314    
     11.4833        0.110546        0.110546    
     11.4844        0.111406        0.111406    
     11.4858        0.112515        0.112515    
     11.4870        0.113353        0.113353    
     11.4873        0.113574        0.113574    
     11.4875        0.113795        0.113795    
     11.4887        0.114617        0.114617    
     11.4901        0.115674        0.115674    
     11.4912        0.116474        0.116474    
     11.4915        0.116685        0.116685    
     11.4918        0.116896        0.116896    
     11.4929        0.117676        0.117676    
     11.4943        0.118679        0.118679    
     11.4955        0.119443        0.119443    
     11.4958        0.119646        0.119646    
     11.4960        0.119848        0.119848    
     11.4972        0.120580        0.120580    
     11.4986        0.121517        0.121517    
     11.4997        0.122267        0.122267    
     11.5000        0.122477        0.122477    
     11.5000        0.122477        0.122477    
     11.5003        0.121574        0.121574    
     11.5017        0.118252        0.118252    
     11.5033        0.114031        0.114031    
     11.5047        0.110837        0.110837    
     11.5050        0.109987        0.109987    
     11.5053        0.109138        0.109138    
     11.5067        0.105983        0.105983    
     11.5083        0.101930        0.101930    
     11.5097        0.988644E-01    0.988644E-01
     11.5100        0.980525E-01    0.980525E-01
     11.5103        0.972430E-01    0.972430E-01
     11.5117        0.942281E-01    0.942281E-01
     11.5133        0.903486E-01    0.903486E-01
     11.5147        0.874148E-01    0.874148E-01
     11.5150        0.866387E-01    0.866387E-01
     11.5153        0.858650E-01    0.858650E-01
     11.5167        0.829831E-01    0.829831E-01
     11.5183        0.792743E-01    0.792743E-01
     11.5197        0.764705E-01    0.764705E-01
     11.5200        0.757290E-01    0.757290E-01
     11.5203        0.749899E-01    0.749899E-01
     11.5217        0.722372E-01    0.722372E-01
     11.5233        0.686956E-01    0.686956E-01
     11.5247        0.660192E-01    0.660192E-01
     11.5250        0.653116E-01    0.653116E-01
     11.5253        0.646063E-01    0.646063E-01
     11.5267        0.619800E-01    0.619800E-01
     11.5283        0.586022E-01    0.586022E-01
     11.5297        0.560506E-01    0.560506E-01
     11.5300        0.553762E-01    0.553762E-01
     11.5303        0.547040E-01    0.547040E-01
     11.5317        0.522016E-01    0.522016E-01
     11.5333        0.489846E-01    0.489846E-01
     11.5347        0.465556E-01    0.465556E-01
     11.5350        0.459137E-01    0.459137E-01
     11.5353        0.452740E-01    0.452740E-01
     11.5367        0.428933E-01    0.428933E-01
     11.5383        0.398344E-01    0.398344E-01
     11.5397        0.375258E-01    0.375258E-01
     11.5400        0.369160E-01    0.369160E-01
     11.5403        0.363083E-01    0.363083E-01
     11.5417        0.340474E-01    0.340474E-01
     11.5433        0.311440E-01    0.311440E-01
     11.5447        0.289543E-01    0.289543E-01
     11.5450        0.283760E-01    0.283760E-01
     11.5453        0.277998E-01    0.277998E-01
     11.5467        0.256570E-01    0.256570E-01
     11.5483        0.229072E-01    0.229072E-01
     11.5497        0.208346E-01    0.208346E-01
     11.5500        0.202875E-01    0.202875E-01
     11.5503        0.197425E-01    0.197425E-01
     11.5517        0.177164E-01    0.177164E-01
     11.5533        0.151182E-01    0.151182E-01
     11.5547        0.131616E-01    0.131616E-01
     11.5550        0.126453E-01    0.126453E-01
     11.5553        0.121311E-01    0.121311E-01
     11.5567        0.102205E-01    0.102205E-01
     11.5583        0.777259E-02    0.777259E-02
     11.5597        0.593082E-02    0.593082E-02
     11.5600        0.544511E-02    0.544511E-02
     11.5603        0.496150E-02    0.496150E-02
     11.5617        0.316538E-02    0.316538E-02
     11.5633        0.866621E-03    0.866621E-03
     11.5647       -0.861075E-03   -0.861075E-03
     11.5650       -0.131643E-02   -0.131643E-02
     11.5653       -0.176968E-02   -0.176968E-02
     11.5667       -0.345199E-02   -0.345199E-02
     11.5683       -0.560248E-02   -0.560248E-02
     11.5697       -0.721669E-02   -0.721669E-02
     11.5700       -0.764182E-02   -0.764182E-02
     11.5703       -0.806486E-02   -0.806486E-02
     11.5717       -0.963386E-02   -0.963386E-02
     11.5733       -0.116366E-01   -0.116366E-01
     11.5747       -0.131377E-01   -0.131377E-01
     11.5750       -0.135327E-01   -0.135327E-01
     11.5753       -0.139256E-01   -0.139256E-01
     11.5767       -0.153816E-01   -0.153816E-01
     11.5783       -0.172369E-01   -0.172369E-01
     11.5797       -0.186250E-01   -0.186250E-01
     11.5800       -0.189899E-01   -0.189899E-01
     11.5803       -0.193527E-01   -0.193527E-01
     11.5817       -0.206956E-01   -0.206956E-01
     11.5833       -0.224035E-01   -0.224035E-01
     11.5847       -0.236785E-01   -0.236785E-01
     11.5850       -0.240133E-01   -0.240133E-01
     11.5853       -0.243459E-01   -0.243459E-01
     11.5867       -0.255757E-01   -0.255757E-01
     11.5883       -0.271358E-01   -0.271358E-01
     11.5897       -0.282974E-01   -0.282974E-01
     11.5900       -0.286020E-01   -0.286020E-01
     11.5903       -0.289044E-01   -0.289044E-01
     11.5917       -0.300206E-01   -0.300206E-01
     11.5933       -0.314324E-01   -0.314324E-01
     11.5947       -0.324802E-01   -0.324802E-01
     11.5950       -0.327543E-01   -0.327543E-01
     11.5953       -0.330264E-01   -0.330264E-01
     11.5967       -0.340285E-01   -0.340285E-01
     11.5983       -0.352910E-01   -0.352910E-01
     11.5997       -0.362242E-01   -0.362242E-01
     11.6000       -0.364678E-01   -0.364678E-01
     11.6003       -0.367093E-01   -0.367093E-01
     11.6017       -0.375965E-01   -0.375965E-01
     11.6033       -0.387087E-01   -0.387087E-01
     11.6047       -0.395264E-01   -0.395264E-01
     11.6050       -0.397392E-01   -0.397392E-01
     11.6053       -0.399498E-01   -0.399498E-01
     11.6067       -0.407211E-01   -0.407211E-01
     11.6083       -0.416817E-01   -0.416817E-01
     11.6097       -0.423828E-01   -0.423828E-01
     11.6100       -0.425645E-01   -0.425645E-01
     11.6103       -0.427439E-01   -0.427439E-01
     11.6117       -0.433981E-01   -0.433981E-01
     11.6133       -0.442054E-01   -0.442054E-01
     11.6147       -0.447886E-01   -0.447886E-01
     11.6150       -0.449388E-01   -0.449388E-01
     11.6153       -0.450868E-01   -0.450868E-01
     11.6167       -0.456225E-01   -0.456225E-01
     11.6183       -0.462746E-01   -0.462746E-01
     11.6197       -0.467384E-01   -0.467384E-01
     11.6200       -0.468567E-01   -0.468567E-01
     11.6203       -0.469728E-01   -0.469728E-01
     11.6217       -0.473884E-01   -0.473884E-01
     11.6233       -0.478832E-01   -0.478832E-01
     11.6247       -0.482260E-01   -0.482260E-01
     11.6250       -0.483119E-01   -0.483119E-01
     11.6253       -0.483956E-01   -0.483956E-01
     11.6267       -0.486894E-01   -0.486894E-01
     11.6283       -0.490246E-01   -0.490246E-01
     11.6297       -0.492444E-01   -0.492444E-01
     11.6300       -0.492975E-01   -0.492975E-01
     11.6303       -0.493483E-01   -0.493483E-01
     11.6317       -0.495184E-01   -0.495184E-01
     11.6333       -0.496913E-01   -0.496913E-01
     11.6347       -0.497861E-01   -0.497861E-01
     11.6350       -0.498058E-01   -0.498058E-01
     11.6353       -0.498232E-01   -0.498232E-01
     11.6367       -0.498674E-01   -0.498674E-01
     11.6383       -0.498752E-01   -0.498752E-01
     11.6397       -0.498428E-01   -0.498428E-01
     11.6400       -0.498285E-01   -0.498285E-01
     11.6403       -0.498118E-01   -0.498118E-01
     11.6417       -0.497279E-01   -0.497279E-01
     11.6433       -0.495676E-01   -0.495676E-01
     11.6447       -0.494056E-01   -0.494056E-01
     11.6450       -0.493566E-01   -0.493566E-01
     11.6453       -0.493053E-01   -0.493053E-01
     11.6467       -0.490908E-01   -0.490908E-01
     11.6483       -0.487591E-01   -0.487591E-01
     11.6497       -0.484649E-01   -0.484649E-01
     11.6500       -0.483806E-01   -0.483806E-01
     11.6503       -0.482938E-01   -0.482938E-01
     11.6517       -0.479461E-01   -0.479461E-01
     11.6533       -0.474395E-01   -0.474395E-01
     11.6547       -0.470105E-01   -0.470105E-01
     11.6550       -0.468901E-01   -0.468901E-01
     11.6553       -0.467673E-01   -0.467673E-01
     11.6567       -0.462835E-01   -0.462835E-01
     11.6583       -0.455984E-01   -0.455984E-01
     11.6597       -0.450316E-01   -0.450316E-01
     11.6600       -0.448744E-01   -0.448744E-01
     11.6603       -0.447147E-01   -0.447147E-01
     11.6617       -0.440920E-01   -0.440920E-01
     11.6633       -0.432245E-01   -0.432245E-01
     11.6647       -0.425169E-01   -0.425169E-01
     11.6650       -0.423221E-01   -0.423221E-01
     11.6653       -0.421247E-01   -0.421247E-01
     11.6667       -0.413601E-01   -0.413601E-01
     11.6683       -0.403060E-01   -0.403060E-01
     11.6697       -0.394546E-01   -0.394546E-01
     11.6700       -0.392213E-01   -0.392213E-01
     11.6703       -0.389853E-01   -0.389853E-01
     11.6717       -0.380755E-01   -0.380755E-01
     11.6733       -0.368307E-01   -0.368307E-01
     11.6747       -0.358321E-01   -0.358321E-01
     11.6750       -0.355595E-01   -0.355595E-01
     11.6753       -0.352841E-01   -0.352841E-01
     11.6767       -0.342258E-01   -0.342258E-01
     11.6783       -0.327859E-01   -0.327859E-01
     11.6797       -0.316368E-01   -0.316368E-01
     11.6800       -0.313239E-01   -0.313239E-01
     11.6803       -0.310081E-01   -0.310081E-01
     11.6817       -0.297979E-01   -0.297979E-01
     11.6833       -0.281584E-01   -0.281584E-01
     11.6847       -0.268552E-01   -0.268552E-01
     11.6850       -0.265011E-01   -0.265011E-01
     11.6853       -0.261441E-01   -0.261441E-01
     11.6867       -0.247784E-01   -0.247784E-01
     11.6883       -0.229347E-01   -0.229347E-01
     11.6897       -0.214738E-01   -0.214738E-01
     11.6900       -0.210776E-01   -0.210776E-01
     11.6903       -0.206783E-01   -0.206783E-01
     11.6917       -0.191535E-01   -0.191535E-01
     11.6933       -0.171008E-01   -0.171008E-01
     11.6947       -0.154786E-01   -0.154786E-01
     11.6950       -0.150392E-01   -0.150392E-01
     11.6953       -0.145968E-01   -0.145968E-01
     11.6967       -0.129092E-01   -0.129092E-01
     11.6983       -0.106426E-01   -0.106426E-01
     11.6997       -0.885541E-02   -0.885541E-02
     11.7000       -0.837186E-02   -0.837186E-02
