 L.H. electric field
     8.70000       -0.582267E-04   -0.528122E-04
     8.70139       -0.468402E-05    0.133301E-04
     8.70660        0.202553E-03    0.259889E-03
     8.71339        0.471390E-03    0.560588E-03
     8.71859        0.660010E-03    0.758199E-03
     8.71998        0.705867E-03    0.804133E-03
     8.72101        0.738384E-03    0.836199E-03
     8.72485        0.849537E-03    0.943429E-03
     8.72987        0.966973E-03    0.105183E-02
     8.73372        0.103411E-02    0.111043E-02
     8.73474        0.104846E-02    0.112241E-02
     8.73576        0.106131E-02    0.113292E-02
     8.73961        0.109710E-02    0.115965E-02
     8.74462        0.111605E-02    0.116407E-02
     8.74845        0.111117E-02    0.114390E-02
     8.74948        0.110724E-02    0.113504E-02
     8.75050        0.110229E-02    0.112468E-02
     8.75434        0.107523E-02    0.107192E-02
     8.75934        0.102085E-02    0.970385E-03
     8.76317        0.965628E-03    0.867704E-03
     8.76419        0.949053E-03    0.836727E-03
     8.76521        0.931687E-03    0.804225E-03
     8.76904        0.859312E-03    0.669542E-03
     8.77404        0.748455E-03    0.468176E-03
     8.77787        0.651556E-03    0.298641E-03
     8.77889        0.624064E-03    0.251751E-03
     8.77991        0.595885E-03    0.204336E-03
     8.78373        0.484619E-03    0.238939E-04
     8.78872        0.329419E-03   -0.211006E-03
     8.79254        0.205786E-03   -0.384282E-03
     8.79356        0.172501E-03   -0.428737E-03
     8.79458        0.139205E-03   -0.472263E-03
     8.79840        0.153904E-04   -0.626041E-03
     8.80338       -0.140168E-03   -0.800170E-03
     8.80719       -0.251593E-03   -0.909602E-03
     8.80821       -0.279774E-03   -0.934819E-03
     8.80923       -0.307230E-03   -0.958298E-03
     8.81304       -0.403512E-03   -0.103063E-02
     8.81801       -0.512285E-03   -0.108579E-02
     8.82182       -0.581956E-03   -0.109631E-02
     8.82284       -0.598425E-03   -0.109427E-02
     8.82385       -0.614023E-03   -0.109012E-02
     8.82766       -0.664995E-03   -0.105548E-02
     8.83263       -0.713202E-03   -0.964610E-03
     8.83643       -0.735810E-03   -0.859590E-03
     8.83744       -0.739698E-03   -0.826386E-03
     8.83846       -0.742660E-03   -0.790955E-03
     8.84226       -0.745164E-03   -0.638773E-03
     8.84722       -0.727141E-03   -0.398595E-03
     8.85102       -0.696176E-03   -0.186533E-03
     8.85203       -0.685320E-03   -0.126380E-03
     8.85304       -0.673321E-03   -0.648592E-04
     8.85684       -0.618115E-03    0.175872E-03
     8.86179       -0.523119E-03    0.505280E-03
     8.86558       -0.433879E-03    0.761566E-03
     8.86659       -0.407829E-03    0.829509E-03
     8.86760       -0.380889E-03    0.897023E-03
     8.87139       -0.272842E-03    0.114419E-02
     8.87634       -0.118566E-03    0.144456E-02
     8.88013        0.674915E-05    0.165059E-02
     8.88113        0.408191E-04    0.170112E-02
     8.88214        0.750659E-04    0.174961E-02
     8.88593        0.204348E-03    0.191209E-02
     8.89087        0.372356E-03    0.207316E-02
     8.89465        0.498187E-03    0.215303E-02
     8.89565        0.531008E-03    0.216741E-02
     8.89666        0.563486E-03    0.217874E-02
     8.90044        0.681943E-03    0.219344E-02
     8.90537        0.826184E-03    0.214447E-02
     8.90915        0.926701E-03    0.205270E-02
     8.91015        0.951771E-03    0.202008E-02
     8.91116        0.976049E-03    0.198394E-02
     8.91493        0.105926E-02    0.181728E-02
     8.91986        0.114593E-02    0.152938E-02
     8.92363        0.119247E-02    0.125786E-02
     8.92463        0.120161E-02    0.117842E-02
     8.92563        0.120925E-02    0.109613E-02
     8.92940        0.122372E-02    0.764413E-03
     8.93432        0.120721E-02    0.286848E-03
     8.93808        0.116578E-02   -0.104028E-03
     8.93909        0.115034E-02   -0.210738E-03
     8.94009        0.113301E-02   -0.318174E-03
     8.94385        0.105149E-02   -0.724294E-03
     8.94876        0.907642E-03   -0.124948E-02
     8.95252        0.770310E-03   -0.163699E-02
     8.95352        0.729939E-03   -0.173674E-02
     8.95452        0.688054E-03   -0.183466E-02
     8.95828        0.518357E-03   -0.218308E-02
     8.96318        0.270448E-03   -0.258314E-02
     8.96693        0.632652E-04   -0.283882E-02
     8.96793        0.590325E-05   -0.289846E-02
     8.96893       -0.522849E-04   -0.295424E-02
     8.97268       -0.277118E-03   -0.312753E-02
     8.97758       -0.581686E-03   -0.326237E-02
     8.98133       -0.819689E-03   -0.329021E-02
     8.98232       -0.883314E-03   -0.328594E-02
     8.98332       -0.946904E-03   -0.327656E-02
     8.98707       -0.118369E-02   -0.319540E-02
     8.99195       -0.148196E-02   -0.298115E-02
     8.99570       -0.169624E-02   -0.273461E-02
     8.99669       -0.175053E-02   -0.265694E-02
     8.99769       -0.180342E-02   -0.257428E-02
     9.00143       -0.198734E-02   -0.222186E-02
     9.00631       -0.218658E-02   -0.167159E-02
     9.01005       -0.230203E-02   -0.119016E-02
     9.01104       -0.232666E-02   -0.105424E-02
     9.01204       -0.234850E-02   -0.915475E-03
     9.01577       -0.240480E-02   -0.373852E-03
     9.02065       -0.241509E-02    0.366878E-03
     9.02438       -0.237242E-02    0.945511E-03
     9.02537       -0.235340E-02    0.109955E-02
     9.02637       -0.233112E-02    0.125303E-02
     9.03010       -0.221899E-02    0.181961E-02
     9.03496       -0.200666E-02    0.252149E-02
     9.03869       -0.179504E-02    0.301610E-02
     9.03968       -0.173169E-02    0.313986E-02
     9.04067       -0.166547E-02    0.325980E-02
     9.04440       -0.139239E-02    0.367249E-02
     9.04925       -0.982660E-03    0.411087E-02
     9.05297       -0.632458E-03    0.435912E-02
     9.05397       -0.534394E-03    0.441116E-02
     9.05496       -0.434476E-03    0.445690E-02
     9.05868       -0.451405E-04    0.457073E-02
     9.06353        0.487715E-03    0.457773E-02
     9.06724        0.906152E-03    0.447060E-02
     9.06823        0.101809E-02    0.442512E-02
     9.06922        0.112988E-02    0.437240E-02
     9.07293        0.154472E-02    0.411134E-02
     9.07778        0.206315E-02    0.362785E-02
     9.08149        0.243152E-02    0.315484E-02
     9.08248        0.252412E-02    0.301462E-02
     9.08346        0.261400E-02    0.286872E-02
     9.08717        0.292414E-02    0.227531E-02
     9.09201        0.325565E-02    0.140907E-02
     9.09571        0.344516E-02    0.691275E-03
     9.09670        0.348522E-02    0.494028E-03
     9.09769        0.352066E-02    0.294842E-03
     9.10139        0.361135E-02   -0.464244E-03
     9.10622        0.362621E-02   -0.146229E-02
     9.10992        0.355533E-02   -0.221364E-02
     9.11090        0.352406E-02   -0.240963E-02
     9.11189        0.348749E-02   -0.260324E-02
     9.11559        0.330352E-02   -0.330361E-02
     9.12041        0.295520E-02   -0.413762E-02
     9.12410        0.260793E-02   -0.469848E-02
     9.12509        0.250395E-02   -0.483448E-02
     9.12607        0.239523E-02   -0.496428E-02
     9.12976        0.194721E-02   -0.539253E-02
     9.13458        0.127783E-02   -0.580037E-02
     9.13827        0.709669E-03   -0.598641E-02
     9.13925        0.551344E-03   -0.601622E-02
     9.14023        0.390461E-03   -0.603736E-02
     9.14392       -0.231606E-03   -0.603898E-02
     9.14873       -0.107012E-02   -0.585749E-02
     9.15241       -0.171718E-02   -0.557862E-02
     9.15339       -0.188837E-02   -0.548395E-02
     9.15437       -0.205850E-02   -0.538083E-02
     9.15805       -0.268233E-02   -0.492195E-02
     9.16286       -0.344500E-02   -0.416661E-02
     9.16653       -0.397400E-02   -0.348141E-02
     9.16751       -0.410498E-02   -0.328484E-02
     9.16849       -0.423124E-02   -0.308290E-02
     9.17217       -0.465975E-02   -0.228305E-02
     9.17696       -0.510020E-02   -0.116099E-02
     9.18064       -0.533605E-02   -0.261631E-03
     9.18162       -0.538278E-02   -0.185996E-04
     9.18259       -0.542239E-02    0.225189E-03
     9.18627       -0.550642E-02    0.114064E-02
     9.19105       -0.545941E-02    0.231399E-02
     9.19472       -0.530019E-02    0.317520E-02
     9.19570       -0.523938E-02    0.339660E-02
     9.19668       -0.517073E-02    0.361389E-02
     9.20034       -0.484460E-02    0.438728E-02
     9.20512       -0.426373E-02    0.527754E-02
     9.20879       -0.370668E-02    0.585030E-02
     9.20976       -0.354269E-02    0.598476E-02
     9.21074       -0.337244E-02    0.611099E-02
     9.21440       -0.268234E-02    0.650811E-02
     9.21917       -0.167882E-02    0.683557E-02
     9.22283       -0.848634E-03    0.693183E-02
     9.22381       -0.620546E-03    0.693385E-02
     9.22478       -0.390206E-03    0.692571E-02
     9.22844        0.487560E-03    0.680549E-02
     9.23320        0.164115E-02    0.644123E-02
     9.23686        0.250882E-02    0.600848E-02
     9.23783        0.273499E-02    0.587130E-02
     9.23880        0.295830E-02    0.572516E-02
     9.24245        0.376481E-02    0.510143E-02
     9.24721        0.472173E-02    0.412582E-02
     9.25086        0.536205E-02    0.327074E-02
     9.25183        0.551675E-02    0.302908E-02
     9.25280        0.566413E-02    0.278217E-02
     9.25645        0.614805E-02    0.181503E-02
     9.26121        0.660283E-02    0.480528E-03
     9.26485        0.680393E-02   -0.574860E-03
     9.26582        0.683454E-02   -0.858205E-03
     9.26679        0.685511E-02   -0.114170E-02
     9.27043        0.684202E-02   -0.219985E-02
     9.27518        0.661077E-02   -0.354123E-02
     9.27881        0.626954E-02   -0.451416E-02
     9.27978        0.615464E-02   -0.476247E-02
     9.28075        0.602969E-02   -0.500535E-02
     9.28439        0.547478E-02   -0.586227E-02
     9.28913        0.456170E-02   -0.683018E-02
     9.29276        0.373178E-02   -0.743685E-02
     9.29373        0.349329E-02   -0.757641E-02
     9.29470        0.324805E-02   -0.770607E-02
     9.29833        0.227465E-02   -0.810124E-02
     9.30306        0.904679E-03   -0.839166E-02
     9.30669       -0.196451E-03   -0.843369E-02
     9.30766       -0.494429E-03   -0.841754E-02
     9.30863       -0.793471E-03   -0.838969E-02
     9.31225       -0.191702E-02   -0.818205E-02
     9.31698       -0.335745E-02   -0.767286E-02
     9.32060       -0.441391E-02   -0.710637E-02
     9.32157       -0.468525E-02   -0.693036E-02
     9.32253       -0.495142E-02   -0.674404E-02
     9.32615       -0.589726E-02   -0.595786E-02
     9.33088       -0.698213E-02   -0.474518E-02
     9.33450       -0.767648E-02   -0.369164E-02
     9.33546       -0.783881E-02   -0.339494E-02
     9.33642       -0.799089E-02   -0.309217E-02
     9.34004       -0.846628E-02   -0.190935E-02
     9.34476       -0.884915E-02   -0.284669E-03
     9.34837       -0.894979E-02    0.994459E-03
     9.34933       -0.894715E-02    0.133700E-02
     9.35029       -0.893180E-02    0.167931E-02
     9.35391       -0.876172E-02    0.295297E-02
     9.35862       -0.827859E-02    0.455701E-02
     9.36223       -0.771385E-02    0.571114E-02
     9.36319       -0.753555E-02    0.600411E-02
     9.36415       -0.734581E-02    0.628994E-02
     9.36776       -0.653732E-02    0.729149E-02
     9.37246       -0.527564E-02    0.840478E-02
     9.37606       -0.417183E-02    0.908574E-02
     9.37702       -0.386017E-02    0.923921E-02
     9.37798       -0.354189E-02    0.938016E-02
     9.38159       -0.229721E-02    0.979403E-02
     9.38628       -0.586300E-03    0.100512E-01
     9.38988        0.760000E-03    0.100224E-01
     9.39084        0.112024E-02    0.998058E-02
     9.39180        0.148007E-02    0.992415E-02
     9.39540        0.281725E-02    0.958376E-02
     9.40009        0.449706E-02    0.884358E-02
     9.40369        0.570204E-02    0.805849E-02
     9.40464        0.600729E-02    0.781845E-02
     9.40560        0.630483E-02    0.756578E-02
     9.40919        0.734507E-02    0.651171E-02
     9.41388        0.849575E-02    0.491204E-02
     9.41747        0.919470E-02    0.354047E-02
     9.41843        0.935134E-02    0.315673E-02
     9.41938        0.949476E-02    0.276619E-02
     9.42297        0.991178E-02    0.125052E-02
     9.42765        0.101591E-01   -0.807282E-03
     9.43124        0.101125E-01   -0.240811E-02
     9.43219        0.100645E-01   -0.283381E-02
     9.43315        0.100014E-01   -0.325788E-02
     9.43673        0.963107E-02   -0.482345E-02
     9.44141        0.884264E-02   -0.676492E-02
     9.44499        0.801520E-02   -0.813648E-02
     9.44594        0.776329E-02   -0.848045E-02
     9.44690        0.749858E-02   -0.881411E-02
     9.45047        0.639841E-02   -0.996555E-02
     9.45514        0.473846E-02   -0.112001E-01
     9.45872        0.332250E-02   -0.119132E-01
     9.45967        0.292741E-02   -0.120659E-01
     9.46063        0.252580E-02   -0.122020E-01
     9.46420        0.971313E-03   -0.125618E-01
     9.46886       -0.112966E-02   -0.126652E-01
     9.47244       -0.275696E-02   -0.124565E-01
     9.47339       -0.318863E-02   -0.123579E-01
     9.47434       -0.361821E-02   -0.122410E-01
     9.47791       -0.520042E-02   -0.116432E-01
     9.48257       -0.715424E-02   -0.105026E-01
     9.48614       -0.852836E-02   -0.936871E-02
     9.48709       -0.887203E-02   -0.903048E-02
     9.48804       -0.920501E-02   -0.867769E-02
     9.49160       -0.103507E-01   -0.723383E-02
     9.49626       -0.115710E-01   -0.510347E-02
     9.49982       -0.122686E-01   -0.331917E-02
     9.50077       -0.124166E-01   -0.282582E-02
     9.50172       -0.125478E-01   -0.232622E-02
     9.50528       -0.128877E-01   -0.409110E-03
     9.50993       -0.129616E-01    0.214317E-02
     9.51349       -0.127283E-01    0.409019E-02
     9.51444       -0.126229E-01    0.460215E-02
     9.51538       -0.124991E-01    0.510964E-02
     9.51894       -0.118751E-01    0.696083E-02
     9.52358       -0.106991E-01    0.920327E-02
     9.52714       -0.953762E-02    0.107442E-01
     9.52809       -0.919198E-02    0.111236E-01
     9.52903       -0.883177E-02    0.114884E-01
     9.53259       -0.735996E-02    0.127181E-01
     9.53722       -0.519294E-02    0.139627E-01
     9.54077       -0.338043E-02    0.146121E-01
     9.54172       -0.287955E-02    0.147373E-01
     9.54267       -0.237241E-02    0.148415E-01
     9.54622       -0.426864E-03    0.150433E-01
     9.55085        0.216302E-02    0.148553E-01
     9.55439        0.413939E-02    0.143631E-01
     9.55534        0.465925E-02    0.141807E-01
     9.55628        0.517471E-02    0.139769E-01
     9.55983        0.705636E-02    0.130263E-01
     9.56445        0.933990E-02    0.113728E-01
     9.56800        0.109134E-01    0.981530E-02
     9.56894        0.113016E-01    0.936087E-02
     9.56989        0.116753E-01    0.889082E-02
     9.57343        0.129393E-01    0.700073E-02
     9.57805        0.142298E-01    0.428529E-02
     9.58159        0.149148E-01    0.206183E-02
     9.58253        0.150495E-01    0.145413E-02
     9.58347        0.151632E-01    0.841683E-03
     9.58701        0.154003E-01   -0.148260E-02
     9.59163        0.152559E-01   -0.451784E-02
     9.59516        0.147942E-01   -0.678864E-02
     9.59610        0.146193E-01   -0.737901E-02
     9.59705        0.144227E-01   -0.796131E-02
     9.60058        0.134963E-01   -0.100597E-01
     9.60519        0.118655E-01   -0.125407E-01
     9.60872        0.103173E-01   -0.141960E-01
     9.60966        0.986400E-02   -0.145953E-01
     9.61060        0.939440E-02   -0.149756E-01
     9.61413        0.750003E-02   -0.162233E-01
     9.61874        0.476392E-02   -0.173987E-01
     9.62227        0.251233E-02   -0.179261E-01
     9.62321        0.189525E-02   -0.180089E-01
     9.62415        0.127260E-02   -0.180668E-01
     9.62767       -0.109723E-02   -0.180605E-01
     9.63227       -0.420833E-02   -0.175272E-01
     9.63580       -0.654904E-02   -0.167212E-01
     9.63674       -0.715967E-02   -0.164488E-01
     9.63768       -0.776289E-02   -0.161525E-01
     9.64120       -0.994504E-02   -0.148360E-01
     9.64579       -0.125455E-01   -0.126699E-01
     9.64932       -0.142976E-01   -0.107022E-01
     9.65025       -0.147233E-01   -0.101370E-01
     9.65119       -0.151300E-01   -0.955583E-02
     9.65471       -0.164773E-01   -0.724890E-02
     9.65930       -0.177802E-01   -0.399889E-02
     9.66282       -0.184006E-01   -0.138199E-02
     9.66376       -0.185072E-01   -0.672891E-03
     9.66469       -0.185882E-01    0.392433E-04
     9.66821       -0.186632E-01    0.272036E-02
     9.67279       -0.182206E-01    0.617362E-02
     9.67631       -0.174698E-01    0.872194E-02
     9.67724       -0.172098E-01    0.937925E-02
     9.67818       -0.169248E-01    0.100254E-01
     9.68169       -0.156412E-01    0.123345E-01
     9.68627       -0.134944E-01    0.150199E-01
     9.68978       -0.115231E-01    0.167753E-01
     9.69072       -0.109542E-01    0.171928E-01
     9.69166       -0.103682E-01    0.175876E-01
     9.69516       -0.803296E-02    0.188577E-01
     9.69974       -0.472377E-02    0.199884E-01
     9.70325       -0.204601E-02    0.204269E-01
     9.70418       -0.131860E-02    0.204783E-01
     9.70512       -0.587331E-03    0.205015E-01
     9.70862        0.217216E-02    0.203383E-01
     9.71320        0.574039E-02    0.195427E-01
     9.71670        0.838378E-02    0.184970E-01
     9.71763        0.906711E-02    0.181558E-01
     9.71857        0.973944E-02    0.177888E-01
     9.72207        0.121479E-01    0.161922E-01
     9.72664        0.149621E-01    0.136338E-01
     9.73014        0.168128E-01    0.113528E-01
     9.73107        0.172549E-01    0.107032E-01
     9.73200        0.176738E-01    0.100375E-01
     9.73550        0.190303E-01    0.741429E-02
     9.74007        0.202612E-01    0.376207E-02
     9.74356        0.207655E-01    0.852716E-03
     9.74450        0.208327E-01    0.688961E-04
     9.74543        0.208708E-01   -0.716363E-03
     9.74892        0.207565E-01   -0.365605E-02
     9.75348        0.200075E-01   -0.740353E-02
     9.75698        0.189845E-01   -0.101389E-01
     9.75791        0.186475E-01   -0.108398E-01
     9.75884        0.182839E-01   -0.115267E-01
     9.76233        0.166934E-01   -0.139637E-01
     9.76689        0.141291E-01   -0.167543E-01
     9.77038        0.118345E-01   -0.185420E-01
     9.77131        0.111802E-01   -0.189609E-01
     9.77224        0.105093E-01   -0.193540E-01
     9.77573        0.786365E-02   -0.205913E-01
     9.78028        0.417714E-02   -0.216194E-01
     9.78377        0.123998E-02   -0.219369E-01
     9.78470        0.448787E-03   -0.219502E-01
     9.78563       -0.343754E-03   -0.219330E-01
     9.78912       -0.330937E-02   -0.215992E-01
     9.79367       -0.708552E-02   -0.205430E-01
     9.79715       -0.983713E-02   -0.192753E-01
     9.79808       -0.105413E-01   -0.188725E-01
     9.79901       -0.112310E-01   -0.184430E-01
     9.80249       -0.136738E-01   -0.166070E-01
     9.80704       -0.164608E-01   -0.137329E-01
     9.81052       -0.182366E-01   -0.112155E-01
     9.81145       -0.186509E-01   -0.105046E-01
     9.81237       -0.190389E-01   -0.977869E-02
     9.81586       -0.202520E-01   -0.694026E-02
     9.82040       -0.212382E-01   -0.304005E-02
     9.82388       -0.215170E-01    0.274715E-04
     9.82480       -0.215191E-01    0.847995E-03
     9.82573       -0.214904E-01    0.166746E-02
     9.82921       -0.211117E-01    0.471224E-02
     9.83375       -0.199947E-01    0.853845E-02
     9.83723       -0.186814E-01    0.112865E-01
     9.83815       -0.182668E-01    0.119834E-01
     9.83908       -0.178258E-01    0.126632E-01
     9.84255       -0.159500E-01    0.150456E-01
     9.84709       -0.130341E-01    0.177013E-01
     9.85056       -0.104953E-01    0.193386E-01
     9.85149       -0.978055E-02    0.197107E-01
     9.85241       -0.905162E-02    0.200543E-01
     9.85589       -0.621049E-02    0.210839E-01
     9.86042       -0.232869E-02    0.217947E-01
     9.86389        0.706173E-03    0.218399E-01
     9.86482        0.151508E-02    0.217771E-01
     9.86574        0.232168E-02    0.216825E-01
     9.86921        0.530695E-02    0.210500E-01
     9.87374        0.902926E-02    0.195934E-01
     9.87721        0.116778E-01    0.180201E-01
     9.87814        0.123453E-01    0.175371E-01
     9.87906        0.129946E-01    0.170282E-01
     9.88253        0.152522E-01    0.149048E-01
     9.88705        0.177238E-01    0.116892E-01
     9.89052        0.192061E-01    0.894486E-02
     9.89144        0.195352E-01    0.817963E-02
     9.89237        0.198351E-01    0.740221E-02
     9.89583        0.206960E-01    0.439804E-02
     9.90036        0.211797E-01    0.352611E-03
     9.90382        0.210499E-01   -0.276607E-02
     9.90474        0.209409E-01   -0.359078E-02
     9.90567        0.208004E-01   -0.441028E-02
     9.90913        0.199994E-01   -0.741790E-02
     9.91365        0.183370E-01   -0.111069E-01
     9.91711        0.166212E-01   -0.136816E-01
     9.91804        0.161029E-01   -0.143224E-01
     9.91896        0.155602E-01   -0.149419E-01
     9.92242        0.133222E-01   -0.170620E-01
     9.92694        0.999090E-02   -0.192963E-01
     9.93040        0.718725E-02   -0.205560E-01
     9.93132        0.641095E-02   -0.208202E-01
     9.93224        0.562453E-02   -0.210530E-01
     9.93570        0.260567E-02   -0.216440E-01
     9.94022       -0.141256E-02   -0.217397E-01
     9.94367       -0.447372E-02   -0.212916E-01
     9.94460       -0.527760E-02   -0.210954E-01
     9.94552       -0.607394E-02   -0.208670E-01
     9.94897       -0.897413E-02   -0.197317E-01
     9.95349       -0.124764E-01   -0.176306E-01
     9.95694       -0.148744E-01   -0.155845E-01
     9.95786       -0.154634E-01   -0.149800E-01
     9.95878       -0.160291E-01   -0.143520E-01
     9.96224       -0.179319E-01   -0.118053E-01
     9.96675       -0.198502E-01   -0.810463E-02
     9.97020       -0.208478E-01   -0.505049E-02
     9.97112       -0.210398E-01   -0.421300E-02
     9.97204       -0.211995E-01   -0.336797E-02
     9.97550       -0.215108E-01   -0.153513E-03
     9.98001       -0.212347E-01    0.405799E-02
     9.98346       -0.205030E-01    0.721590E-02
     9.98438       -0.202322E-01    0.803758E-02
     9.98530       -0.199298E-01    0.884823E-02
     9.98875       -0.185241E-01    0.117708E-01
     9.99325       -0.160940E-01    0.152280E-01
     9.99671       -0.138204E-01    0.175347E-01
     9.99763       -0.131596E-01    0.180911E-01
     9.99855       -0.124773E-01    0.186208E-01
     10.0020       -0.974637E-02    0.203584E-01
     10.0065       -0.585565E-02    0.219949E-01
     10.0099       -0.269871E-02    0.227301E-01
     10.0109       -0.184060E-02    0.228459E-01
     10.0118       -0.977912E-03    0.229271E-01
     10.0152        0.227604E-02    0.229231E-01
     10.0197        0.647473E-02    0.221962E-01
     10.0232        0.957270E-02    0.210963E-01
     10.0241        0.103710E-01    0.207250E-01
     10.0250        0.111551E-01    0.203212E-01
     10.0285        0.139513E-01    0.185310E-01
     10.0330        0.171829E-01    0.155982E-01
     10.0364        0.192735E-01    0.129474E-01
     10.0373        0.197664E-01    0.121883E-01
     10.0383        0.202301E-01    0.114090E-01
     10.0417        0.217012E-01    0.832671E-02
     10.0462        0.229508E-01    0.401656E-02
     10.0496        0.233662E-01    0.575554E-03
     10.0506        0.233941E-01   -0.351907E-03
     10.0515        0.233864E-01   -0.128103E-02
     10.0549        0.230438E-01   -0.475705E-02
     10.0594        0.218704E-01   -0.917648E-02
     10.0629        0.204328E-01   -0.123867E-01
     10.0638        0.199730E-01   -0.132060E-01
     10.0647        0.194818E-01   -0.140074E-01
     10.0681        0.173740E-01   -0.168342E-01
     10.0726        0.140596E-01   -0.200255E-01
     10.0761        0.111487E-01   -0.220241E-01
     10.0770        0.103259E-01   -0.224835E-01
     10.0779        0.948540E-02   -0.229102E-01
     10.0814        0.619814E-02   -0.242107E-01
     10.0858        0.168297E-02   -0.251682E-01
     10.0893       -0.186301E-02   -0.253117E-01
     10.0902       -0.281031E-02   -0.252607E-01
     10.0911       -0.375576E-02   -0.251717E-01
     10.0946       -0.726150E-02   -0.245038E-01
     10.0991       -0.116447E-01   -0.228670E-01
     10.1025       -0.147694E-01   -0.210525E-01
     10.1034       -0.155576E-01   -0.204901E-01
     10.1042       -0.162476E-01   -0.199573E-01
     10.1073       -0.186695E-01   -0.177417E-01
     10.1114       -0.213835E-01   -0.143884E-01
     10.1145       -0.230756E-01   -0.115140E-01
     10.1153       -0.234644E-01   -0.107093E-01
     10.1161       -0.238256E-01   -0.988991E-02
     10.1192       -0.249301E-01   -0.670361E-02
     10.1232       -0.257571E-01   -0.235139E-02
     10.1263       -0.259033E-01    0.106572E-02
     10.1271       -0.258689E-01    0.198038E-02
     10.1280       -0.258032E-01    0.289457E-02
     10.1311       -0.252814E-01    0.630141E-02
     10.1351       -0.239641E-01    0.106186E-01
     10.1382       -0.224839E-01    0.137600E-01
     10.1390       -0.220226E-01    0.145646E-01
     10.1398       -0.215337E-01    0.153534E-01
     10.1429       -0.194665E-01    0.181563E-01
     10.1469       -0.162658E-01    0.213852E-01
     10.1500       -0.134748E-01    0.234779E-01
     10.1509       -0.126871E-01    0.239734E-01
     10.1517       -0.118825E-01    0.244412E-01
     10.1548       -0.873124E-02    0.259411E-01
     10.1588       -0.437588E-02    0.272659E-01
     10.1619       -0.918802E-03    0.277721E-01
     10.1627        0.120175E-04    0.278296E-01
     10.1635        0.944691E-03    0.278540E-01
     10.1666        0.444099E-02    0.276509E-01
     10.1707        0.892026E-02    0.266987E-01
     10.1737        0.122184E-01    0.254535E-01
     10.1746        0.130693E-01    0.250475E-01
     10.1754        0.139061E-01    0.246108E-01
     10.1785        0.169043E-01    0.227096E-01
     10.1825        0.204191E-01    0.196529E-01
     10.1856        0.227504E-01    0.169138E-01
     10.1864        0.233118E-01    0.161311E-01
     10.1872        0.238464E-01    0.153277E-01
     10.1903        0.256031E-01    0.121473E-01
     10.1944        0.272721E-01    0.767572E-02
     10.1975        0.280438E-01    0.407090E-02
     10.1983        0.281718E-01    0.309229E-02
     10.1991        0.282662E-01    0.210833E-02
     10.2022        0.283220E-01   -0.161027E-02
     10.2062        0.276924E-01   -0.644521E-02
     10.2093        0.266778E-01   -0.100612E-01
     10.2101        0.263303E-01   -0.110027E-01
     10.2110        0.259507E-01   -0.119326E-01
     10.2140        0.242502E-01   -0.152992E-01
     10.2181        0.214194E-01   -0.193319E-01
     10.2212        0.188224E-01   -0.220811E-01
     10.2220        0.180727E-01   -0.227561E-01
     10.2228        0.173001E-01   -0.234049E-01
     10.2259        0.142156E-01   -0.255939E-01
     10.2299        0.982094E-02   -0.278267E-01
     10.2330        0.623711E-02   -0.290220E-01
     10.2338        0.525840E-02   -0.292606E-01
     10.2347        0.427192E-02   -0.294644E-01
     10.2378        0.522692E-03   -0.299180E-01
     10.2418       -0.440106E-02   -0.297693E-01
     10.2449       -0.812109E-02   -0.290868E-01
     10.2457       -0.909551E-02   -0.288216E-01
     10.2465       -0.100604E-01   -0.285215E-01
     10.2496       -0.135757E-01   -0.270927E-01
     10.2536       -0.178406E-01   -0.245487E-01
     10.2567       -0.207933E-01   -0.221154E-01
     10.2575       -0.215259E-01   -0.214005E-01
     10.2584       -0.222335E-01   -0.206590E-01
     10.2615       -0.246532E-01   -0.176569E-01
     10.2655       -0.272057E-01   -0.132881E-01
     10.2686       -0.286553E-01   -0.966113E-02
     10.2694       -0.289625E-01   -0.866166E-02
     10.2702       -0.292350E-01   -0.765053E-02
     10.2733       -0.299466E-01   -0.377489E-02
     10.2773       -0.301295E-01    0.139050E-02
     10.2804       -0.296922E-01    0.535080E-02
     10.2813       -0.294905E-01    0.639688E-02
     10.2821       -0.292529E-01    0.743647E-02
     10.2852       -0.280491E-01    0.112579E-01
     10.2892       -0.257718E-01    0.159759E-01
     10.2923       -0.235185E-01    0.193102E-01
     10.2931       -0.228475E-01    0.201487E-01
     10.2939       -0.221481E-01    0.209638E-01
     10.2970       -0.192872E-01    0.237980E-01
     10.3011       -0.150609E-01    0.269095E-01
     10.3041       -0.115093E-01    0.287929E-01
     10.3050       -0.105248E-01    0.292154E-01
     10.3058       -0.952631E-02    0.296030E-01
     10.3089       -0.567855E-02    0.307406E-01
     10.3129       -0.503320E-03    0.314577E-01
     10.3160        0.349937E-02    0.314052E-01
     10.3168        0.456177E-02    0.313014E-01
     10.3177        0.561979E-02    0.311595E-01
     10.3207        0.952825E-02    0.302938E-01
     10.3248        0.143994E-01    0.284013E-01
     10.3279        0.178785E-01    0.263938E-01
     10.3287        0.187593E-01    0.257805E-01
     10.3295        0.196181E-01    0.251353E-01
     10.3326        0.226283E-01    0.224459E-01
     10.3366        0.259932E-01    0.183659E-01
     10.3397        0.280847E-01    0.148647E-01
     10.3406        0.285642E-01    0.138843E-01
     10.3414        0.290093E-01    0.128861E-01
     10.3445        0.303659E-01    0.900449E-02
     10.3485        0.313717E-01    0.370472E-02
     10.3516        0.315379E-01   -0.452918E-03
     10.3524        0.314915E-01   -0.156509E-02
     10.3533        0.314065E-01   -0.267634E-02
     10.3564        0.307487E-01   -0.681403E-02
     10.3604        0.291099E-01   -0.120482E-01
     10.3635        0.272797E-01   -0.158489E-01
     10.3643        0.267106E-01   -0.168210E-01
     10.3651        0.261083E-01   -0.177734E-01
     10.3682        0.235672E-01   -0.211518E-01
     10.3723        0.196482E-01   -0.250297E-01
     10.3754        0.162436E-01   -0.275313E-01
     10.3762        0.152847E-01   -0.281216E-01
     10.3770        0.143063E-01   -0.286779E-01
     10.3801        0.104824E-01   -0.304528E-01
     10.3841        0.521946E-02   -0.319981E-01
     10.3872        0.106065E-02   -0.325646E-01
     10.3881       -0.561253E-04   -0.326220E-01
     10.3889       -0.117378E-02   -0.326393E-01
     10.3920       -0.535104E-02   -0.323501E-01
     10.3960       -0.106716E-01   -0.311493E-01
     10.3991       -0.145629E-01   -0.296149E-01
     10.3999       -0.155625E-01   -0.291182E-01
     10.4008       -0.165437E-01   -0.285851E-01
     10.4039       -0.200414E-01   -0.262765E-01
     10.4079       -0.240975E-01   -0.225917E-01
     10.4110       -0.267495E-01   -0.193102E-01
     10.4118       -0.273816E-01   -0.183755E-01
     10.4127       -0.279802E-01   -0.174175E-01
     10.4158       -0.299180E-01   -0.136372E-01
     10.4198       -0.316817E-01   -0.835292E-02
     10.4229       -0.324164E-01   -0.411853E-02
     10.4237       -0.325183E-01   -0.297302E-02
     10.4246       -0.325798E-01   -0.182305E-02
     10.4277       -0.324532E-01    0.250619E-02
     10.4317       -0.314537E-01    0.809337E-02
     10.4348       -0.300621E-01    0.122370E-01
     10.4356       -0.296013E-01    0.133103E-01
     10.4365       -0.291033E-01    0.143678E-01
     10.4396       -0.269171E-01    0.181727E-01
     10.4436       -0.233686E-01    0.226721E-01
     10.4467       -0.201719E-01    0.256892E-01
     10.4475       -0.192567E-01    0.264213E-01
     10.4484       -0.183169E-01    0.271211E-01
     10.4515       -0.145927E-01    0.294447E-01
     10.4555       -0.935322E-02    0.317186E-01
     10.4586       -0.513124E-02    0.328414E-01
     10.4594       -0.398583E-02    0.330453E-01
     10.4603       -0.283462E-02    0.332081E-01
     10.4634        0.151077E-02    0.334520E-01
     10.4674        0.714471E-02    0.329062E-01
     10.4705        0.113422E-01    0.318326E-01
     10.4714        0.124324E-01    0.314514E-01
     10.4722        0.135076E-01    0.310306E-01
     10.4753        0.173873E-01    0.291113E-01
     10.4793        0.220004E-01    0.258531E-01
     10.4825        0.251143E-01    0.228302E-01
     10.4833        0.258734E-01    0.219537E-01
     10.4841        0.266004E-01    0.210491E-01
     10.4872        0.290292E-01    0.174275E-01
     10.4913        0.314434E-01    0.122501E-01
     10.4944        0.326734E-01    0.802012E-02
     10.4952        0.329055E-01    0.686440E-02
     10.4960        0.330962E-01    0.569943E-02
     10.4991        0.334421E-01    0.127248E-02
     10.5032        0.330201E-01   -0.453561E-02
     10.5063        0.320323E-01   -0.891525E-02
     10.5071        0.316724E-01   -0.100607E-01
     10.5080        0.312721E-01   -0.111940E-01
     10.5111        0.294229E-01   -0.153139E-01
     10.5151        0.262389E-01   -0.202879E-01
     10.5183        0.232586E-01   -0.237087E-01
     10.5191        0.223913E-01   -0.245533E-01
     10.5199        0.214950E-01   -0.253672E-01
     10.5230        0.178960E-01   -0.281320E-01
     10.5271        0.127288E-01   -0.310009E-01
     10.5302        0.849255E-02   -0.325845E-01
     10.5310        0.733311E-02   -0.329107E-01
     10.5319        0.616360E-02   -0.331953E-01
     10.5350        0.171273E-02   -0.338888E-01
     10.5391       -0.414124E-02   -0.339027E-01
     10.5422       -0.856564E-02   -0.332286E-01
     10.5430       -0.972421E-02   -0.329485E-01
     10.5438       -0.108711E-01   -0.326262E-01
     10.5470       -0.150454E-01   -0.310526E-01
     10.5510       -0.200959E-01   -0.281819E-01
     10.5541       -0.235775E-01   -0.254019E-01
     10.5550       -0.244384E-01   -0.245815E-01
     10.5558       -0.252685E-01   -0.237294E-01
     10.5589       -0.280931E-01   -0.202707E-01
     10.5630       -0.310356E-01   -0.152245E-01
     10.5661       -0.326701E-01   -0.110320E-01
     10.5670       -0.330088E-01   -0.987691E-02
     10.5678       -0.333054E-01   -0.870866E-02
     10.5709       -0.340395E-01   -0.423535E-02
     10.5750       -0.340940E-01    0.171020E-02
     10.5781       -0.334404E-01    0.625041E-02
     10.5789       -0.331642E-01    0.744628E-02
     10.5798       -0.328450E-01    0.863307E-02
     10.5829       -0.312766E-01    0.129793E-01
     10.5870       -0.283978E-01    0.183015E-01
     10.5901       -0.256001E-01    0.220228E-01
     10.5909       -0.247735E-01    0.229516E-01
     10.5918       -0.239144E-01    0.238511E-01
     10.5949       -0.204240E-01    0.269482E-01
     10.5990       -0.153246E-01    0.302680E-01
     10.6021       -0.110839E-01    0.322021E-01
     10.6029       -0.991502E-02    0.326215E-01
     10.6038       -0.873263E-02    0.329988E-01
     10.6069       -0.420386E-02    0.340352E-01
     10.6110        0.181759E-02    0.344766E-01
     10.6141        0.641653E-02    0.341075E-01
     10.6150        0.762789E-02    0.339046E-01
     10.6158        0.883003E-02    0.336576E-01
     10.6189        0.132319E-01    0.323475E-01
     10.6230        0.186200E-01    0.297721E-01
     10.6262        0.223846E-01    0.271768E-01
     10.6270        0.233237E-01    0.263992E-01
     10.6278        0.242329E-01    0.255869E-01
     10.6310        0.273602E-01    0.222518E-01
     10.6351        0.307043E-01    0.173055E-01
     10.6382        0.326440E-01    0.131422E-01
     10.6390        0.330629E-01    0.119879E-01
     10.6399        0.334388E-01    0.108175E-01
     10.6430        0.344619E-01    0.631107E-02
     10.6471        0.348671E-01    0.266000E-03
     10.6502        0.344560E-01   -0.439028E-02
     10.6511        0.342398E-01   -0.562253E-02
     10.6519        0.339787E-01   -0.684786E-02
     10.6551        0.326083E-01   -0.113563E-01
     10.6592        0.299385E-01   -0.169264E-01
     10.6623        0.272606E-01   -0.208596E-01
     10.6631        0.264596E-01   -0.218474E-01
     10.6640        0.256234E-01   -0.228069E-01
     10.6671        0.221951E-01   -0.261349E-01
     10.6712        0.171208E-01   -0.297640E-01
     10.6744        0.128573E-01   -0.319352E-01
     10.6752        0.116764E-01   -0.324170E-01
     10.6761        0.104794E-01   -0.328563E-01
     10.6792        0.587486E-02   -0.341193E-01
     10.6833       -0.291244E-03   -0.348371E-01
     10.6865       -0.503208E-02   -0.346606E-01
     10.6873       -0.628532E-02   -0.345056E-01
     10.6881       -0.753090E-02   -0.343049E-01
     10.6913       -0.121081E-01   -0.331539E-01
     10.6954       -0.177482E-01   -0.307487E-01
     10.6986       -0.217179E-01   -0.282533E-01
     10.6994       -0.227127E-01   -0.274975E-01
     10.7002       -0.236779E-01   -0.267050E-01
     10.7034       -0.270161E-01   -0.234262E-01
     10.7075       -0.306312E-01   -0.185112E-01
     10.7107       -0.327700E-01   -0.143407E-01
     10.7115       -0.332400E-01   -0.131800E-01
     10.7124       -0.336661E-01   -0.120013E-01
     10.7155       -0.348674E-01   -0.744861E-02
     10.7196       -0.354777E-01   -0.131004E-02
     10.7228       -0.351992E-01    0.343987E-02
     10.7236       -0.350143E-01    0.469988E-02
     10.7245       -0.347826E-01    0.595405E-02
     10.7276       -0.335066E-01    0.105789E-01
     10.7318       -0.309203E-01    0.163154E-01
     10.7349       -0.282753E-01    0.203829E-01
     10.7358       -0.274784E-01    0.214070E-01
     10.7366       -0.266444E-01    0.224027E-01
     10.7398       -0.232075E-01    0.258660E-01
     10.7439       -0.180844E-01    0.296653E-01
     10.7471       -0.137570E-01    0.319579E-01
     10.7479       -0.125553E-01    0.324704E-01
     10.7488       -0.113363E-01    0.329394E-01
     10.7520       -0.663725E-02    0.343054E-01
     10.7561       -0.324912E-03    0.351352E-01
     10.7593        0.454130E-02    0.350250E-01
     10.7601        0.582941E-02    0.348845E-01
     10.7610        0.711031E-02    0.346970E-01
     10.7641        0.118227E-01    0.335833E-01
     10.7683        0.176405E-01    0.311983E-01
     10.7715        0.217428E-01    0.286966E-01
     10.7723        0.227718E-01    0.279360E-01
     10.7731        0.237706E-01    0.271375E-01
     10.7763        0.272284E-01    0.238251E-01
     10.7805        0.309802E-01    0.188433E-01
     10.7837        0.332054E-01    0.146064E-01
     10.7845        0.336953E-01    0.134262E-01
     10.7853        0.341400E-01    0.122273E-01
     10.7885        0.353980E-01    0.759340E-02
     10.7927        0.360505E-01    0.134062E-02
     10.7959        0.357790E-01   -0.349936E-02
     10.7967        0.355921E-01   -0.478331E-02
     10.7976        0.353569E-01   -0.606126E-02
     10.8008        0.340532E-01   -0.107728E-01
     10.8049        0.313994E-01   -0.166128E-01
     10.8081        0.286802E-01   -0.207487E-01
     10.8090        0.278605E-01   -0.217890E-01
     10.8098        0.270025E-01   -0.228000E-01
     10.8130        0.234656E-01   -0.263112E-01
     10.8172        0.181932E-01   -0.301493E-01
     10.8204        0.137409E-01   -0.324515E-01
     10.8212        0.125049E-01   -0.329633E-01
     10.8221        0.112512E-01   -0.334303E-01
     10.8253        0.642089E-02   -0.347765E-01
     10.8294       -0.608180E-04   -0.355518E-01
     10.8326       -0.505060E-02   -0.353784E-01
     10.8335       -0.637017E-02   -0.352181E-01
     10.8343       -0.768176E-02   -0.350095E-01
     10.8375       -0.125010E-01   -0.338061E-01
     10.8417       -0.184350E-01   -0.312826E-01
     10.8449       -0.226046E-01   -0.286612E-01
     10.8458       -0.236479E-01   -0.278671E-01
     10.8466       -0.246594E-01   -0.270344E-01
     10.8498       -0.281496E-01   -0.235902E-01
     10.8540       -0.319061E-01   -0.184319E-01
     10.8572       -0.341049E-01   -0.140607E-01
     10.8581       -0.345833E-01   -0.128453E-01
     10.8589       -0.350144E-01   -0.116117E-01
     10.8621       -0.362047E-01   -0.685276E-02
     10.8663       -0.367304E-01   -0.453520E-03
     10.8695       -0.363342E-01    0.448162E-02
     10.8704       -0.361103E-01    0.578794E-02
     10.8712       -0.358365E-01    0.708684E-02
     10.8745       -0.343757E-01    0.118635E-01
     10.8787       -0.314919E-01    0.177541E-01
     10.8819       -0.285823E-01    0.218999E-01
     10.8827       -0.277103E-01    0.229383E-01
     10.8836       -0.267994E-01    0.239455E-01
     10.8868       -0.230618E-01    0.274245E-01
     10.8910       -0.175273E-01    0.311790E-01
     10.8942       -0.128799E-01    0.333858E-01
     10.8951       -0.115935E-01    0.338677E-01
     10.8960       -0.102902E-01    0.343029E-01
     10.8992       -0.528322E-02    0.355136E-01
     10.9034        0.140158E-02    0.360780E-01
     10.9066        0.652066E-02    0.357203E-01
     10.9075        0.787021E-02    0.355080E-01
     10.9083        0.920973E-02    0.352463E-01
     10.9116        0.141145E-01    0.338355E-01
     10.9158        0.201114E-01    0.310278E-01
     10.9190        0.242893E-01    0.281840E-01
     10.9199        0.253288E-01    0.273307E-01
     10.9207        0.263337E-01    0.264389E-01
     10.9240        0.297753E-01    0.227764E-01
     10.9282        0.334132E-01    0.173479E-01
     10.9314        0.354799E-01    0.127868E-01
     10.9323        0.359172E-01    0.115240E-01
     10.9332        0.363047E-01    0.102446E-01
     10.9364        0.373109E-01    0.532901E-02
     10.9406        0.375524E-01   -0.123371E-02
     10.9439        0.369096E-01   -0.625850E-02
     10.9447        0.366163E-01   -0.758300E-02
     10.9456        0.362718E-01   -0.889753E-02
     10.9489        0.345352E-01   -0.137096E-01
     10.9531        0.312749E-01   -0.195901E-01
     10.9563        0.280711E-01   -0.236840E-01
     10.9572        0.271207E-01   -0.247021E-01
     10.9581        0.261317E-01   -0.256861E-01
     10.9613        0.221053E-01   -0.290541E-01
     10.9656        0.162125E-01   -0.326093E-01
     10.9688        0.113120E-01   -0.346248E-01
     10.9697        0.996222E-02   -0.350504E-01
     10.9706        0.859745E-02   -0.354272E-01
     10.9738        0.337874E-02   -0.364015E-01
     10.9781       -0.353172E-02   -0.366229E-01
     10.9813       -0.877969E-02   -0.359824E-01
     10.9822       -0.101565E-01   -0.356925E-01
     10.9831       -0.115202E-01   -0.353525E-01
     10.9863       -0.164870E-01   -0.336440E-01
     10.9906       -0.224957E-01   -0.304459E-01
     10.9939       -0.266283E-01   -0.273096E-01
     10.9947       -0.276476E-01   -0.263801E-01
     10.9956       -0.286290E-01   -0.254132E-01
     10.9989       -0.319522E-01   -0.214804E-01
     11.0031       -0.353683E-01   -0.157328E-01
     11.0064       -0.372169E-01   -0.109600E-01
     11.0073       -0.375893E-01   -0.964636E-02
     11.0082       -0.379094E-01   -0.831864E-02
     11.0114       -0.386404E-01   -0.324582E-02
     11.0157       -0.384781E-01    0.346137E-02
     11.0190       -0.374987E-01    0.854696E-02
     11.0199       -0.371126E-01    0.987995E-02
     11.0207       -0.366741E-01    0.111996E-01
     11.0240       -0.345781E-01    0.160012E-01
     11.0283       -0.308411E-01    0.217983E-01
     11.0316       -0.272749E-01    0.257762E-01
     11.0325       -0.262294E-01    0.267558E-01
     11.0333       -0.251463E-01    0.276982E-01
     11.0366       -0.207769E-01    0.308837E-01
     11.0409       -0.144692E-01    0.341435E-01
     11.0442       -0.928390E-02    0.358941E-01
     11.0451       -0.786390E-02    0.362441E-01
     11.0460       -0.643162E-02    0.365434E-01
     11.0493       -0.984832E-03    0.372119E-01
     11.0536        0.615865E-02    0.370073E-01
     11.0569        0.115313E-01    0.360278E-01
     11.0577        0.129330E-01    0.356467E-01
     11.0586        0.143178E-01    0.352154E-01
     11.0619        0.193310E-01    0.331654E-01
     11.0662        0.253222E-01    0.295337E-01
     11.0695        0.293820E-01    0.260825E-01
     11.0704        0.303733E-01    0.250726E-01
     11.0713        0.313229E-01    0.240271E-01
     11.0746        0.344959E-01    0.198164E-01
     11.0789        0.376468E-01    0.137537E-01
     11.0822        0.392440E-01    0.878135E-02
     11.0831        0.395430E-01    0.742140E-02
     11.0840        0.397871E-01    0.605043E-02
     11.0873        0.402121E-01    0.843274E-03
     11.0916        0.396094E-01   -0.597112E-02
     11.0950        0.382690E-01   -0.110852E-01
     11.0959        0.377842E-01   -0.124177E-01
     11.0967        0.372462E-01   -0.137335E-01
     11.1001        0.347720E-01   -0.184904E-01
     11.1044        0.305391E-01   -0.241615E-01
     11.1077        0.265996E-01   -0.279940E-01
     11.1086        0.254566E-01   -0.289280E-01
     11.1095        0.242771E-01   -0.298222E-01
     11.1128        0.195578E-01   -0.328037E-01
     11.1172        0.128285E-01   -0.357501E-01
     11.1205        0.735352E-02   -0.372311E-01
     11.1214        0.586198E-02   -0.375058E-01
     11.1223        0.436076E-02   -0.377285E-01
     11.1256       -0.132073E-02   -0.381004E-01
     11.1300       -0.871040E-02   -0.374952E-01
     11.1333       -0.142229E-01   -0.362063E-01
     11.1342       -0.156544E-01   -0.357433E-01
     11.1351       -0.170658E-01   -0.352306E-01
     11.1384       -0.221501E-01   -0.328814E-01
     11.1428       -0.281676E-01   -0.288805E-01
     11.1461       -0.321983E-01   -0.251690E-01
     11.1470       -0.331747E-01   -0.240939E-01
     11.1479       -0.341067E-01   -0.229850E-01
     11.1513       -0.371883E-01   -0.185544E-01
     11.1557       -0.401658E-01   -0.122497E-01
     11.1590       -0.415936E-01   -0.712921E-02
     11.1599       -0.418427E-01   -0.573554E-02
     11.1608       -0.420350E-01   -0.433336E-02
     11.1642       -0.422504E-01    0.969027E-03
     11.1685       -0.413447E-01    0.785749E-02
     11.1719       -0.397554E-01    0.129916E-01
     11.1728       -0.392026E-01    0.143243E-01
     11.1737       -0.385960E-01    0.156381E-01
     11.1771       -0.358608E-01    0.203703E-01
     11.1815       -0.312837E-01    0.259728E-01
     11.1848       -0.270826E-01    0.297301E-01
     11.1857       -0.258708E-01    0.306414E-01
     11.1866       -0.246230E-01    0.315119E-01
     11.1900       -0.196524E-01    0.343973E-01
     11.1944       -0.126093E-01    0.372078E-01
     11.1978       -0.690654E-02    0.385828E-01
     11.1987       -0.535639E-02    0.388296E-01
     11.1996       -0.379748E-02    0.390249E-01
     11.2030        0.209255E-02    0.392979E-01
     11.2074        0.973695E-02    0.385780E-01
     11.2108        0.154329E-01    0.372165E-01
     11.2117        0.169116E-01    0.367369E-01
     11.2126        0.183697E-01    0.362087E-01
     11.2160        0.236242E-01    0.338125E-01
     11.2204        0.298560E-01    0.297758E-01
     11.2238        0.340487E-01    0.260562E-01
     11.2247        0.350683E-01    0.249817E-01
     11.2256        0.360435E-01    0.238746E-01
     11.2290        0.392878E-01    0.194591E-01
     11.2334        0.424827E-01    0.131889E-01
     11.2368        0.440850E-01    0.810051E-02
     11.2377        0.443822E-01    0.671562E-02
     11.2386        0.446230E-01    0.532214E-02
     11.2421        0.450212E-01    0.497058E-04
     11.2465        0.443611E-01   -0.681604E-02
     11.2499        0.429713E-01   -0.119550E-01
     11.2508        0.424738E-01   -0.132934E-01
     11.2517        0.419221E-01   -0.146148E-01
     11.2551        0.393785E-01   -0.193930E-01
     11.2596        0.350390E-01   -0.251109E-01
     11.2630        0.310321E-01   -0.290124E-01
     11.2639        0.298763E-01   -0.299719E-01
     11.2648        0.286807E-01   -0.308939E-01
     11.2683        0.238381E-01   -0.340000E-01
     11.2727        0.169001E-01   -0.371859E-01
     11.2762        0.113274E-01   -0.389381E-01
     11.2771        0.983021E-02   -0.393011E-01
     11.2780        0.831053E-02   -0.396160E-01
     11.2814        0.231943E-02   -0.403503E-01
     11.2859       -0.562795E-02   -0.403176E-01
     11.2893       -0.112750E-01   -0.396038E-01
     11.2903       -0.126526E-01   -0.393208E-01
     11.2912       -0.140555E-01   -0.389882E-01
     11.2946       -0.199907E-01   -0.372453E-01
     11.2991       -0.275395E-01   -0.340673E-01
     11.3026       -0.314158E-01   -0.312051E-01
     11.3035       -0.319687E-01   -0.304103E-01
     11.3044       -0.326409E-01   -0.295665E-01
     11.3078       -0.380629E-01   -0.257586E-01
     11.3123       -0.452571E-01   -0.200896E-01
     11.3158       -0.442002E-01   -0.160163E-01
     11.3167       -0.421974E-01   -0.150629E-01
     11.3176       -0.410468E-01   -0.140040E-01
     11.3211       -0.512700E-01   -0.832204E-02
     11.3256       -0.580637E-01   -0.904226E-03
     11.3291       -0.177944E-01    0.794392E-03
     11.3300        0.420319E-02    0.208719E-03
     11.3300        0.827126E-01    0.473206E-01
     11.3303        0.774571E-01    0.300426E-01
     11.3314        0.630431E-01   -0.173947E-01
     11.3328        0.569130E-01   -0.383135E-01
     11.3340        0.619979E-01   -0.232941E-01
     11.3343        0.647930E-01   -0.147854E-01
     11.3345        0.638956E-01   -0.180504E-01
     11.3357        0.614262E-01   -0.273364E-01
     11.3371        0.603497E-01   -0.324662E-01
     11.3382        0.611802E-01   -0.311029E-01
     11.3385        0.616452E-01   -0.299712E-01
     11.3388        0.614859E-01   -0.308468E-01
     11.3399        0.610402E-01   -0.336270E-01
     11.3413        0.608226E-01   -0.360625E-01
     11.3425        0.609364E-01   -0.370257E-01
     11.3428        0.610081E-01   -0.371511E-01
     11.3430        0.609742E-01   -0.376188E-01
     11.3442        0.608732E-01   -0.392873E-01
     11.3456        0.608035E-01   -0.412597E-01
     11.3467        0.607980E-01   -0.426164E-01
     11.3470        0.608037E-01   -0.429553E-01
     11.3473        0.607914E-01   -0.433526E-01
     11.3484        0.607502E-01   -0.448278E-01
     11.3498        0.607073E-01   -0.467161E-01
     11.3510        0.606828E-01   -0.481354E-01
     11.3513        0.606775E-01   -0.485096E-01
     11.3515        0.606692E-01   -0.488936E-01
     11.3527        0.606389E-01   -0.503311E-01
     11.3541        0.606014E-01   -0.521983E-01
     11.3552        0.605741E-01   -0.536229E-01
     11.3555        0.605671E-01   -0.540016E-01
     11.3558        0.605596E-01   -0.543818E-01
     11.3569        0.605314E-01   -0.558070E-01
     11.3583        0.604950E-01   -0.576625E-01
     11.3595        0.604673E-01   -0.590815E-01
     11.3598        0.604600E-01   -0.594591E-01
     11.3600        0.604526E-01   -0.598369E-01
     11.3612        0.604246E-01   -0.612531E-01
     11.3626        0.603881E-01   -0.630972E-01
     11.3637        0.603600E-01   -0.645077E-01
     11.3640        0.603525E-01   -0.648831E-01
     11.3643        0.603450E-01   -0.652584E-01
     11.3654        0.603166E-01   -0.666651E-01
     11.3668        0.602793E-01   -0.684966E-01
     11.3680        0.602505E-01   -0.698971E-01
     11.3683        0.602428E-01   -0.702699E-01
     11.3685        0.602351E-01   -0.706424E-01
     11.3697        0.602059E-01   -0.720386E-01
     11.3711        0.601675E-01   -0.738560E-01
     11.3722        0.601377E-01   -0.752454E-01
     11.3725        0.601297E-01   -0.756151E-01
     11.3728        0.601217E-01   -0.759846E-01
     11.3739        0.600915E-01   -0.773692E-01
     11.3753        0.600515E-01   -0.791710E-01
     11.3765        0.600206E-01   -0.805482E-01
     11.3768        0.600122E-01   -0.809146E-01
     11.3770        0.600039E-01   -0.812807E-01
     11.3782        0.599724E-01   -0.826527E-01
     11.3796        0.599308E-01   -0.844375E-01
     11.3807        0.598984E-01   -0.858013E-01
     11.3810        0.598897E-01   -0.861641E-01
     11.3813        0.598810E-01   -0.865267E-01
     11.3824        0.598481E-01   -0.878849E-01
     11.3838        0.598046E-01   -0.896513E-01
     11.3850        0.597708E-01   -0.910008E-01
     11.3853        0.597617E-01   -0.913597E-01
     11.3855        0.597526E-01   -0.917184E-01
     11.3867        0.597181E-01   -0.930618E-01
     11.3881        0.596725E-01   -0.948086E-01
     11.3892        0.596371E-01   -0.961427E-01
     11.3895        0.596276E-01   -0.964974E-01
     11.3898        0.596181E-01   -0.968519E-01
     11.3909        0.595820E-01   -0.981796E-01
     11.3923        0.595343E-01   -0.999053E-01
     11.3935        0.594972E-01   -0.101223    
     11.3938        0.594873E-01   -0.101573    
     11.3940        0.594773E-01   -0.101923    
     11.3952        0.594395E-01   -0.103234    
     11.3966        0.593896E-01   -0.104938    
     11.3977        0.593508E-01   -0.106238    
     11.3980        0.593404E-01   -0.106584    
     11.3983        0.593299E-01   -0.106929    
     11.3994        0.592904E-01   -0.108222    
     11.4008        0.592382E-01   -0.109902    
     11.4020        0.591976E-01   -0.111184    
     11.4023        0.591867E-01   -0.111524    
     11.4025        0.591758E-01   -0.111865    
     11.4037        0.591345E-01   -0.113139    
     11.4051        0.590799E-01   -0.114794    
     11.4062        0.590375E-01   -0.116057    
     11.4065        0.590262E-01   -0.116392    
     11.4068        0.590147E-01   -0.116727    
     11.4079        0.589716E-01   -0.117982    
     11.4093        0.589146E-01   -0.119610    
     11.4105        0.588703E-01   -0.120853    
     11.4108        0.588584E-01   -0.121183    
     11.4110        0.588465E-01   -0.121512    
     11.4122        0.588015E-01   -0.122746    
     11.4136        0.587419E-01   -0.124347    
     11.4147        0.586957E-01   -0.125568    
     11.4150        0.586833E-01   -0.125892    
     11.4153        0.586709E-01   -0.126216    
     11.4164        0.586239E-01   -0.127428    
     11.4178        0.585619E-01   -0.129001    
     11.4190        0.585137E-01   -0.130199    
     11.4193        0.585007E-01   -0.130517    
     11.4195        0.584878E-01   -0.130835    
     11.4207        0.584388E-01   -0.132025    
     11.4221        0.583741E-01   -0.133567    
     11.4232        0.583239E-01   -0.134742    
     11.4235        0.583104E-01   -0.135054    
     11.4238        0.582969E-01   -0.135366    
     11.4249        0.582458E-01   -0.136531    
     11.4263        0.581784E-01   -0.138042    
     11.4275        0.581260E-01   -0.139193    
     11.4278        0.581120E-01   -0.139498    
     11.4280        0.580979E-01   -0.139803    
     11.4292        0.580447E-01   -0.140944    
     11.4306        0.579745E-01   -0.142422    
     11.4317        0.579199E-01   -0.143548    
     11.4320        0.579053E-01   -0.143846    
     11.4323        0.578906E-01   -0.144145    
     11.4334        0.578352E-01   -0.145259    
     11.4348        0.577620E-01   -0.146704    
     11.4360        0.577052E-01   -0.147802    
     11.4363        0.576900E-01   -0.148094    
     11.4365        0.576747E-01   -0.148385    
     11.4377        0.576170E-01   -0.149473    
     11.4391        0.575407E-01   -0.150882    
     11.4402        0.574816E-01   -0.151953    
     11.4405        0.574657E-01   -0.152237    
     11.4408        0.574498E-01   -0.152521    
     11.4419        0.573897E-01   -0.153581    
     11.4433        0.573102E-01   -0.154952    
     11.4445        0.572486E-01   -0.155995    
     11.4448        0.572321E-01   -0.156272    
     11.4450        0.572155E-01   -0.156548    
     11.4462        0.571528E-01   -0.157579    
     11.4476        0.570701E-01   -0.158912    
     11.4487        0.570059E-01   -0.159925    
     11.4490        0.569886E-01   -0.160194    
     11.4493        0.569714E-01   -0.160462    
     11.4504        0.569061E-01   -0.161462    
     11.4518        0.568198E-01   -0.162756    
     11.4530        0.567529E-01   -0.163738    
     11.4533        0.567350E-01   -0.163998    
     11.4535        0.567169E-01   -0.164258    
     11.4547        0.566489E-01   -0.165227    
     11.4561        0.565590E-01   -0.166480    
     11.4572        0.564893E-01   -0.167430    
     11.4575        0.564705E-01   -0.167681    
     11.4578        0.564518E-01   -0.167932    
     11.4589        0.563808E-01   -0.168869    
     11.4603        0.562871E-01   -0.170079    
     11.4615        0.562144E-01   -0.170996    
     11.4618        0.561948E-01   -0.171239    
     11.4620        0.561753E-01   -0.171481    
     11.4632        0.561013E-01   -0.172384    
     11.4646        0.560035E-01   -0.173549    
     11.4657        0.559277E-01   -0.174432    
     11.4660        0.559073E-01   -0.174665    
     11.4663        0.558869E-01   -0.174898    
     11.4674        0.558097E-01   -0.175767    
     11.4688        0.557078E-01   -0.176886    
     11.4700        0.556286E-01   -0.177732    
     11.4703        0.556073E-01   -0.177956    
     11.4705        0.555860E-01   -0.178180    
     11.4717        0.555055E-01   -0.179012    
     11.4731        0.553991E-01   -0.180084    
     11.4742        0.553165E-01   -0.180894    
     11.4745        0.552943E-01   -0.181108    
     11.4748        0.552721E-01   -0.181321    
     11.4759        0.551880E-01   -0.182116    
     11.4773        0.550770E-01   -0.183138    
     11.4785        0.549907E-01   -0.183910    
     11.4788        0.549676E-01   -0.184114    
     11.4790        0.549444E-01   -0.184318    
     11.4802        0.548566E-01   -0.185074    
     11.4816        0.547407E-01   -0.186045    
     11.4827        0.546506E-01   -0.186778    
     11.4830        0.546265E-01   -0.186971    
     11.4833        0.546022E-01   -0.187164    
     11.4844        0.545106E-01   -0.187880    
     11.4858        0.543895E-01   -0.188798    
     11.4870        0.542955E-01   -0.189490    
     11.4873        0.542702E-01   -0.189673    
     11.4875        0.542449E-01   -0.189855    
     11.4887        0.541492E-01   -0.190530    
     11.4901        0.540227E-01   -0.191393    
     11.4912        0.539246E-01   -0.192044    
     11.4915        0.538983E-01   -0.192216    
     11.4918        0.538719E-01   -0.192387    
     11.4929        0.537717E-01   -0.193017    
     11.4943        0.536392E-01   -0.193823    
     11.4955        0.535375E-01   -0.194436    
     11.4958        0.535105E-01   -0.194599    
     11.4960        0.534833E-01   -0.194761    
     11.4972        0.533773E-01   -0.195338    
     11.4986        0.532372E-01   -0.196073    
     11.4997        0.531353E-01   -0.196673    
     11.5000        0.531097E-01   -0.196844    
     11.5000        0.531097E-01   -0.196844    
     11.5003        0.529001E-01   -0.195717    
     11.5017        0.521244E-01   -0.191564    
     11.5033        0.511310E-01   -0.186278    
     11.5047        0.503768E-01   -0.182275    
     11.5050        0.501761E-01   -0.181210    
     11.5053        0.499757E-01   -0.180146    
     11.5067        0.492286E-01   -0.176190    
     11.5083        0.482649E-01   -0.171104    
     11.5097        0.475333E-01   -0.167255    
     11.5100        0.473392E-01   -0.166235    
     11.5103        0.471456E-01   -0.165218    
     11.5117        0.464230E-01   -0.161428    
     11.5133        0.454895E-01   -0.156548    
     11.5147        0.447811E-01   -0.152855    
     11.5150        0.445933E-01   -0.151877    
     11.5153        0.444059E-01   -0.150903    
     11.5167        0.437065E-01   -0.147271    
     11.5183        0.428029E-01   -0.142594    
     11.5197        0.421172E-01   -0.139055    
     11.5200        0.419354E-01   -0.138118    
     11.5203        0.417541E-01   -0.137185    
     11.5217        0.410773E-01   -0.133707    
     11.5233        0.402030E-01   -0.129228    
     11.5247        0.395395E-01   -0.125840    
     11.5250        0.393636E-01   -0.124944    
     11.5253        0.391882E-01   -0.124050    
     11.5267        0.385335E-01   -0.120722    
     11.5283        0.376878E-01   -0.116438    
     11.5297        0.370461E-01   -0.113198    
     11.5300        0.368761E-01   -0.112341    
     11.5303        0.367065E-01   -0.111487    
     11.5317        0.360734E-01   -0.108306    
     11.5333        0.352558E-01   -0.104212    
     11.5347        0.346355E-01   -0.101118    
     11.5350        0.344711E-01   -0.100300    
     11.5353        0.343072E-01   -0.994840E-01
     11.5367        0.336953E-01   -0.964471E-01
     11.5383        0.329053E-01   -0.925407E-01
     11.5397        0.323060E-01   -0.895894E-01
     11.5400        0.321473E-01   -0.888092E-01
     11.5403        0.319889E-01   -0.880317E-01
     11.5417        0.313979E-01   -0.851368E-01
     11.5433        0.306349E-01   -0.814149E-01
     11.5447        0.300563E-01   -0.786043E-01
     11.5450        0.299031E-01   -0.778616E-01
     11.5453        0.297502E-01   -0.771214E-01
     11.5467        0.291798E-01   -0.743666E-01
     11.5483        0.284435E-01   -0.708266E-01
     11.5497        0.278853E-01   -0.681549E-01
     11.5500        0.277374E-01   -0.674491E-01
     11.5503        0.275899E-01   -0.667459E-01
     11.5517        0.270398E-01   -0.641293E-01
     11.5533        0.263298E-01   -0.607691E-01
     11.5547        0.257917E-01   -0.582347E-01
     11.5550        0.256492E-01   -0.575655E-01
     11.5553        0.255071E-01   -0.568987E-01
     11.5567        0.249769E-01   -0.544189E-01
     11.5583        0.242930E-01   -0.512367E-01
     11.5597        0.237748E-01   -0.488384E-01
     11.5600        0.236376E-01   -0.482053E-01
     11.5603        0.235007E-01   -0.475747E-01
     11.5617        0.229903E-01   -0.452305E-01
     11.5633        0.223322E-01   -0.422248E-01
     11.5647        0.218336E-01   -0.399615E-01
     11.5650        0.217017E-01   -0.393644E-01
     11.5653        0.215701E-01   -0.387697E-01
     11.5667        0.210793E-01   -0.365602E-01
     11.5683        0.204467E-01   -0.337299E-01
     11.5697        0.199677E-01   -0.316009E-01
     11.5700        0.198409E-01   -0.310395E-01
     11.5703        0.197145E-01   -0.304806E-01
     11.5717        0.192433E-01   -0.284051E-01
     11.5733        0.186360E-01   -0.257495E-01
     11.5747        0.181765E-01   -0.237542E-01
     11.5750        0.180549E-01   -0.232285E-01
     11.5753        0.179336E-01   -0.227052E-01
     11.5767        0.174818E-01   -0.207633E-01
     11.5783        0.168998E-01   -0.182820E-01
     11.5797        0.164595E-01   -0.164203E-01
     11.5800        0.163431E-01   -0.159301E-01
     11.5803        0.162270E-01   -0.154423E-01
     11.5817        0.157944E-01   -0.136340E-01
     11.5833        0.152376E-01   -0.113268E-01
     11.5847        0.148167E-01   -0.959869E-02
     11.5850        0.147054E-01   -0.914409E-02
     11.5853        0.145944E-01   -0.869196E-02
     11.5867        0.141811E-01   -0.701720E-02
     11.5883        0.136495E-01   -0.488453E-02
     11.5897        0.132478E-01   -0.329018E-02
     11.5900        0.131416E-01   -0.287125E-02
     11.5903        0.130358E-01   -0.245481E-02
     11.5917        0.126418E-01   -0.914031E-03
     11.5933        0.121354E-01    0.104362E-02
     11.5947        0.117530E-01    0.250365E-02
     11.5950        0.116519E-01    0.288676E-02
     11.5953        0.115512E-01    0.326737E-02
     11.5967        0.111766E-01    0.467356E-02
     11.5983        0.106953E-01    0.645531E-02
     11.5997        0.103323E-01    0.778027E-02
     11.6000        0.102364E-01    0.812735E-02
     11.6003        0.101409E-01    0.847192E-02
     11.6017        0.978557E-02    0.974267E-02
     11.6033        0.932963E-02    0.113473E-01
     11.6047        0.898601E-02    0.125362E-01
     11.6050        0.889531E-02    0.128470E-01
     11.6053        0.880497E-02    0.131553E-01
     11.6067        0.846915E-02    0.142895E-01
     11.6083        0.803866E-02    0.157156E-01
     11.6097        0.771459E-02    0.167672E-01
     11.6100        0.762911E-02    0.170414E-01
     11.6103        0.754398E-02    0.173130E-01
     11.6117        0.722776E-02    0.183094E-01
     11.6133        0.682290E-02    0.195551E-01
     11.6147        0.651853E-02    0.204680E-01
     11.6150        0.643830E-02    0.207051E-01
     11.6153        0.635843E-02    0.209397E-01
     11.6167        0.606197E-02    0.217967E-01
     11.6183        0.568296E-02    0.228600E-01
     11.6197        0.539846E-02    0.236325E-01
     11.6200        0.532353E-02    0.238322E-01
     11.6203        0.524897E-02    0.240292E-01
     11.6217        0.497246E-02    0.247452E-01
     11.6233        0.461956E-02    0.256236E-01
     11.6247        0.435513E-02    0.262539E-01
     11.6250        0.428557E-02    0.264155E-01
     11.6253        0.421637E-02    0.265745E-01
     11.6267        0.396003E-02    0.271474E-01
     11.6283        0.363354E-02    0.278384E-01
     11.6297        0.338943E-02    0.283243E-01
     11.6300        0.332528E-02    0.284474E-01
     11.6303        0.326151E-02    0.285678E-01
     11.6317        0.302559E-02    0.289955E-01
     11.6333        0.272584E-02    0.294960E-01
     11.6347        0.250231E-02    0.298353E-01
     11.6350        0.244366E-02    0.299192E-01
     11.6353        0.238539E-02    0.300004E-01
     11.6367        0.217016E-02    0.302804E-01
     11.6383        0.189752E-02    0.305873E-01
     11.6397        0.169486E-02    0.307775E-01
     11.6400        0.164179E-02    0.308216E-01
     11.6403        0.158911E-02    0.308628E-01
     11.6417        0.139487E-02    0.309927E-01
     11.6433        0.114976E-02    0.311025E-01
     11.6447        0.968288E-03    0.311408E-01
     11.6450        0.920875E-03    0.311443E-01
     11.6453        0.873859E-03    0.311449E-01
     11.6467        0.700951E-03    0.311218E-01
     11.6483        0.483799E-03    0.310309E-01
     11.6497        0.323870E-03    0.309145E-01
     11.6500        0.282213E-03    0.308765E-01
     11.6503        0.240958E-03    0.308357E-01
     11.6517        0.897339E-04    0.306566E-01
     11.6533       -0.989796E-04    0.303611E-01
     11.6547       -0.236998E-03    0.300868E-01
     11.6550       -0.272801E-03    0.300067E-01
     11.6553       -0.308193E-03    0.299236E-01
     11.6567       -0.437351E-03    0.295854E-01
     11.6583       -0.597120E-03    0.290810E-01
     11.6597       -0.712832E-03    0.286457E-01
     11.6600       -0.742673E-03    0.285225E-01
     11.6603       -0.772095E-03    0.283963E-01
     11.6617       -0.878783E-03    0.278957E-01
     11.6633       -0.100907E-02    0.271780E-01
     11.6647       -0.110206E-02    0.265781E-01
     11.6650       -0.112582E-02    0.264109E-01
     11.6653       -0.114916E-02    0.262407E-01
     11.6667       -0.123295E-02    0.255742E-01
     11.6683       -0.133319E-02    0.246386E-01
     11.6697       -0.140301E-02    0.238706E-01
     11.6700       -0.142058E-02    0.236585E-01
     11.6703       -0.143772E-02    0.234433E-01
     11.6717       -0.149816E-02    0.226072E-01
     11.6733       -0.156775E-02    0.214489E-01
     11.6747       -0.161395E-02    0.205091E-01
     11.6750       -0.162520E-02    0.202511E-01
     11.6753       -0.163602E-02    0.199898E-01
     11.6767       -0.167264E-02    0.189803E-01
     11.6783       -0.171097E-02    0.175944E-01
     11.6797       -0.173306E-02    0.164789E-01
     11.6800       -0.173787E-02    0.161739E-01
     11.6803       -0.174223E-02    0.158656E-01
     11.6817       -0.175455E-02    0.146788E-01
     11.6833       -0.176097E-02    0.130600E-01
     11.6847       -0.175845E-02    0.117649E-01
     11.6850       -0.175669E-02    0.114118E-01
     11.6853       -0.175446E-02    0.110554E-01
     11.6867       -0.174197E-02    0.968736E-02
     11.6883       -0.171583E-02    0.783041E-02
     11.6897       -0.168820E-02    0.635153E-02
     11.6900       -0.167972E-02    0.594929E-02
     11.6903       -0.167077E-02    0.554360E-02
     11.6917       -0.163296E-02    0.399015E-02
     11.6933       -0.157357E-02    0.188962E-02
     11.6947       -0.152029E-02    0.222784E-03
     11.6950       -0.150496E-02   -0.229723E-03
     11.6953       -0.148914E-02   -0.685762E-03
     11.6967       -0.142548E-02   -0.242886E-02
     11.6983       -0.133215E-02   -0.477852E-02
     11.6997       -0.125270E-02   -0.663757E-02
     11.7000       -0.123037E-02   -0.714149E-02
