 Poloidal electric field
     8.70000       -0.158237E-01    0.103248E-01
     8.70139       -0.157238E-01    0.108620E-01
     8.70660       -0.164708E-01    0.128826E-01
     8.71339       -0.181425E-01    0.152325E-01
     8.71859       -0.180202E-01    0.165220E-01
     8.71998       -0.175613E-01    0.167574E-01
     8.72101       -0.171361E-01    0.168996E-01
     8.72485       -0.154787E-01    0.172065E-01
     8.72987       -0.130819E-01    0.170693E-01
     8.73372       -0.109777E-01    0.165523E-01
     8.73474       -0.103680E-01    0.163542E-01
     8.73576       -0.974561E-02    0.161311E-01
     8.73961       -0.740129E-02    0.150816E-01
     8.74462       -0.439328E-02    0.132590E-01
     8.74845       -0.219637E-02    0.115640E-01
     8.74948       -0.163484E-02    0.110743E-01
     8.75050       -0.108708E-02    0.105703E-01
     8.75434        0.815258E-03    0.857131E-02
     8.75934        0.287595E-02    0.578632E-02
     8.76317        0.407617E-02    0.359310E-02
     8.76419        0.433405E-02    0.300888E-02
     8.76521        0.456393E-02    0.242729E-02
     8.76904        0.517015E-02    0.291507E-03
     8.77404        0.534499E-02   -0.230294E-02
     8.77787        0.499991E-02   -0.406463E-02
     8.77889        0.483703E-02   -0.449177E-02
     8.77991        0.464423E-02   -0.489851E-02
     8.78373        0.366437E-02   -0.622468E-02
     8.78872        0.182508E-02   -0.742267E-02
     8.79254        0.324074E-04   -0.787707E-02
     8.79356       -0.495984E-03   -0.792388E-02
     8.79458       -0.104403E-02   -0.793764E-02
     8.79840       -0.325274E-02   -0.768779E-02
     8.80338       -0.640731E-02   -0.663454E-02
     8.80719       -0.894774E-02   -0.525858E-02
     8.80821       -0.963275E-02   -0.480740E-02
     8.80923       -0.103183E-01   -0.432024E-02
     8.81304       -0.128680E-01   -0.217845E-02
     8.81801       -0.160396E-01    0.131845E-02
     8.82182       -0.182532E-01    0.449587E-02
     8.82284       -0.188000E-01    0.541062E-02
     8.82385       -0.193254E-01    0.635264E-02
     8.82766       -0.210829E-01    0.101097E-01
     8.83263       -0.227879E-01    0.154519E-01
     8.83643       -0.235668E-01    0.197992E-01
     8.83744       -0.236882E-01    0.209849E-01
     8.83846       -0.237709E-01    0.221794E-01
     8.84226       -0.237242E-01    0.267091E-01
     8.84722       -0.227850E-01    0.326211E-01
     8.85102       -0.213624E-01    0.370453E-01
     8.85203       -0.208770E-01    0.381962E-01
     8.85304       -0.203461E-01    0.393317E-01
     8.85684       -0.179526E-01    0.434262E-01
     8.86179       -0.139104E-01    0.482672E-01
     8.86558       -0.101396E-01    0.514907E-01
     8.86659       -0.904008E-02    0.522667E-01
     8.86760       -0.790180E-02    0.530045E-01
     8.87139       -0.330762E-02    0.554107E-01
     8.87634        0.336000E-02    0.576208E-01
     8.88013        0.889640E-02    0.585351E-01
     8.88113        0.104237E-01    0.586568E-01
     8.88214        0.119699E-01    0.587253E-01
     8.88593        0.179056E-01    0.584999E-01
     8.89087        0.258363E-01    0.570507E-01
     8.89465        0.319302E-01    0.550441E-01
     8.89565        0.335416E-01    0.543771E-01
     8.89666        0.351437E-01    0.536542E-01
     8.90044        0.410344E-01    0.504549E-01
     8.90537        0.482971E-01    0.451810E-01
     8.90915        0.534077E-01    0.403500E-01
     8.91015        0.546876E-01    0.389534E-01
     8.91116        0.559290E-01    0.375127E-01
     8.91493        0.602123E-01    0.317411E-01
     8.91986        0.648087E-01    0.234557E-01
     8.92363        0.674717E-01    0.166359E-01
     8.92463        0.680440E-01    0.147625E-01
     8.92563        0.685556E-01    0.128690E-01
     8.92940        0.699186E-01    0.562259E-02
     8.93432        0.703374E-01   -0.402256E-02
     8.93808        0.695793E-01   -0.114212E-01
     8.93909        0.692152E-01   -0.133776E-01
     8.94009        0.687817E-01   -0.153231E-01
     8.94385        0.665448E-01   -0.224881E-01
     8.94876        0.622180E-01   -0.313733E-01
     8.95252        0.578625E-01   -0.376918E-01
     8.95352        0.565544E-01   -0.392878E-01
     8.95452        0.551857E-01   -0.408426E-01
     8.95828        0.495372E-01   -0.462802E-01
     8.96318        0.410664E-01   -0.523296E-01
     8.96693        0.338424E-01   -0.560663E-01
     8.96793        0.318231E-01   -0.569189E-01
     8.96893        0.297680E-01   -0.577084E-01
     8.97268        0.217787E-01   -0.600939E-01
     8.97758        0.108609E-01   -0.618009E-01
     8.98133        0.227407E-02   -0.619972E-01
     8.98232       -0.277799E-04   -0.618827E-01
     8.98332       -0.233024E-02   -0.616972E-01
     8.98707       -0.109282E-01   -0.603750E-01
     8.99195       -0.218724E-01   -0.572051E-01
     8.99570       -0.298816E-01   -0.537092E-01
     8.99669       -0.319409E-01   -0.526262E-01
     8.99769       -0.339635E-01   -0.514810E-01
     9.00143       -0.411847E-01   -0.466565E-01
     9.00631       -0.495923E-01   -0.392230E-01
     9.01005       -0.551238E-01   -0.327621E-01
     9.01104       -0.564486E-01   -0.309413E-01
     9.01204       -0.577067E-01   -0.290824E-01
     9.01577       -0.618091E-01   -0.218082E-01
     9.02065       -0.656262E-01   -0.117670E-01
     9.02438       -0.673096E-01   -0.380305E-02
     9.02537       -0.675688E-01   -0.165930E-02
     9.02637       -0.677466E-01    0.488566E-03
     9.03010       -0.676894E-01    0.853997E-02
     9.03496       -0.659201E-01    0.188578E-01
     9.03869       -0.632897E-01    0.264607E-01
     9.03968       -0.624050E-01    0.284234E-01
     9.04067       -0.614441E-01    0.303544E-01
     9.04440       -0.571861E-01    0.372800E-01
     9.04925       -0.501957E-01    0.454191E-01
     9.05297       -0.438491E-01    0.508387E-01
     9.05397       -0.420259E-01    0.521480E-01
     9.05496       -0.401509E-01    0.533966E-01
     9.05868       -0.326998E-01    0.575186E-01
     9.06353       -0.221704E-01    0.614901E-01
     9.06724       -0.136539E-01    0.633890E-01
     9.06823       -0.113390E-01    0.637196E-01
     9.06922       -0.901067E-02    0.639747E-01
     9.07293       -0.206889E-03    0.642578E-01
     9.07778        0.112396E-01    0.630421E-01
     9.08149        0.197895E-01    0.609104E-01
     9.08248        0.220130E-01    0.601684E-01
     9.08346        0.242074E-01    0.593540E-01
     9.08717        0.321345E-01    0.556751E-01
     9.09201        0.415790E-01    0.494941E-01
     9.09571        0.479663E-01    0.437933E-01
     9.09670        0.495250E-01    0.421441E-01
     9.09769        0.510183E-01    0.404433E-01
     9.10139        0.560107E-01    0.336428E-01
     9.10622        0.609787E-01    0.239341E-01
     9.10992        0.635113E-01    0.160059E-01
     9.11090        0.639892E-01    0.138396E-01
     9.11189        0.643815E-01    0.116557E-01
     9.11559        0.650887E-01    0.335237E-02
     9.12041        0.642022E-01   -0.755753E-02
     9.12410        0.621434E-01   -0.158025E-01
     9.12509        0.613938E-01   -0.179623E-01
     9.12607        0.605600E-01   -0.201009E-01
     9.12976        0.567078E-01   -0.278922E-01
     9.13458        0.500717E-01   -0.373441E-01
     9.13827        0.438574E-01   -0.438874E-01
     9.13925        0.420485E-01   -0.455107E-01
     9.14023        0.401788E-01   -0.470787E-01
     9.14392        0.326694E-01   -0.524398E-01
     9.14873        0.218838E-01   -0.580965E-01
     9.15241        0.130393E-01   -0.613129E-01
     9.15339        0.106185E-01   -0.619953E-01
     9.15437        0.817665E-02   -0.626016E-01
     9.15805       -0.111643E-02   -0.641913E-01
     9.16286       -0.133361E-01   -0.646283E-01
     9.16653       -0.225669E-01   -0.637000E-01
     9.16751       -0.249831E-01   -0.632667E-01
     9.16849       -0.273743E-01   -0.627552E-01
     9.17217       -0.360718E-01   -0.601572E-01
     9.17696       -0.465776E-01   -0.552388E-01
     9.18064       -0.538019E-01   -0.503775E-01
     9.18162       -0.555848E-01   -0.489316E-01
     9.18259       -0.573024E-01   -0.474251E-01
     9.18627       -0.631300E-01   -0.412718E-01
     9.19105       -0.691547E-01   -0.322106E-01
     9.19472       -0.724536E-01   -0.246243E-01
     9.19570       -0.731271E-01   -0.225262E-01
     9.19668       -0.737109E-01   -0.204008E-01
     9.20034       -0.750968E-01   -0.122326E-01
     9.20512       -0.749868E-01   -0.130695E-02
     9.20879       -0.734272E-01    0.708938E-02
     9.20976       -0.727951E-01    0.930899E-02
     9.21074       -0.720720E-01    0.115153E-01
     9.21440       -0.685721E-01    0.196265E-01
     9.21917       -0.622421E-01    0.296359E-01
     9.22283       -0.561402E-01    0.366985E-01
     9.22381       -0.543428E-01    0.384718E-01
     9.22478       -0.524769E-01    0.401941E-01
     9.22844       -0.449126E-01    0.461681E-01
     9.23320       -0.338958E-01    0.526861E-01
     9.23686       -0.247561E-01    0.565919E-01
     9.23783       -0.222397E-01    0.574603E-01
     9.23880       -0.196954E-01    0.582529E-01
     9.24245       -0.995899E-02    0.605406E-01
     9.24721        0.296782E-02    0.618707E-01
     9.25086        0.128286E-01    0.615988E-01
     9.25183        0.154242E-01    0.613346E-01
     9.25280        0.179995E-01    0.609893E-01
     9.25645        0.274245E-01    0.589873E-01
     9.26121        0.389520E-01    0.547726E-01
     9.26485        0.470010E-01    0.503869E-01
     9.26582        0.490083E-01    0.490575E-01
     9.26679        0.509515E-01    0.476630E-01
     9.27043        0.576351E-01    0.418906E-01
     9.27518        0.647840E-01    0.332332E-01
     9.27881        0.689363E-01    0.258866E-01
     9.27978        0.698344E-01    0.238421E-01
     9.28075        0.706414E-01    0.217663E-01
     9.28439        0.728475E-01    0.137494E-01
     9.28913        0.737572E-01    0.294680E-02
     9.29276        0.729302E-01   -0.540391E-02
     9.29373        0.724849E-01   -0.761757E-02
     9.29470        0.719450E-01   -0.982020E-02
     9.29833        0.690973E-01   -0.179350E-01
     9.30306        0.635307E-01   -0.279785E-01
     9.30669        0.579423E-01   -0.350784E-01
     9.30766        0.562709E-01   -0.368621E-01
     9.30863        0.545261E-01   -0.385945E-01
     9.31225        0.473749E-01   -0.446016E-01
     9.31698        0.368002E-01   -0.511410E-01
     9.32060        0.279266E-01   -0.550368E-01
     9.32157        0.254708E-01   -0.558976E-01
     9.32253        0.229827E-01   -0.566801E-01
     9.32615        0.134208E-01   -0.589070E-01
     9.33088        0.641733E-03   -0.600978E-01
     9.33450       -0.916066E-02   -0.596685E-01
     9.33546       -0.117481E-01   -0.593544E-01
     9.33642       -0.143180E-01   -0.589559E-01
     9.34004       -0.237453E-01   -0.567234E-01
     9.34476       -0.353216E-01   -0.521376E-01
     9.34837       -0.434345E-01   -0.474154E-01
     9.34933       -0.454617E-01   -0.459890E-01
     9.35029       -0.474258E-01   -0.444945E-01
     9.35391       -0.541940E-01   -0.383221E-01
     9.35862       -0.614610E-01   -0.290925E-01
     9.36223       -0.657027E-01   -0.212764E-01
     9.36319       -0.666237E-01   -0.191033E-01
     9.36415       -0.674529E-01   -0.168975E-01
     9.36776       -0.697358E-01   -0.838506E-02
     9.37246       -0.707272E-01    0.307190E-02
     9.37606       -0.699459E-01    0.119194E-01
     9.37702       -0.695101E-01    0.142636E-01
     9.37798       -0.689783E-01    0.165955E-01
     9.38159       -0.661508E-01    0.251820E-01
     9.38628       -0.605884E-01    0.357993E-01
     9.38988       -0.549893E-01    0.432976E-01
     9.39084       -0.533132E-01    0.451802E-01
     9.39180       -0.515633E-01    0.470083E-01
     9.39540       -0.443892E-01    0.533431E-01
     9.40009       -0.337844E-01    0.602305E-01
     9.40369       -0.248949E-01    0.643264E-01
     9.40464       -0.224368E-01    0.652302E-01
     9.40560       -0.199474E-01    0.660512E-01
     9.40919       -0.103933E-01    0.683832E-01
     9.41388        0.233672E-02    0.696190E-01
     9.41747        0.120625E-01    0.691549E-01
     9.41843        0.146227E-01    0.688215E-01
     9.41938        0.171622E-01    0.683996E-01
     9.42297        0.264451E-01    0.660455E-01
     9.42765        0.377532E-01    0.612299E-01
     9.43124        0.455928E-01    0.562856E-01
     9.43219        0.475365E-01    0.547942E-01
     9.43315        0.494124E-01    0.532327E-01
     9.43673        0.558066E-01    0.467935E-01
     9.44141        0.624836E-01    0.371922E-01
     9.44499        0.661946E-01    0.290854E-01
     9.44594        0.669627E-01    0.268354E-01
     9.44690        0.676341E-01    0.245534E-01
     9.45047        0.692831E-01    0.157642E-01
     9.45514        0.693572E-01    0.398069E-02
     9.45872        0.678117E-01   -0.507867E-02
     9.45967        0.671642E-01   -0.747224E-02
     9.46063        0.664177E-01   -0.985023E-02
     9.46420        0.627608E-01   -0.185770E-01
     9.46886        0.560767E-01   -0.292925E-01
     9.47244        0.496035E-01   -0.367939E-01
     9.47339        0.476941E-01   -0.386660E-01
     9.47434        0.457113E-01   -0.404787E-01
     9.47791        0.376725E-01   -0.467111E-01
     9.48257        0.259811E-01   -0.533597E-01
     9.48614        0.163102E-01   -0.571926E-01
     9.48709        0.136535E-01   -0.580146E-01
     9.48804        0.109704E-01   -0.587490E-01
     9.49160        0.736762E-03   -0.607133E-01
     9.49626       -0.127494E-01   -0.613807E-01
     9.49982       -0.229373E-01   -0.604237E-01
     9.50077       -0.256015E-01   -0.599519E-01
     9.50172       -0.282364E-01   -0.593889E-01
     9.50528       -0.377970E-01   -0.564865E-01
     9.50993       -0.492683E-01   -0.509251E-01
     9.51349       -0.570714E-01   -0.454011E-01
     9.51444       -0.589806E-01   -0.437558E-01
     9.51538       -0.608115E-01   -0.420411E-01
     9.51894       -0.669419E-01   -0.350405E-01
     9.52358       -0.730533E-01   -0.247585E-01
     9.52714       -0.761646E-01   -0.161893E-01
     9.52809       -0.767490E-01   -0.138271E-01
     9.52903       -0.772268E-01   -0.114380E-01
     9.53259       -0.780649E-01   -0.229884E-02
     9.53722       -0.768978E-01    0.980037E-02
     9.54077       -0.742772E-01    0.189757E-01
     9.54172       -0.733270E-01    0.213797E-01
     9.54267       -0.722715E-01    0.237592E-01
     9.54622       -0.674068E-01    0.324097E-01
     9.55085       -0.590584E-01    0.428208E-01
     9.55439       -0.512678E-01    0.499213E-01
     9.55534       -0.490043E-01    0.516608E-01
     9.55628       -0.466669E-01    0.533303E-01
     9.55983       -0.373022E-01    0.589342E-01
     9.56445       -0.239221E-01    0.645398E-01
     9.56800       -0.130175E-01    0.673954E-01
     9.56894       -0.100443E-01    0.679302E-01
     9.56989       -0.705068E-02    0.683705E-01
     9.57343        0.428678E-02    0.692046E-01
     9.57805        0.190434E-01    0.683078E-01
     9.58159        0.300515E-01    0.660572E-01
     9.58253        0.329092E-01    0.652238E-01
     9.58347        0.357261E-01    0.642922E-01
     9.58701        0.458650E-01    0.599566E-01
     9.59163        0.578304E-01    0.524380E-01
     9.59516        0.658015E-01    0.453778E-01
     9.59610        0.677234E-01    0.433213E-01
     9.59705        0.695532E-01    0.411958E-01
     9.60058        0.755573E-01    0.326639E-01
     9.60519        0.812194E-01    0.204384E-01
     9.60872        0.837738E-01    0.104500E-01
     9.60966        0.841793E-01    0.772305E-02
     9.61060        0.844656E-01    0.497610E-02
     9.61413        0.844785E-01   -0.543735E-02
     9.61874        0.820035E-01   -0.190113E-01
     9.62227        0.782251E-01   -0.291491E-01
     9.62321        0.769460E-01   -0.317823E-01
     9.62415        0.755540E-01   -0.343786E-01
     9.62767        0.693649E-01   -0.437271E-01
     9.63227        0.591774E-01   -0.547652E-01
     9.63580        0.499248E-01   -0.621194E-01
     9.63674        0.472678E-01   -0.638922E-01
     9.63768        0.445363E-01   -0.655797E-01
     9.64120        0.336962E-01   -0.711142E-01
     9.64579        0.184348E-01   -0.763210E-01
     9.64932        0.615662E-02   -0.786526E-01
     9.65025        0.283141E-02   -0.790178E-01
     9.65119       -0.507209E-03   -0.792720E-01
     9.65471       -0.130695E-01   -0.792375E-01
     9.65930       -0.292306E-01   -0.768700E-01
     9.66282       -0.411395E-01   -0.732999E-01
     9.66376       -0.442084E-01   -0.720944E-01
     9.66469       -0.472237E-01   -0.707833E-01
     9.66821       -0.579869E-01   -0.649619E-01
     9.67279       -0.704706E-01   -0.553932E-01
     9.67631       -0.786007E-01   -0.467095E-01
     9.67724       -0.805288E-01   -0.442166E-01
     9.67818       -0.823491E-01   -0.416541E-01
     9.68169       -0.881795E-01   -0.314871E-01
     9.68627       -0.932936E-01   -0.171801E-01
     9.68978       -0.951889E-01   -0.567491E-02
     9.69072       -0.953845E-01   -0.255985E-02
     9.69166       -0.954469E-01    0.567368E-03
     9.69516       -0.945001E-01    0.123297E-01
     9.69974       -0.905126E-01    0.274493E-01
     9.70325       -0.853981E-01    0.385799E-01
     9.70418       -0.837398E-01    0.414463E-01
     9.70512       -0.819596E-01    0.442617E-01
     9.70862       -0.742464E-01    0.543008E-01
     9.71320       -0.619423E-01    0.659170E-01
     9.71670       -0.510019E-01    0.734564E-01
     9.71763       -0.478894E-01    0.752396E-01
     9.71857       -0.447012E-01    0.769207E-01
     9.72207       -0.321486E-01    0.822804E-01
     9.72664       -0.146931E-01    0.869124E-01
     9.73014       -0.799080E-03    0.885483E-01
     9.73107        0.294302E-02    0.886920E-01
     9.73200        0.669162E-02    0.887098E-01
     9.73550        0.207216E-01    0.876608E-01
     9.74007        0.385991E-01    0.836958E-01
     9.74356        0.516424E-01    0.787189E-01
     9.74450        0.549836E-01    0.771150E-01
     9.74543        0.582579E-01    0.753965E-01
     9.74892        0.698708E-01    0.679785E-01
     9.75348        0.831575E-01    0.562035E-01
     9.75698        0.916544E-01    0.457724E-01
     9.75791        0.936421E-01    0.428100E-01
     9.75884        0.955057E-01    0.397776E-01
     9.76233        0.101355        0.278564E-01
     9.76689        0.106157        0.113224E-01
     9.77038        0.107562       -0.180249E-02
     9.77131        0.107590       -0.533188E-02
     9.77224        0.107471       -0.886490E-02
     9.77573        0.105712       -0.220649E-01
     9.78028        0.100387       -0.388266E-01
     9.78377        0.940586E-01   -0.510060E-01
     9.78470        0.920519E-01   -0.541177E-01
     9.78563        0.899135E-01   -0.571632E-01
     9.78912        0.807768E-01   -0.679281E-01
     9.79367        0.664652E-01   -0.801494E-01
     9.79715        0.539082E-01   -0.878761E-01
     9.79808        0.503577E-01   -0.896672E-01
     9.79901        0.467293E-01   -0.913385E-01
     9.80249        0.325126E-01   -0.965100E-01
     9.80704        0.128973E-01   -0.100542    
     9.81052       -0.260355E-02   -0.101451    
     9.81145       -0.676221E-02   -0.101363    
     9.81237       -0.109213E-01   -0.101132    
     9.81586       -0.264292E-01   -0.990222E-01
     9.82040       -0.460584E-01   -0.933905E-01
     9.82388       -0.602809E-01   -0.869484E-01
     9.82480       -0.639093E-01   -0.849297E-01
     9.82573       -0.674583E-01   -0.827874E-01
     9.82921       -0.799872E-01   -0.737072E-01
     9.83375       -0.941833E-01   -0.596342E-01
     9.83723       -0.103147       -0.473816E-01
     9.83815       -0.105223       -0.439294E-01
     9.83908       -0.107161       -0.404068E-01
     9.84255       -0.113154       -0.266536E-01
     9.84709       -0.117831       -0.778758E-02
     9.85056       -0.118906        0.704110E-02
     9.85149       -0.118813        0.110078E-01
     9.85241       -0.118558        0.149699E-01
     9.85589       -0.116177        0.296982E-01
     9.86042       -0.109784        0.482307E-01
     9.86389       -0.102464        0.615680E-01
     9.86482       -0.100170        0.649558E-01
     9.86574       -0.977359E-01    0.682628E-01
     9.86921       -0.874210E-01    0.798754E-01
     9.87374       -0.714415E-01    0.928755E-01
     9.87721       -0.575375E-01    0.100940    
     9.87814       -0.536216E-01    0.102782    
     9.87906       -0.496264E-01    0.104487    
     9.88253       -0.340314E-01    0.109637    
     9.88705       -0.126446E-01    0.113296    
     9.89052        0.416323E-02    0.113671    
     9.89144        0.865923E-02    0.113405    
     9.89237        0.131501E-01    0.112983    
     9.89583        0.298466E-01    0.110033    
     9.90036        0.508680E-01    0.103046    
     9.90382        0.660125E-01    0.953951E-01
     9.90474        0.698626E-01    0.930325E-01
     9.90567        0.736227E-01    0.905378E-01
     9.90913        0.868457E-01    0.800710E-01
     9.91365        0.101706        0.640736E-01
     9.91711        0.110985        0.502949E-01
     9.91804        0.113116        0.464328E-01
     9.91896        0.115096        0.425000E-01
     9.92242        0.121138        0.272139E-01
     9.92694        0.125628        0.639826E-02
     9.93040        0.126378       -0.985170E-02
     9.93132        0.126172       -0.141825E-01
     9.93224        0.125795       -0.185015E-01
     9.93570        0.122863       -0.344981E-01
     9.94022        0.115568       -0.544930E-01
     9.94367        0.107437       -0.687807E-01
     9.94460        0.104913       -0.723941E-01
     9.94552        0.102242       -0.759146E-01
     9.94897        0.909978E-01   -0.882177E-01
     9.95349        0.737356E-01   -0.101851    
     9.95694        0.588244E-01   -0.110188    
     9.95786        0.546399E-01   -0.112072    
     9.95878        0.503769E-01   -0.113805    
     9.96224        0.337909E-01   -0.118943    
     9.96675        0.111702E-01   -0.122325    
     9.97020       -0.651208E-02   -0.122299    
     9.97112       -0.112277E-01   -0.121900    
     9.97204       -0.159318E-01   -0.121335    
     9.97550       -0.333666E-01   -0.117759    
     9.98001       -0.551898E-01   -0.109777    
     9.98346       -0.708106E-01   -0.101251    
     9.98438       -0.747658E-01   -0.986419E-01
     9.98530       -0.786213E-01   -0.958959E-01
     9.98875       -0.921159E-01   -0.844524E-01
     9.99325       -0.107126       -0.671317E-01
     9.99671       -0.116363       -0.523315E-01
     9.99763       -0.118461       -0.481996E-01
     9.99855       -0.120397       -0.439990E-01
     10.0020       -0.126196       -0.277331E-01
     10.0065       -0.130195       -0.572445E-02
     10.0099       -0.130448        0.113494E-01
     10.0109       -0.130095        0.158836E-01
     10.0118       -0.129562        0.203985E-01
     10.0152       -0.126005        0.370586E-01
     10.0197       -0.117804        0.577375E-01
     10.0232       -0.108935        0.723988E-01
     10.0241       -0.106210        0.760884E-01
     10.0250       -0.103338        0.796748E-01
     10.0285       -0.913409E-01    0.921355E-01
     10.0330       -0.731248E-01    0.105765    
     10.0364       -0.575276E-01    0.113946    
     10.0373       -0.531696E-01    0.115765    
     10.0383       -0.487378E-01    0.117425    
     10.0417       -0.315674E-01    0.122212    
     10.0462       -0.831645E-02    0.124976    
     10.0496        0.973164E-02    0.124371    
     10.0506        0.145258E-01    0.123805    
     10.0515        0.192998E-01    0.123068    
     10.0549        0.369198E-01    0.118812    
     10.0594        0.587978E-01    0.109886    
     10.0629        0.743152E-01    0.100621    
     10.0638        0.782212E-01    0.978153E-01
     10.0647        0.820185E-01    0.948741E-01
     10.0681        0.952162E-01    0.827159E-01
     10.0726        0.109667        0.645307E-01
     10.0761        0.118356        0.491447E-01
     10.0770        0.120292        0.448708E-01
     10.0779        0.122060        0.405348E-01
     10.0814        0.127180        0.238257E-01
     10.0858        0.130200        0.140689E-02
     10.0893        0.129656       -0.158380E-01
     10.0902        0.129087       -0.203951E-01
     10.0911        0.128338       -0.249231E-01
     10.0946        0.123968       -0.415455E-01
     10.0991        0.114738       -0.619682E-01
     10.1025        0.105130       -0.762739E-01
     10.1034        0.102218       -0.798454E-01
     10.1042        0.994806E-01   -0.829593E-01
     10.1073        0.882631E-01   -0.937846E-01
     10.1114        0.716358E-01   -0.105683    
     10.1145        0.576128E-01   -0.112919    
     10.1153        0.537172E-01   -0.114550    
     10.1161        0.497630E-01   -0.116052    
     10.1192        0.344885E-01   -0.120516    
     10.1232        0.138419E-01   -0.123509    
     10.1263       -0.222338E-02   -0.123590    
     10.1271       -0.650403E-02   -0.123283    
     10.1280       -0.107747E-01   -0.122836    
     10.1311       -0.266277E-01   -0.119943    
     10.1351       -0.465924E-01   -0.113378    
     10.1382       -0.610443E-01   -0.106310    
     10.1390       -0.647366E-01   -0.104141    
     10.1398       -0.683529E-01   -0.101854    
     10.1429       -0.811815E-01   -0.922878E-01
     10.1469       -0.959314E-01   -0.776973E-01
     10.1500       -0.105494       -0.651196E-01
     10.1509       -0.107762       -0.615893E-01
     10.1517       -0.109905       -0.579912E-01
     10.1548       -0.116810       -0.439630E-01
     10.1588       -0.123022       -0.247117E-01
     10.1619       -0.125550       -0.952147E-02
     10.1627       -0.125887       -0.544350E-02
     10.1635       -0.126080       -0.136210E-02
     10.1666       -0.125530        0.139016E-01
     10.1707       -0.121851        0.333901E-01
     10.1737       -0.116824        0.477059E-01
     10.1746       -0.115169        0.513959E-01
     10.1754       -0.113382        0.550244E-01
     10.1785       -0.105565        0.680249E-01
     10.1825       -0.929225E-01    0.832892E-01
     10.1856       -0.815573E-01    0.934585E-01
     10.1864       -0.783061E-01    0.959180E-01
     10.1872       -0.749678E-01    0.982655E-01
     10.1903       -0.617417E-01    0.106039    
     10.1944       -0.431197E-01    0.113610    
     10.1975       -0.280871E-01    0.117331    
     10.1983       -0.240030E-01    0.118005    
     10.1991       -0.198951E-01    0.118542    
     10.2022       -0.435441E-02    0.119346    
     10.2062        0.159013E-01    0.117547    
     10.2093        0.311006E-01    0.114019    
     10.2101        0.350676E-01    0.112768    
     10.2110        0.389899E-01    0.111387    
     10.2140        0.532353E-01    0.105099    
     10.2181        0.704292E-01    0.944323E-01
     10.2212        0.822797E-01    0.845392E-01
     10.2220        0.852132E-01    0.816709E-01
     10.2228        0.880445E-01    0.787106E-01
     10.2259        0.977113E-01    0.668535E-01
     10.2299        0.107894        0.498774E-01
     10.2330        0.113685        0.359764E-01
     10.2338        0.114916        0.321724E-01
     10.2347        0.116011        0.283348E-01
     10.2378        0.118907        0.137182E-01
     10.2418        0.119793       -0.555854E-02
     10.2449        0.118249       -0.201933E-01
     10.2457        0.117512       -0.240383E-01
     10.2465        0.116638       -0.278510E-01
     10.2496        0.112170       -0.417955E-01
     10.2536        0.103668       -0.588586E-01
     10.2567        0.952404E-01   -0.708092E-01
     10.2575        0.927311E-01   -0.737987E-01
     10.2584        0.901157E-01   -0.766982E-01
     10.2615        0.794224E-01   -0.867273E-01
     10.2655        0.636406E-01   -0.976224E-01
     10.2686        0.503924E-01   -0.104132    
     10.2694        0.467223E-01   -0.105578    
     10.2702        0.430014E-01   -0.106899    
     10.2733        0.286701E-01   -0.110720    
     10.2773        0.940691E-02   -0.112981    
     10.2804       -0.548824E-02   -0.112601    
     10.2813       -0.944189E-02   -0.112187    
     10.2821       -0.133795E-01   -0.111641    
     10.2852       -0.279326E-01   -0.108446    
     10.2892       -0.461011E-01   -0.101669    
     10.2923       -0.591170E-01   -0.945895E-01
     10.2931       -0.624199E-01   -0.924402E-01
     10.2939       -0.656447E-01   -0.901845E-01
     10.2970       -0.769908E-01   -0.808303E-01
     10.3011       -0.898009E-01   -0.667464E-01
     10.3041       -0.978966E-01   -0.547383E-01
     10.3050       -0.997794E-01   -0.513868E-01
     10.3058       -0.101541       -0.479791E-01
     10.3089       -0.107050       -0.347675E-01
     10.3129       -0.111556       -0.168162E-01
     10.3160       -0.112892       -0.279455E-02
     10.3168       -0.112930        0.947645E-03
     10.3177       -0.112834        0.468326E-02
     10.3207       -0.111291        0.185650E-01
     10.3248       -0.106551        0.360711E-01
     10.3279       -0.100913        0.487506E-01
     10.3287       -0.991266E-01    0.519899E-01
     10.3295       -0.972239E-01    0.551621E-01
     10.3326       -0.891014E-01    0.664085E-01
     10.3366       -0.763839E-01    0.793174E-01
     10.3397       -0.652198E-01    0.876611E-01
     10.3406       -0.620614E-01    0.896348E-01
     10.3414       -0.588327E-01    0.914976E-01
     10.3445       -0.461671E-01    0.974737E-01
     10.3485       -0.286265E-01    0.102784    
     10.3516       -0.146859E-01    0.104873    
     10.3524       -0.109308E-01    0.105131    
     10.3533       -0.716769E-02    0.105262    
     10.3564        0.694360E-02    0.104628    
     10.3604        0.250359E-01    0.101199    
     10.3635        0.383711E-01    0.966401E-01
     10.3643        0.418138E-01    0.951503E-01
     10.3651        0.452009E-01    0.935472E-01
     10.3682        0.573509E-01    0.865709E-01
     10.3723        0.716427E-01    0.753798E-01
     10.3754        0.811774E-01    0.653888E-01
     10.3762        0.834847E-01    0.625410E-01
     10.3770        0.856872E-01    0.596216E-01
     10.3801        0.929834E-01    0.480988E-01
     10.3841        0.100093        0.319883E-01
     10.3872        0.103590        0.190792E-01
     10.3881        0.104223        0.155875E-01
     10.3889        0.104729        0.120824E-01
     10.3920        0.105489       -0.111228E-02
     10.3960        0.103817       -0.181434E-01
     10.3991        0.100531       -0.307808E-01
     10.3999        0.993655E-01   -0.340558E-01
     10.4008        0.980804E-01   -0.372833E-01
     10.4039        0.922307E-01   -0.489077E-01
     10.4079        0.823322E-01   -0.626922E-01
     10.4110        0.731770E-01   -0.719795E-01
     10.4118        0.705271E-01   -0.742422E-01
     10.4127        0.677945E-01   -0.764091E-01
     10.4158        0.568724E-01   -0.836514E-01
     10.4198        0.413012E-01   -0.908770E-01
     10.4229        0.286120E-01   -0.946018E-01
     10.4237        0.251498E-01   -0.953164E-01
     10.4246        0.216619E-01   -0.959112E-01
     10.4277        0.842350E-02   -0.970770E-01
     10.4317       -0.891402E-02   -0.960927E-01
     10.4348       -0.219695E-01   -0.934446E-01
     10.4356       -0.253820E-01   -0.924647E-01
     10.4365       -0.287575E-01   -0.913709E-01
     10.4396       -0.410269E-01   -0.862889E-01
     10.4436       -0.558461E-01   -0.774950E-01
     10.4467       -0.660554E-01   -0.692506E-01
     10.4475       -0.685804E-01   -0.668511E-01
     10.4484       -0.710160E-01   -0.643716E-01
     10.4515       -0.793164E-01   -0.544200E-01
     10.4555       -0.880147E-01   -0.401462E-01
     10.4586       -0.929134E-01   -0.284591E-01
     10.4594       -0.939445E-01   -0.252632E-01
     10.4603       -0.948565E-01   -0.220407E-01
     10.4634       -0.972119E-01   -0.978712E-02
     10.4674       -0.977523E-01    0.630784E-02
     10.4705       -0.962263E-01    0.184583E-01
     10.4714       -0.955358E-01    0.216381E-01
     10.4722       -0.947264E-01    0.247852E-01
     10.4753       -0.906630E-01    0.362365E-01
     10.4793       -0.830625E-01    0.500929E-01
     10.4825       -0.756102E-01    0.596552E-01
     10.4833       -0.734016E-01    0.620223E-01
     10.4841       -0.711041E-01    0.643065E-01
     10.4872       -0.617521E-01    0.720977E-01
     10.4913       -0.480555E-01    0.802767E-01
     10.4944       -0.366456E-01    0.848937E-01
     10.4952       -0.334984E-01    0.858674E-01
     10.4960       -0.303140E-01    0.867295E-01
     10.4991       -0.181081E-01    0.889649E-01
     10.5032       -0.185444E-02    0.895070E-01
     10.5063        0.105823E-01    0.881025E-01
     10.5071        0.138620E-01    0.874619E-01
     10.5080        0.171187E-01    0.867097E-01
     10.5111        0.290639E-01    0.829240E-01
     10.5151        0.437451E-01    0.758290E-01
     10.5183        0.540625E-01    0.688669E-01
     10.5191        0.566470E-01    0.668032E-01
     10.5199        0.591549E-01    0.646564E-01
     10.5230        0.678355E-01    0.559182E-01
     10.5271        0.772711E-01    0.431261E-01
     10.5302        0.829029E-01    0.324774E-01
     10.5310        0.841520E-01    0.295417E-01
     10.5319        0.852910E-01    0.265721E-01
     10.5350        0.885713E-01    0.151980E-01
     10.5391        0.904679E-01    0.767312E-04
     10.5422        0.900720E-01   -0.114696E-01
     10.5430        0.896932E-01   -0.145103E-01
     10.5438        0.891991E-01   -0.175277E-01
     10.5470        0.863448E-01   -0.285758E-01
     10.5510        0.803577E-01   -0.421028E-01
     10.5541        0.741450E-01   -0.515615E-01
     10.5550        0.722644E-01   -0.539226E-01
     10.5558        0.702931E-01   -0.562098E-01
     10.5589        0.621442E-01   -0.640889E-01
     10.5630        0.499469E-01   -0.725547E-01
     10.5661        0.396127E-01   -0.775127E-01
     10.5670        0.367392E-01   -0.785938E-01
     10.5678        0.338224E-01   -0.795698E-01
     10.5709        0.225640E-01   -0.822871E-01
     10.5750        0.740025E-02   -0.835709E-01
     10.5781       -0.432407E-02   -0.828062E-01
     10.5789       -0.743320E-02   -0.823446E-01
     10.5798       -0.105277E-01   -0.817746E-01
     10.5829       -0.219392E-01   -0.786962E-01
     10.5870       -0.361038E-01   -0.725634E-01
     10.5901       -0.461638E-01   -0.663532E-01
     10.5909       -0.487002E-01   -0.644902E-01
     10.5918       -0.511686E-01   -0.625437E-01
     10.5949       -0.597754E-01   -0.545505E-01
     10.5990       -0.692846E-01   -0.427016E-01
     10.6021       -0.750960E-01   -0.327415E-01
     10.6029       -0.764102E-01   -0.299829E-01
     10.6038       -0.776211E-01   -0.271873E-01
     10.6069       -0.812307E-01   -0.164368E-01
     10.6110       -0.836838E-01   -0.205260E-02
     10.6141       -0.837997E-01    0.899419E-02
     10.6150       -0.835683E-01    0.119122E-01
     10.6158       -0.832260E-01    0.148113E-01
     10.6189       -0.809753E-01    0.254562E-01
     10.6230       -0.758428E-01    0.385544E-01
     10.6262       -0.703228E-01    0.477597E-01
     10.6270       -0.686308E-01    0.500644E-01
     10.6278       -0.668493E-01    0.522998E-01
     10.6310       -0.594203E-01    0.600253E-01
     10.6351       -0.481685E-01    0.683829E-01
     10.6382       -0.385516E-01    0.733249E-01
     10.6390       -0.358668E-01    0.744111E-01
     10.6399       -0.331373E-01    0.753961E-01
     10.6430       -0.225672E-01    0.781788E-01
     10.6471       -0.825843E-02    0.796176E-01
     10.6502        0.285201E-02    0.790189E-01
     10.6511        0.580458E-02    0.786077E-01
     10.6519        0.874564E-02    0.780906E-01
     10.6551        0.196109E-01    0.752300E-01
     10.6592        0.331366E-01    0.694215E-01
     10.6623        0.427677E-01    0.634841E-01
     10.6631        0.451992E-01    0.616967E-01
     10.6640        0.475666E-01    0.598266E-01
     10.6671        0.558305E-01    0.521281E-01
     10.6712        0.649777E-01    0.406762E-01
     10.6744        0.705776E-01    0.310251E-01
     10.6752        0.718450E-01    0.283490E-01
     10.6761        0.730134E-01    0.256358E-01
     10.6792        0.764982E-01    0.151931E-01
     10.6833        0.788706E-01    0.120403E-02
     10.6865        0.789851E-01   -0.954773E-02
     10.6873        0.787619E-01   -0.123886E-01
     10.6881        0.784313E-01   -0.152112E-01
     10.6913        0.762550E-01   -0.255756E-01
     10.6954        0.712883E-01   -0.383240E-01
     10.6986        0.659443E-01   -0.472747E-01
     10.6994        0.643059E-01   -0.495138E-01
     10.7002        0.625808E-01   -0.516844E-01
     10.7034        0.553867E-01   -0.591748E-01
     10.7075        0.444924E-01   -0.672451E-01
     10.7107        0.351847E-01   -0.719823E-01
     10.7115        0.325869E-01   -0.730161E-01
     10.7124        0.299464E-01   -0.739497E-01
     10.7155        0.197255E-01   -0.765482E-01
     10.7196        0.590498E-02   -0.777677E-01
     10.7228       -0.481035E-02   -0.770174E-01
     10.7236       -0.765504E-02   -0.765684E-01
     10.7245       -0.104872E-01   -0.760145E-01
     10.7276       -0.209363E-01   -0.730257E-01
     10.7318       -0.339052E-01   -0.670748E-01
     10.7349       -0.431031E-01   -0.610488E-01
     10.7358       -0.454187E-01   -0.592409E-01
     10.7366       -0.476702E-01   -0.573518E-01
     10.7398       -0.554997E-01   -0.495946E-01
     10.7439       -0.640865E-01   -0.380991E-01
     10.7471       -0.692663E-01   -0.284419E-01
     10.7479       -0.704238E-01   -0.257683E-01
     10.7488       -0.714831E-01   -0.230594E-01
     10.7520       -0.745688E-01   -0.126502E-01
     10.7561       -0.764492E-01    0.125323E-02
     10.7593       -0.762139E-01    0.119057E-01
     10.7601       -0.759021E-01    0.147150E-01
     10.7610       -0.754850E-01    0.175039E-01
     10.7641       -0.730039E-01    0.277217E-01
     10.7683       -0.676920E-01    0.402325E-01
     10.7715       -0.621285E-01    0.489658E-01
     10.7723       -0.604388E-01    0.511418E-01
     10.7731       -0.586655E-01    0.532473E-01
     10.7763       -0.513198E-01    0.604746E-01
     10.7805       -0.403005E-01    0.681614E-01
     10.7837       -0.309559E-01    0.725770E-01
     10.7845       -0.283574E-01    0.735215E-01
     10.7853       -0.257199E-01    0.743643E-01
     10.7885       -0.155456E-01    0.766109E-01
     10.7927       -0.186910E-02    0.773511E-01
     10.7959        0.867178E-02    0.762243E-01
     10.7967        0.114606E-01    0.756743E-01
     10.7976        0.142330E-01    0.750194E-01
     10.8008        0.244229E-01    0.716531E-01
     10.8049        0.369757E-01    0.652219E-01
     10.8081        0.457987E-01    0.588450E-01
     10.8090        0.480066E-01    0.569471E-01
     10.8098        0.501473E-01    0.549697E-01
     10.8130        0.575347E-01    0.468986E-01
     10.8172        0.654907E-01    0.350431E-01
     10.8204        0.701533E-01    0.251554E-01
     10.8212        0.711690E-01    0.224279E-01
     10.8221        0.720850E-01    0.196686E-01
     10.8253        0.746227E-01    0.910224E-02
     10.8294        0.757748E-01   -0.492518E-02
     10.8326        0.749814E-01   -0.156059E-01
     10.8335        0.745221E-01   -0.184123E-01
     10.8343        0.739584E-01   -0.211939E-01
     10.8375        0.709378E-01   -0.313440E-01
     10.8417        0.649585E-01   -0.436710E-01
     10.8449        0.589224E-01   -0.521907E-01
     10.8458        0.571137E-01   -0.542991E-01
     10.8466        0.552246E-01   -0.563324E-01
     10.8498        0.474763E-01   -0.632512E-01
     10.8540        0.360152E-01   -0.704508E-01
     10.8572        0.264045E-01   -0.744343E-01
     10.8581        0.237466E-01   -0.752558E-01
     10.8589        0.210549E-01   -0.759725E-01
     10.8621        0.107240E-01   -0.777212E-01
     10.8663       -0.304249E-02   -0.777645E-01
     10.8695       -0.135616E-01   -0.760784E-01
     10.8704       -0.163309E-01   -0.753770E-01
     10.8712       -0.190780E-01   -0.745700E-01
     10.8745       -0.291220E-01   -0.706311E-01
     10.8787       -0.413666E-01   -0.634616E-01
     10.8819       -0.498667E-01   -0.565391E-01
     10.8827       -0.519764E-01   -0.545001E-01
     10.8836       -0.540138E-01   -0.523841E-01
     10.8868       -0.609717E-01   -0.438169E-01
     10.8910       -0.682775E-01   -0.313829E-01
     10.8942       -0.723833E-01   -0.211164E-01
     10.8951       -0.732432E-01   -0.182988E-01
     10.8960       -0.740006E-01   -0.154542E-01
     10.8992       -0.759224E-01   -0.461351E-02
     10.9034       -0.762358E-01    0.965692E-02
     10.9066       -0.747869E-01    0.204296E-01
     10.9075       -0.741526E-01    0.232461E-01
     10.9083       -0.734143E-01    0.260314E-01
     10.9116       -0.697458E-01    0.361397E-01
     10.9158       -0.629532E-01    0.482807E-01
     10.9190       -0.563325E-01    0.565588E-01
     10.9199       -0.543753E-01    0.585885E-01
     10.9207       -0.523414E-01    0.605372E-01
     10.9240       -0.440839E-01    0.670877E-01
     10.9282       -0.320516E-01    0.736958E-01
     10.9314       -0.220849E-01    0.771505E-01
     10.9323       -0.193453E-01    0.778211E-01
     10.9332       -0.165778E-01    0.783830E-01
     10.9364       -0.601560E-02    0.795203E-01
     10.9406        0.792220E-02    0.787088E-01
     10.9439        0.184694E-01    0.763386E-01
     10.9447        0.212307E-01    0.754523E-01
     10.9456        0.239632E-01    0.744599E-01
     10.9489        0.338946E-01    0.698249E-01
     10.9531        0.458603E-01    0.617631E-01
     10.9563        0.540504E-01    0.541850E-01
     10.9572        0.560640E-01    0.519775E-01
     10.9581        0.579998E-01    0.496959E-01
     10.9613        0.645305E-01    0.405386E-01
     10.9656        0.711829E-01    0.274225E-01
     10.9688        0.747261E-01    0.167132E-01
     10.9697        0.754284E-01    0.137909E-01
     10.9706        0.760255E-01    0.108475E-01
     10.9738        0.773251E-01   -0.308827E-03
     10.9781        0.767944E-01   -0.148543E-01
     10.9813        0.746897E-01   -0.257274E-01
     10.9822        0.738812E-01   -0.285538E-01
     10.9831        0.729695E-01   -0.313419E-01
     10.9863        0.686611E-01   -0.413965E-01
     10.9906        0.610753E-01   -0.533201E-01
     10.9939        0.538936E-01   -0.613221E-01
     10.9947        0.517956E-01   -0.632627E-01
     10.9956        0.496249E-01   -0.651158E-01
     10.9989        0.408937E-01   -0.712536E-01
     11.0031        0.283471E-01   -0.772077E-01
     11.0064        0.180753E-01   -0.800845E-01
     11.0073        0.152685E-01   -0.805912E-01
     11.0082        0.124400E-01   -0.809856E-01
     11.0114        0.170537E-02   -0.814659E-01
     11.0157       -0.123228E-01   -0.797473E-01
     11.0190       -0.228350E-01   -0.766607E-01
     11.0199       -0.255716E-01   -0.755824E-01
     11.0207       -0.282729E-01   -0.743980E-01
     11.0240       -0.380314E-01   -0.690482E-01
     11.0283       -0.496469E-01   -0.600842E-01
     11.0316       -0.574808E-01   -0.518548E-01
     11.0325       -0.593875E-01   -0.494815E-01
     11.0333       -0.612117E-01   -0.470379E-01
     11.0366       -0.672851E-01   -0.373105E-01
     11.0409       -0.732639E-01   -0.235513E-01
     11.0442       -0.762463E-01   -0.124379E-01
     11.0451       -0.767942E-01   -0.942220E-02
     11.0460       -0.772354E-01   -0.639183E-02
     11.0493       -0.779403E-01    0.503318E-02
     11.0536       -0.766275E-01    0.197891E-01
     11.0569       -0.739348E-01    0.307134E-01
     11.0577       -0.729732E-01    0.335371E-01
     11.0586       -0.719103E-01    0.363154E-01
     11.0619       -0.670564E-01    0.462731E-01
     11.0662       -0.588238E-01    0.579336E-01
     11.0695       -0.512090E-01    0.656358E-01
     11.0704       -0.490062E-01    0.674829E-01
     11.0713       -0.467355E-01    0.692371E-01
     11.0746       -0.376748E-01    0.749588E-01
     11.0789       -0.248116E-01    0.802772E-01
     11.0822       -0.143895E-01    0.826093E-01
     11.0831       -0.115568E-01    0.829641E-01
     11.0840       -0.870850E-02    0.832042E-01
     11.0873        0.204672E-02    0.830885E-01
     11.0916        0.159779E-01    0.805690E-01
     11.0950        0.263243E-01    0.768667E-01
     11.0959        0.290038E-01    0.756259E-01
     11.0967        0.316426E-01    0.742802E-01
     11.1001        0.411227E-01    0.683397E-01
     11.1044        0.522813E-01    0.586531E-01
     11.1077        0.597048E-01    0.499200E-01
     11.1086        0.614946E-01    0.474213E-01
     11.1095        0.631991E-01    0.448564E-01
     11.1128        0.688030E-01    0.347127E-01
     11.1172        0.741362E-01    0.205086E-01
     11.1205        0.766133E-01    0.913570E-02
     11.1214        0.770267E-01    0.606339E-02
     11.1223        0.773340E-01    0.298192E-02
     11.1256        0.775457E-01   -0.858669E-02
     11.1300        0.756248E-01   -0.234183E-01
     11.1333        0.725064E-01   -0.343176E-01
     11.1342        0.714388E-01   -0.371228E-01
     11.1351        0.702733E-01   -0.398777E-01
     11.1384        0.650687E-01   -0.497074E-01
     11.1428        0.564659E-01   -0.611144E-01
     11.1461        0.486409E-01   -0.685660E-01
     11.1470        0.463935E-01   -0.703392E-01
     11.1479        0.440835E-01   -0.720168E-01
     11.1513        0.349192E-01   -0.774311E-01
     11.1557        0.220246E-01   -0.823140E-01
     11.1590        0.116554E-01   -0.842983E-01
     11.1599        0.884781E-02   -0.845598E-01
     11.1608        0.602913E-02   -0.847067E-01
     11.1642       -0.457759E-02   -0.842461E-01
     11.1685       -0.182368E-01   -0.812977E-01
     11.1719       -0.283252E-01   -0.772927E-01
     11.1728       -0.309299E-01   -0.759762E-01
     11.1737       -0.334917E-01   -0.745571E-01
     11.1771       -0.426676E-01   -0.683640E-01
     11.1815       -0.534078E-01   -0.584047E-01
     11.1848       -0.605082E-01   -0.495089E-01
     11.1857       -0.622132E-01   -0.469740E-01
     11.1866       -0.638338E-01   -0.443760E-01
     11.1900       -0.691361E-01   -0.341339E-01
     11.1944       -0.741184E-01   -0.198580E-01
     11.1978       -0.763711E-01   -0.846771E-02
     11.1987       -0.767327E-01   -0.539570E-02
     11.1996       -0.769917E-01   -0.231636E-02
     11.2030       -0.770572E-01    0.923122E-02
     11.2074       -0.750316E-01    0.240162E-01
     11.2108       -0.719026E-01    0.348766E-01
     11.2117       -0.708428E-01    0.376723E-01
     11.2126       -0.696898E-01    0.404185E-01
     11.2160       -0.645710E-01    0.502265E-01
     11.2204       -0.561657E-01    0.616437E-01
     11.2238       -0.485503E-01    0.691447E-01
     11.2247       -0.463665E-01    0.709385E-01
     11.2256       -0.441229E-01    0.726404E-01
     11.2290       -0.352297E-01    0.781802E-01
     11.2334       -0.227224E-01    0.833145E-01
     11.2368       -0.126585E-01    0.855648E-01
     11.2377       -0.993153E-02    0.859085E-01
     11.2386       -0.719253E-02    0.861426E-01
     11.2421        0.312987E-02    0.860531E-01
     11.2465        0.164751E-01    0.836862E-01
     11.2499        0.263884E-01    0.801954E-01
     11.2508        0.289584E-01    0.790252E-01
     11.2517        0.314915E-01    0.777562E-01
     11.2551        0.406172E-01    0.721542E-01
     11.2596        0.514469E-01    0.630121E-01
     11.2630        0.587525E-01    0.547574E-01
     11.2639        0.605341E-01    0.523932E-01
     11.2648        0.622412E-01    0.499652E-01
     11.2683        0.679586E-01    0.403460E-01
     11.2727        0.737021E-01    0.268151E-01
     11.2762        0.767110E-01    0.159123E-01
     11.2771        0.772999E-01    0.129544E-01
     11.2780        0.777973E-01    0.998143E-02
     11.2814        0.788533E-01   -0.124426E-02
     11.2859        0.783326E-01   -0.158307E-01
     11.2893        0.765050E-01   -0.267458E-01
     11.2903        0.758119E-01   -0.295904E-01
     11.2912        0.750335E-01   -0.324010E-01
     11.2946        0.713830E-01   -0.425934E-01
     11.2991        0.650032E-01   -0.548898E-01
     11.3026        0.589871E-01   -0.633913E-01
     11.3035        0.572320E-01   -0.655037E-01
     11.3044        0.554172E-01   -0.675454E-01
     11.3078        0.481218E-01   -0.745464E-01
     11.3123        0.376143E-01   -0.820811E-01
     11.3158        0.289622E-01   -0.866014E-01
     11.3167        0.265873E-01   -0.876189E-01
     11.3176        0.241897E-01   -0.885493E-01
     11.3211        0.150421E-01   -0.912497E-01
     11.3256        0.288942E-02   -0.931543E-01
     11.3291       -0.645592E-02   -0.936299E-01
     11.3300       -0.893508E-02   -0.936418E-01
     11.3300       -0.893517E-02   -0.936427E-01
     11.3303       -0.974535E-02   -0.936491E-01
     11.3314       -0.122999E-01   -0.935984E-01
     11.3328       -0.149836E-01   -0.934329E-01
     11.3340       -0.170402E-01   -0.933065E-01
     11.3343       -0.176447E-01   -0.932816E-01
     11.3345       -0.182614E-01   -0.932587E-01
     11.3357       -0.204927E-01   -0.931602E-01
     11.3371       -0.232915E-01   -0.930157E-01
     11.3382       -0.254342E-01   -0.929054E-01
     11.3385       -0.260144E-01   -0.928775E-01
     11.3388       -0.265965E-01   -0.928500E-01
     11.3399       -0.287656E-01   -0.927448E-01
     11.3413       -0.315734E-01   -0.926054E-01
     11.3425       -0.337223E-01   -0.924990E-01
     11.3428       -0.342961E-01   -0.924710E-01
     11.3430       -0.348700E-01   -0.924430E-01
     11.3442       -0.370197E-01   -0.923380E-01
     11.3456       -0.398169E-01   -0.922012E-01
     11.3467       -0.419573E-01   -0.920968E-01
     11.3470       -0.425274E-01   -0.920690E-01
     11.3473       -0.430973E-01   -0.920414E-01
     11.3484       -0.452336E-01   -0.919377E-01
     11.3498       -0.480153E-01   -0.918029E-01
     11.3510       -0.501433E-01   -0.917001E-01
     11.3513       -0.507098E-01   -0.916728E-01
     11.3515       -0.512760E-01   -0.916455E-01
     11.3527       -0.533987E-01   -0.915434E-01
     11.3541       -0.561625E-01   -0.914107E-01
     11.3552       -0.582764E-01   -0.913094E-01
     11.3555       -0.588390E-01   -0.912825E-01
     11.3558       -0.594014E-01   -0.912556E-01
     11.3569       -0.615092E-01   -0.911550E-01
     11.3583       -0.642532E-01   -0.910243E-01
     11.3595       -0.663515E-01   -0.909245E-01
     11.3598       -0.669099E-01   -0.908980E-01
     11.3600       -0.674680E-01   -0.908715E-01
     11.3612       -0.695597E-01   -0.907724E-01
     11.3626       -0.722821E-01   -0.906436E-01
     11.3637       -0.743635E-01   -0.905453E-01
     11.3640       -0.749173E-01   -0.905191E-01
     11.3643       -0.754708E-01   -0.904930E-01
     11.3654       -0.775451E-01   -0.903953E-01
     11.3668       -0.802442E-01   -0.902682E-01
     11.3680       -0.823073E-01   -0.901713E-01
     11.3683       -0.828562E-01   -0.901455E-01
     11.3685       -0.834048E-01   -0.901197E-01
     11.3697       -0.854603E-01   -0.900233E-01
     11.3711       -0.881344E-01   -0.898979E-01
     11.3722       -0.901781E-01   -0.898022E-01
     11.3725       -0.907217E-01   -0.897768E-01
     11.3728       -0.912650E-01   -0.897513E-01
     11.3739       -0.933004E-01   -0.896561E-01
     11.3753       -0.959480E-01   -0.895323E-01
     11.3765       -0.979709E-01   -0.894377E-01
     11.3768       -0.985089E-01   -0.894125E-01
     11.3770       -0.990466E-01   -0.893874E-01
     11.3782       -0.101061       -0.892932E-01
     11.3796       -0.103680       -0.891707E-01
     11.3807       -0.105681       -0.890771E-01
     11.3810       -0.106213       -0.890522E-01
     11.3813       -0.106745       -0.890273E-01
     11.3824       -0.108737       -0.889341E-01
     11.3838       -0.111326       -0.888128E-01
     11.3850       -0.113304       -0.887200E-01
     11.3853       -0.113830       -0.886953E-01
     11.3855       -0.114355       -0.886707E-01
     11.3867       -0.116323       -0.885782E-01
     11.3881       -0.118881       -0.884578E-01
     11.3892       -0.120834       -0.883658E-01
     11.3895       -0.121354       -0.883413E-01
     11.3898       -0.121872       -0.883168E-01
     11.3909       -0.123816       -0.882249E-01
     11.3923       -0.126341       -0.881053E-01
     11.3935       -0.128268       -0.880137E-01
     11.3938       -0.128781       -0.879894E-01
     11.3940       -0.129292       -0.879650E-01
     11.3952       -0.131209       -0.878736E-01
     11.3966       -0.133700       -0.877545E-01
     11.3977       -0.135600       -0.876633E-01
     11.3980       -0.136106       -0.876390E-01
     11.3983       -0.136610       -0.876147E-01
     11.3994       -0.138500       -0.875235E-01
     11.4008       -0.140954       -0.874047E-01
     11.4020       -0.142827       -0.873136E-01
     11.4023       -0.143324       -0.872893E-01
     11.4025       -0.143821       -0.872651E-01
     11.4037       -0.145682       -0.871740E-01
     11.4051       -0.148099       -0.870551E-01
     11.4062       -0.149942       -0.869640E-01
     11.4065       -0.150431       -0.869397E-01
     11.4068       -0.150921       -0.869154E-01
     11.4079       -0.152752       -0.868242E-01
     11.4093       -0.155129       -0.867051E-01
     11.4105       -0.156941       -0.866137E-01
     11.4108       -0.157423       -0.865893E-01
     11.4110       -0.157903       -0.865649E-01
     11.4122       -0.159703       -0.864734E-01
     11.4136       -0.162039       -0.863537E-01
     11.4147       -0.163820       -0.862618E-01
     11.4150       -0.164292       -0.862373E-01
     11.4153       -0.164765       -0.862128E-01
     11.4164       -0.166532       -0.861207E-01
     11.4178       -0.168825       -0.860002E-01
     11.4190       -0.170572       -0.859076E-01
     11.4193       -0.171036       -0.858829E-01
     11.4195       -0.171500       -0.858582E-01
     11.4207       -0.173233       -0.857652E-01
     11.4221       -0.175482       -0.856436E-01
     11.4232       -0.177194       -0.855501E-01
     11.4235       -0.177649       -0.855251E-01
     11.4238       -0.178103       -0.855001E-01
     11.4249       -0.179802       -0.854061E-01
     11.4263       -0.182004       -0.852831E-01
     11.4275       -0.183680       -0.851884E-01
     11.4278       -0.184125       -0.851631E-01
     11.4280       -0.184570       -0.851378E-01
     11.4292       -0.186232       -0.850425E-01
     11.4306       -0.188386       -0.849177E-01
     11.4317       -0.190025       -0.848216E-01
     11.4320       -0.190460       -0.847959E-01
     11.4323       -0.190895       -0.847702E-01
     11.4334       -0.192519       -0.846734E-01
     11.4348       -0.194622       -0.845465E-01
     11.4360       -0.196223       -0.844487E-01
     11.4363       -0.196648       -0.844225E-01
     11.4365       -0.197072       -0.843964E-01
     11.4377       -0.198656       -0.842978E-01
     11.4391       -0.200708       -0.841685E-01
     11.4402       -0.202269       -0.840687E-01
     11.4405       -0.202683       -0.840421E-01
     11.4408       -0.203096       -0.840154E-01
     11.4419       -0.204640       -0.839148E-01
     11.4433       -0.206638       -0.837827E-01
     11.4445       -0.208156       -0.836807E-01
     11.4448       -0.208559       -0.836535E-01
     11.4450       -0.208961       -0.836262E-01
     11.4462       -0.210463       -0.835233E-01
     11.4476       -0.212405       -0.833881E-01
     11.4487       -0.213880       -0.832836E-01
     11.4490       -0.214271       -0.832557E-01
     11.4493       -0.214662       -0.832277E-01
     11.4504       -0.216119       -0.831223E-01
     11.4518       -0.218004       -0.829836E-01
     11.4530       -0.219434       -0.828764E-01
     11.4533       -0.219813       -0.828477E-01
     11.4535       -0.220192       -0.828190E-01
     11.4547       -0.221604       -0.827107E-01
     11.4561       -0.223428       -0.825681E-01
     11.4572       -0.224812       -0.824579E-01
     11.4575       -0.225179       -0.824284E-01
     11.4578       -0.225545       -0.823989E-01
     11.4589       -0.226910       -0.822874E-01
     11.4603       -0.228672       -0.821406E-01
     11.4615       -0.230008       -0.820271E-01
     11.4618       -0.230362       -0.819967E-01
     11.4620       -0.230715       -0.819663E-01
     11.4632       -0.232032       -0.818513E-01
     11.4646       -0.233730       -0.817000E-01
     11.4657       -0.235016       -0.815829E-01
     11.4660       -0.235356       -0.815515E-01
     11.4663       -0.235696       -0.815200E-01
     11.4674       -0.236962       -0.814014E-01
     11.4688       -0.238593       -0.812451E-01
     11.4700       -0.239828       -0.811240E-01
     11.4703       -0.240155       -0.810916E-01
     11.4705       -0.240481       -0.810591E-01
     11.4717       -0.241695       -0.809364E-01
     11.4731       -0.243257       -0.807747E-01
     11.4742       -0.244439       -0.806494E-01
     11.4745       -0.244751       -0.806159E-01
     11.4748       -0.245063       -0.805822E-01
     11.4759       -0.246223       -0.804552E-01
     11.4773       -0.247714       -0.802877E-01
     11.4785       -0.248841       -0.801579E-01
     11.4788       -0.249139       -0.801231E-01
     11.4790       -0.249435       -0.800883E-01
     11.4802       -0.250540       -0.799566E-01
     11.4816       -0.251958       -0.797829E-01
     11.4827       -0.253028       -0.796483E-01
     11.4830       -0.253310       -0.796122E-01
     11.4833       -0.253592       -0.795761E-01
     11.4844       -0.254638       -0.794394E-01
     11.4858       -0.255981       -0.792591E-01
     11.4870       -0.256992       -0.791194E-01
     11.4873       -0.257259       -0.790819E-01
     11.4875       -0.257525       -0.790444E-01
     11.4887       -0.258511       -0.789024E-01
     11.4901       -0.259775       -0.787150E-01
     11.4912       -0.260727       -0.785700E-01
     11.4915       -0.260979       -0.785312E-01
     11.4918       -0.261229       -0.784923E-01
     11.4929       -0.262152       -0.783444E-01
     11.4943       -0.263331       -0.781491E-01
     11.4955       -0.264229       -0.779994E-01
     11.4958       -0.264468       -0.779597E-01
     11.4960       -0.264705       -0.779196E-01
     11.4972       -0.265551       -0.777639E-01
     11.4986       -0.266629       -0.775584E-01
     11.4997       -0.267508       -0.774087E-01
     11.5000       -0.267758       -0.773711E-01
     11.5000       -0.267758       -0.773711E-01
     11.5003       -0.266159       -0.770710E-01
     11.5017       -0.260267       -0.759605E-01
     11.5033       -0.252767       -0.745383E-01
     11.5047       -0.247089       -0.734587E-01
     11.5050       -0.245578       -0.731714E-01
     11.5053       -0.244069       -0.728846E-01
     11.5067       -0.238458       -0.718154E-01
     11.5083       -0.231243       -0.704362E-01
     11.5097       -0.225783       -0.693894E-01
     11.5100       -0.224336       -0.691117E-01
     11.5103       -0.222893       -0.688347E-01
     11.5117       -0.217519       -0.678008E-01
     11.5133       -0.210597       -0.664655E-01
     11.5147       -0.205360       -0.654521E-01
     11.5150       -0.203974       -0.651835E-01
     11.5153       -0.202591       -0.649155E-01
     11.5167       -0.197441       -0.639153E-01
     11.5183       -0.190809       -0.626231E-01
     11.5197       -0.185790       -0.616426E-01
     11.5200       -0.184463       -0.613827E-01
     11.5203       -0.183139       -0.611235E-01
     11.5217       -0.178207       -0.601558E-01
     11.5233       -0.171857       -0.589060E-01
     11.5247       -0.167054       -0.579576E-01
     11.5250       -0.165784       -0.577062E-01
     11.5253       -0.164517       -0.574555E-01
     11.5267       -0.159799       -0.565198E-01
     11.5283       -0.153725       -0.553112E-01
     11.5297       -0.149133       -0.543943E-01
     11.5300       -0.147919       -0.541513E-01
     11.5303       -0.146708       -0.539089E-01
     11.5317       -0.142199       -0.530044E-01
     11.5333       -0.136397       -0.518363E-01
     11.5347       -0.132011       -0.509502E-01
     11.5350       -0.130852       -0.507155E-01
     11.5353       -0.129696       -0.504813E-01
     11.5367       -0.125392       -0.496074E-01
     11.5383       -0.119857       -0.484790E-01
     11.5397       -0.115675       -0.476232E-01
     11.5400       -0.114569       -0.473965E-01
     11.5403       -0.113468       -0.471703E-01
     11.5417       -0.109366       -0.463264E-01
     11.5433       -0.104093       -0.452371E-01
     11.5447       -0.100111       -0.444111E-01
     11.5450       -0.990586E-01   -0.441923E-01
     11.5453       -0.980101E-01   -0.439740E-01
     11.5467       -0.941075E-01   -0.431597E-01
     11.5483       -0.890931E-01   -0.421088E-01
     11.5497       -0.853089E-01   -0.413121E-01
     11.5500       -0.843092E-01   -0.411011E-01
     11.5503       -0.833131E-01   -0.408906E-01
     11.5517       -0.796072E-01   -0.401055E-01
     11.5533       -0.748484E-01   -0.390924E-01
     11.5547       -0.712595E-01   -0.383246E-01
     11.5550       -0.703118E-01   -0.381213E-01
     11.5553       -0.693676E-01   -0.379185E-01
     11.5567       -0.658562E-01   -0.371622E-01
     11.5583       -0.613505E-01   -0.361865E-01
     11.5597       -0.579550E-01   -0.354473E-01
     11.5600       -0.570587E-01   -0.352516E-01
     11.5603       -0.561660E-01   -0.350564E-01
     11.5617       -0.528474E-01   -0.343286E-01
     11.5633       -0.485927E-01   -0.333900E-01
     11.5647       -0.453892E-01   -0.326790E-01
     11.5650       -0.445440E-01   -0.324909E-01
     11.5653       -0.437024E-01   -0.323032E-01
     11.5667       -0.405752E-01   -0.316035E-01
     11.5683       -0.365699E-01   -0.307016E-01
     11.5697       -0.335572E-01   -0.300188E-01
     11.5700       -0.327629E-01   -0.298381E-01
     11.5703       -0.319720E-01   -0.296579E-01
     11.5717       -0.290354E-01   -0.289862E-01
     11.5733       -0.252784E-01   -0.281208E-01
     11.5747       -0.224559E-01   -0.274658E-01
     11.5750       -0.217122E-01   -0.272925E-01
     11.5753       -0.209720E-01   -0.271198E-01
     11.5767       -0.182253E-01   -0.264759E-01
     11.5783       -0.147160E-01   -0.256467E-01
     11.5797       -0.120833E-01   -0.250195E-01
     11.5800       -0.113902E-01   -0.248537E-01
     11.5803       -0.107005E-01   -0.246883E-01
     11.5817       -0.814360E-02   -0.240721E-01
     11.5833       -0.488189E-02   -0.232791E-01
     11.5847       -0.243897E-02   -0.226796E-01
     11.5850       -0.179640E-02   -0.225211E-01
     11.5853       -0.115734E-02   -0.223631E-01
     11.5867        0.120969E-02   -0.217746E-01
     11.5883        0.422349E-02   -0.210177E-01
     11.5897        0.647625E-02   -0.204459E-01
     11.5900        0.706813E-02   -0.202947E-01
     11.5903        0.765648E-02   -0.201441E-01
     11.5917        0.983312E-02   -0.195833E-01
     11.5933        0.125982E-01   -0.188624E-01
     11.5947        0.146601E-01   -0.183183E-01
     11.5950        0.152011E-01   -0.181745E-01
     11.5953        0.157385E-01   -0.180312E-01
     11.5967        0.177239E-01   -0.174981E-01
     11.5983        0.202391E-01   -0.168134E-01
     11.5997        0.221091E-01   -0.162970E-01
     11.6000        0.225989E-01   -0.161606E-01
     11.6003        0.230851E-01   -0.160248E-01
     11.6017        0.248781E-01   -0.155194E-01
     11.6033        0.271416E-01   -0.148711E-01
     11.6047        0.288183E-01   -0.143825E-01
     11.6050        0.292566E-01   -0.142535E-01
     11.6053        0.296912E-01   -0.141251E-01
     11.6067        0.312902E-01   -0.136477E-01
     11.6083        0.333000E-01   -0.130358E-01
     11.6097        0.347817E-01   -0.125752E-01
     11.6100        0.351679E-01   -0.124538E-01
     11.6103        0.355505E-01   -0.123328E-01
     11.6117        0.369537E-01   -0.118835E-01
     11.6133        0.387073E-01   -0.113083E-01
     11.6147        0.399919E-01   -0.108760E-01
     11.6150        0.403255E-01   -0.107620E-01
     11.6153        0.406554E-01   -0.106486E-01
     11.6167        0.418607E-01   -0.102276E-01
     11.6183        0.433551E-01   -0.968949E-02
     11.6197        0.444404E-01   -0.928562E-02
     11.6200        0.447207E-01   -0.917927E-02
     11.6203        0.449973E-01   -0.907344E-02
     11.6217        0.460022E-01   -0.868102E-02
     11.6233        0.472340E-01   -0.818030E-02
     11.6247        0.481172E-01   -0.780518E-02
     11.6250        0.483436E-01   -0.770651E-02
     11.6253        0.485662E-01   -0.760836E-02
     11.6267        0.493679E-01   -0.724483E-02
     11.6283        0.503334E-01   -0.678192E-02
     11.6297        0.510116E-01   -0.643590E-02
     11.6300        0.511832E-01   -0.634499E-02
     11.6303        0.513510E-01   -0.625462E-02
     11.6317        0.519464E-01   -0.592032E-02
     11.6333        0.526415E-01   -0.549570E-02
     11.6347        0.531114E-01   -0.517914E-02
     11.6350        0.532273E-01   -0.509610E-02
     11.6353        0.533394E-01   -0.501361E-02
     11.6367        0.537251E-01   -0.470893E-02
     11.6383        0.541453E-01   -0.432312E-02
     11.6397        0.544033E-01   -0.403644E-02
     11.6400        0.544627E-01   -0.396138E-02
     11.6403        0.545181E-01   -0.388687E-02
     11.6417        0.546904E-01   -0.361225E-02
     11.6433        0.548308E-01   -0.326584E-02
     11.6447        0.548731E-01   -0.300948E-02
     11.6450        0.548749E-01   -0.294252E-02
     11.6453        0.548725E-01   -0.287613E-02
     11.6467        0.548276E-01   -0.263203E-02
     11.6483        0.546829E-01   -0.232563E-02
     11.6497        0.545055E-01   -0.210010E-02
     11.6500        0.544484E-01   -0.204137E-02
     11.6503        0.543873E-01   -0.198322E-02
     11.6517        0.541209E-01   -0.177015E-02
     11.6533        0.536855E-01   -0.150443E-02
     11.6547        0.532839E-01   -0.131025E-02
     11.6550        0.531670E-01   -0.125990E-02
     11.6553        0.530458E-01   -0.121014E-02
     11.6567        0.525535E-01   -0.102863E-02
     11.6583        0.518214E-01   -0.804318E-03
     11.6597        0.511912E-01   -0.642040E-03
     11.6600        0.510131E-01   -0.600218E-03
     11.6603        0.508307E-01   -0.558995E-03
     11.6617        0.501077E-01   -0.409626E-03
     11.6633        0.490728E-01   -0.227486E-03
     11.6647        0.482089E-01   -0.977100E-04
     11.6650        0.479683E-01   -0.645755E-04
     11.6653        0.477233E-01   -0.320503E-04
     11.6667        0.467648E-01    0.845707E-04
     11.6683        0.454205E-01    0.223738E-03
     11.6697        0.443179E-01    0.320387E-03
     11.6700        0.440135E-01    0.344666E-03
     11.6703        0.437046E-01    0.368324E-03
     11.6717        0.425052E-01    0.451560E-03
     11.6733        0.408447E-01    0.546911E-03
     11.6747        0.394982E-01    0.609778E-03
     11.6750        0.391285E-01    0.625027E-03
     11.6753        0.387543E-01    0.639642E-03
     11.6767        0.373088E-01    0.688826E-03
     11.6783        0.353250E-01    0.739483E-03
     11.6797        0.337290E-01    0.767886E-03
     11.6800        0.332926E-01    0.773921E-03
     11.6803        0.328515E-01    0.779310E-03
     11.6817        0.311543E-01    0.793752E-03
     11.6833        0.288399E-01    0.798802E-03
     11.6847        0.269888E-01    0.792036E-03
     11.6850        0.264842E-01    0.788669E-03
     11.6853        0.259748E-01    0.784641E-03
     11.6867        0.240201E-01    0.763625E-03
     11.6883        0.213675E-01    0.722128E-03
     11.6897        0.192555E-01    0.679466E-03
     11.6900        0.186811E-01    0.666501E-03
     11.6903        0.181018E-01    0.652863E-03
     11.6917        0.158839E-01    0.595655E-03
     11.6933        0.128854E-01    0.506644E-03
     11.6947        0.105065E-01    0.427340E-03
     11.6950        0.986076E-02    0.404579E-03
     11.6953        0.920998E-02    0.381130E-03
     11.6967        0.672277E-02    0.286977E-03
     11.6983        0.337060E-02    0.149467E-03
     11.6997        0.718750E-03    0.327607E-04
     11.7000       -0.133420E-13   -0.183781E-14
