 Radial electric field
     8.70000        0.102424E-01    0.157490E-01
     8.70139        0.108554E-01    0.157426E-01
     8.70660        0.131691E-01    0.168383E-01
     8.71339        0.158991E-01    0.189352E-01
     8.71859        0.174554E-01    0.190924E-01
     8.71998        0.177557E-01    0.186985E-01
     8.72101        0.179438E-01    0.183186E-01
     8.72485        0.184079E-01    0.168129E-01
     8.72987        0.184369E-01    0.145694E-01
     8.73372        0.180148E-01    0.125481E-01
     8.73474        0.178371E-01    0.119553E-01
     8.73576        0.176321E-01    0.113478E-01
     8.73961        0.166332E-01    0.904128E-02
     8.74462        0.148375E-01    0.603950E-02
     8.74845        0.131356E-01    0.381402E-02
     8.74948        0.126404E-01    0.323996E-02
     8.75050        0.121294E-01    0.267753E-02
     8.75434        0.100921E-01    0.700525E-03
     8.75934        0.723015E-02   -0.150384E-02
     8.76317        0.495879E-02   -0.284936E-02
     8.76419        0.435110E-02   -0.315106E-02
     8.76521        0.374494E-02   -0.342693E-02
     8.76904        0.150672E-02   -0.422370E-02
     8.77404       -0.124465E-02   -0.468342E-02
     8.77787       -0.314352E-02   -0.457817E-02
     8.77889       -0.360958E-02   -0.448162E-02
     8.77991       -0.405621E-02   -0.435589E-02
     8.78373       -0.553990E-02   -0.363126E-02
     8.78872       -0.695761E-02   -0.212420E-02
     8.79254       -0.758704E-02   -0.576557E-03
     8.79356       -0.768098E-02   -0.111025E-03
     8.79458       -0.774188E-02    0.375478E-03
     8.79840       -0.766732E-02    0.236678E-02
     8.80338       -0.683429E-02    0.527526E-02
     8.80719       -0.561606E-02    0.766111E-02
     8.80821       -0.520477E-02    0.831050E-02
     8.80923       -0.475647E-02    0.896291E-02
     8.81304       -0.275096E-02    0.114105E-01
     8.81801        0.592060E-03    0.145045E-01
     8.82182        0.367098E-02    0.167036E-01
     8.82284        0.456245E-02    0.172534E-01
     8.82385        0.548243E-02    0.177848E-01
     8.82766        0.916750E-02    0.195917E-01
     8.83263        0.144418E-01    0.214258E-01
     8.83643        0.187575E-01    0.223535E-01
     8.83744        0.199378E-01    0.225220E-01
     8.83846        0.211282E-01    0.226549E-01
     8.84226        0.256549E-01    0.228239E-01
     8.84722        0.315931E-01    0.222249E-01
     8.85102        0.360618E-01    0.211025E-01
     8.85203        0.372282E-01    0.207022E-01
     8.85304        0.383808E-01    0.202584E-01
     8.85684        0.425542E-01    0.182055E-01
     8.86179        0.475306E-01    0.146293E-01
     8.86558        0.508813E-01    0.112210E-01
     8.86659        0.516944E-01    0.102175E-01
     8.86760        0.524705E-01    0.917463E-02
     8.87139        0.550305E-01    0.492975E-02
     8.87634        0.574601E-01   -0.131364E-02
     8.88013        0.585525E-01   -0.655928E-02
     8.88113        0.587226E-01   -0.801530E-02
     8.88214        0.588397E-01   -0.949309E-02
     8.88593        0.587981E-01   -0.151999E-01
     8.89087        0.575874E-01   -0.229043E-01
     8.89465        0.557594E-01   -0.288864E-01
     8.89565        0.551389E-01   -0.304778E-01
     8.89666        0.544620E-01   -0.320643E-01
     8.90044        0.514306E-01   -0.379357E-01
     8.90537        0.463608E-01   -0.452697E-01
     8.90915        0.416718E-01   -0.505118E-01
     8.91015        0.403106E-01   -0.518384E-01
     8.91116        0.389042E-01   -0.531313E-01
     8.91493        0.332498E-01   -0.576522E-01
     8.91986        0.250859E-01   -0.626580E-01
     8.92363        0.183309E-01   -0.657068E-01
     8.92463        0.164701E-01   -0.663919E-01
     8.92563        0.145870E-01   -0.670203E-01
     8.92940        0.735961E-02   -0.688540E-01
     8.93432       -0.231118E-02   -0.699501E-01
     8.93808       -0.977045E-02   -0.697461E-01
     8.93909       -0.117492E-01   -0.695331E-01
     8.94009       -0.137198E-01   -0.692518E-01
     8.94385       -0.210024E-01   -0.675900E-01
     8.94876       -0.300943E-01   -0.640065E-01
     8.95252       -0.366096E-01   -0.601991E-01
     8.95352       -0.382634E-01   -0.590321E-01
     8.95452       -0.398782E-01   -0.578018E-01
     8.95828       -0.455584E-01   -0.526455E-01
     8.96318       -0.519619E-01   -0.447391E-01
     8.96693       -0.559941E-01   -0.378751E-01
     8.96793       -0.569285E-01   -0.359397E-01
     8.96893       -0.578009E-01   -0.339630E-01
     8.97268       -0.605067E-01   -0.262166E-01
     8.97758       -0.626470E-01   -0.154860E-01
     8.98133       -0.631815E-01   -0.693544E-02
     8.98232       -0.631574E-01   -0.462666E-02
     8.98332       -0.630622E-01   -0.231003E-02
     8.98707       -0.620759E-01    0.640637E-02
     8.99195       -0.593286E-01    0.176586E-01
     8.99570       -0.561357E-01    0.260206E-01
     8.99669       -0.551294E-01    0.281910E-01
     8.99769       -0.540588E-01    0.303315E-01
     9.00143       -0.494937E-01    0.380555E-01
     9.00631       -0.423400E-01    0.472469E-01
     9.01005       -0.360403E-01    0.534634E-01
     9.01104       -0.342537E-01    0.549816E-01
     9.01204       -0.324250E-01    0.564370E-01
     9.01577       -0.252275E-01    0.613093E-01
     9.02065       -0.151963E-01    0.661784E-01
     9.02438       -0.716790E-02    0.686831E-01
     9.02537       -0.499610E-02    0.691609E-01
     9.02637       -0.281554E-02    0.695563E-01
     9.03010        0.539913E-02    0.703026E-01
     9.03496        0.160238E-01    0.695277E-01
     9.03869        0.239313E-01    0.675973E-01
     9.03968        0.259850E-01    0.668877E-01
     9.04067        0.280112E-01    0.660963E-01
     9.04440        0.353284E-01    0.624213E-01
     9.04925        0.440540E-01    0.560488E-01
     9.05297        0.499742E-01    0.500506E-01
     9.05397        0.514235E-01    0.483002E-01
     9.05496        0.528147E-01    0.464890E-01
     9.05868        0.574921E-01    0.391951E-01
     9.06353        0.622228E-01    0.286693E-01
     9.06724        0.647171E-01    0.199958E-01
     9.06823        0.652069E-01    0.176150E-01
     9.06922        0.656209E-01    0.152105E-01
     9.07293        0.664933E-01    0.603099E-02
     9.07778        0.660129E-01   -0.610843E-02
     9.08149        0.644028E-01   -0.153347E-01
     9.08248        0.637918E-01   -0.177586E-01
     9.08346        0.631044E-01   -0.201614E-01
     9.08717        0.598633E-01   -0.289354E-01
     9.09201        0.541486E-01   -0.396149E-01
     9.09571        0.487127E-01   -0.470248E-01
     9.09670        0.471191E-01   -0.488643E-01
     9.09769        0.454674E-01   -0.506413E-01
     9.10139        0.387905E-01   -0.567139E-01
     9.10622        0.290953E-01   -0.631012E-01
     9.10992        0.210602E-01   -0.667015E-01
     9.11090        0.188477E-01   -0.674577E-01
     9.11189        0.166101E-01   -0.681249E-01
     9.11559        0.803877E-02   -0.698262E-01
     9.12041       -0.337485E-02   -0.701220E-01
     9.12410       -0.121200E-01   -0.688571E-01
     9.12509       -0.144293E-01   -0.682997E-01
     9.12607       -0.167241E-01   -0.676494E-01
     9.12976       -0.251585E-01   -0.644014E-01
     9.13458       -0.355692E-01   -0.583381E-01
     9.13827       -0.429252E-01   -0.523822E-01
     9.13925       -0.447748E-01   -0.506139E-01
     9.14023       -0.465727E-01   -0.487726E-01
     9.14392       -0.528221E-01   -0.412585E-01
     9.14873       -0.596746E-01   -0.302053E-01
     9.15241       -0.638128E-01   -0.209567E-01
     9.15339       -0.647390E-01   -0.183992E-01
     9.15437       -0.655874E-01   -0.158086E-01
     9.15805       -0.680643E-01   -0.585529E-02
     9.16286       -0.695846E-01    0.744854E-02
     9.16653       -0.694063E-01    0.176612E-01
     9.16751       -0.691585E-01    0.203588E-01
     9.16849       -0.688257E-01    0.230391E-01
     9.17217       -0.668334E-01    0.328809E-01
     9.17696       -0.625349E-01    0.449905E-01
     9.18064       -0.580030E-01    0.534992E-01
     9.18162       -0.566218E-01    0.556292E-01
     9.18259       -0.551698E-01    0.576947E-01
     9.18627       -0.491288E-01    0.648284E-01
     9.19105       -0.399902E-01    0.725257E-01
     9.19472       -0.321690E-01    0.770510E-01
     9.19570       -0.299820E-01    0.780397E-01
     9.19668       -0.277565E-01    0.789328E-01
     9.20034       -0.191154E-01    0.814183E-01
     9.20512       -0.735149E-02    0.825724E-01
     9.20879        0.184630E-02    0.818242E-01
     9.20976        0.430155E-02    0.813822E-01
     9.21074        0.675236E-02    0.808375E-01
     9.21440        0.158538E-01    0.778972E-01
     9.21917        0.273011E-01    0.720243E-01
     9.22283        0.355517E-01    0.660513E-01
     9.22381        0.376512E-01    0.642544E-01
     9.22478        0.397029E-01    0.623745E-01
     9.22844        0.469313E-01    0.546295E-01
     9.23320        0.550962E-01    0.430806E-01
     9.23686        0.602393E-01    0.333136E-01
     9.23783        0.614301E-01    0.305989E-01
     9.23880        0.625409E-01    0.278435E-01
     9.24245        0.659769E-01    0.172075E-01
     9.24721        0.686676E-01    0.287634E-02
     9.25086        0.693044E-01   -0.821352E-02
     9.25183        0.692595E-01   -0.111563E-01
     9.25280        0.691229E-01   -0.140862E-01
     9.25645        0.678050E-01   -0.248992E-01
     9.26121        0.642294E-01   -0.383402E-01
     9.26485        0.601222E-01   -0.479013E-01
     9.26582        0.588341E-01   -0.503142E-01
     9.26679        0.574666E-01   -0.526634E-01
     9.27043        0.516662E-01   -0.608611E-01
     9.27518        0.426661E-01   -0.699275E-01
     9.27881        0.348226E-01   -0.754691E-01
     9.27978        0.326115E-01   -0.767217E-01
     9.28075        0.303547E-01   -0.778752E-01
     9.28439        0.215362E-01   -0.813027E-01
     9.28913        0.941820E-02   -0.835894E-01
     9.29276       -0.125761E-03   -0.836233E-01
     9.29373       -0.268203E-02   -0.833756E-01
     9.29470       -0.523684E-02   -0.830190E-01
     9.29833       -0.147485E-01   -0.807281E-01
     9.30306       -0.267558E-01   -0.755644E-01
     9.30669       -0.354326E-01   -0.700257E-01
     9.30766       -0.376427E-01   -0.683283E-01
     9.30863       -0.398031E-01   -0.665408E-01
     9.31225       -0.474171E-01   -0.590812E-01
     9.31698       -0.560146E-01   -0.477630E-01
     9.32060       -0.614183E-01   -0.380673E-01
     9.32157       -0.626661E-01   -0.353565E-01
     9.32253       -0.638282E-01   -0.325988E-01
     9.32615       -0.674026E-01   -0.219009E-01
     9.33088       -0.701364E-01   -0.737272E-02
     9.33450       -0.706921E-01    0.394694E-02
     9.33546       -0.706079E-01    0.696137E-02
     9.33642       -0.704244E-01    0.996686E-02
     9.34004       -0.688621E-01    0.210949E-01
     9.34476       -0.648098E-01    0.350047E-01
     9.34837       -0.602200E-01    0.449530E-01
     9.34933       -0.587865E-01    0.474714E-01
     9.35029       -0.572668E-01    0.499264E-01
     9.35391       -0.508387E-01    0.585197E-01
     9.35862       -0.409015E-01    0.680825E-01
     9.36223       -0.322649E-01    0.739742E-01
     9.36319       -0.298334E-01    0.753137E-01
     9.36415       -0.273528E-01    0.765510E-01
     9.36776       -0.176716E-01    0.802627E-01
     9.37246       -0.439455E-02    0.828387E-01
     9.37606        0.604278E-02    0.830234E-01
     9.37702        0.883547E-02    0.828046E-01
     9.37798        0.116254E-01    0.824719E-01
     9.38159        0.220016E-01    0.802257E-01
     9.38628        0.350766E-01    0.750151E-01
     9.38988        0.445069E-01    0.693611E-01
     9.39084        0.469063E-01    0.676213E-01
     9.39180        0.492504E-01    0.657868E-01
     9.39540        0.575018E-01    0.581106E-01
     9.40009        0.667944E-01    0.464264E-01
     9.40369        0.726136E-01    0.363978E-01
     9.40464        0.739536E-01    0.335920E-01
     9.40560        0.751997E-01    0.307369E-01
     9.40919        0.790164E-01    0.196592E-01
     9.41388        0.818912E-01    0.462119E-02
     9.41747        0.824193E-01   -0.708057E-02
     9.41843        0.823077E-01   -0.101933E-01
     9.41938        0.820884E-01   -0.132949E-01
     9.42297        0.803207E-01   -0.247577E-01
     9.42765        0.758432E-01   -0.390224E-01
     9.43124        0.708188E-01   -0.491595E-01
     9.43219        0.692550E-01   -0.517138E-01
     9.43315        0.675993E-01   -0.541978E-01
     9.43673        0.606152E-01   -0.628356E-01
     9.44141        0.498652E-01   -0.722912E-01
     9.44499        0.405584E-01   -0.779623E-01
     9.44594        0.379437E-01   -0.792215E-01
     9.44690        0.352786E-01   -0.803690E-01
     9.45047        0.248992E-01   -0.836591E-01
     9.45514        0.107203E-01   -0.854874E-01
     9.45872       -0.379618E-03   -0.849500E-01
     9.45967       -0.334218E-02   -0.845172E-01
     9.46063       -0.629841E-02   -0.839616E-01
     9.46420       -0.172620E-01   -0.808039E-01
     9.46886       -0.309979E-01   -0.742443E-01
     9.47244       -0.408365E-01   -0.674525E-01
     9.47339       -0.433283E-01   -0.653965E-01
     9.47434       -0.457574E-01   -0.632408E-01
     9.47791       -0.542591E-01   -0.543250E-01
     9.48257       -0.637068E-01   -0.409721E-01
     9.48614       -0.695056E-01   -0.296560E-01
     9.48709       -0.708189E-01   -0.265093E-01
     9.48804       -0.720290E-01   -0.233153E-01
     9.49160       -0.756283E-01   -0.109934E-01
     9.49626       -0.780321E-01    0.556874E-02
     9.49982       -0.780631E-01    0.183294E-01
     9.50077       -0.778000E-01    0.217045E-01
     9.50172       -0.774214E-01    0.250590E-01
     9.50528       -0.749914E-01    0.373794E-01
     9.50993       -0.695146E-01    0.525205E-01
     9.51349       -0.636385E-01    0.631201E-01
     9.51444       -0.618372E-01    0.657641E-01
     9.51538       -0.599403E-01    0.683231E-01
     9.51894       -0.520264E-01    0.771078E-01
     9.52358       -0.400338E-01    0.864295E-01
     9.52714       -0.297808E-01    0.917427E-01
     9.52809       -0.269181E-01    0.928685E-01
     9.52903       -0.240078E-01    0.938666E-01
     9.53259       -0.127412E-01    0.964555E-01
     9.53722        0.248539E-02    0.970519E-01
     9.54077        0.142735E-01    0.953432E-01
     9.54172        0.173992E-01    0.945669E-01
     9.54267        0.205091E-01    0.936551E-01
     9.54622        0.319595E-01    0.890568E-01
     9.55085        0.460932E-01    0.804056E-01
     9.55439        0.560312E-01    0.718819E-01
     9.55534        0.585167E-01    0.693494E-01
     9.55628        0.609256E-01    0.667122E-01
     9.55983        0.692268E-01    0.559558E-01
     9.56445        0.781005E-01    0.401668E-01
     9.56800        0.832038E-01    0.270003E-01
     9.56894        0.842924E-01    0.233680E-01
     9.56989        0.852654E-01    0.196930E-01
     9.57343        0.878985E-01    0.561832E-02
     9.57805        0.888303E-01   -0.130647E-01
     9.58159        0.875420E-01   -0.272834E-01
     9.58253        0.868960E-01   -0.310179E-01
     9.58347        0.861215E-01   -0.347183E-01
     9.58701        0.821018E-01   -0.482078E-01
     9.59163        0.743416E-01   -0.645432E-01
     9.59516        0.665911E-01   -0.757795E-01
     9.59610        0.642762E-01   -0.785497E-01
     9.59705        0.618610E-01   -0.812158E-01
     9.60058        0.519710E-01   -0.902311E-01
     9.60519        0.373680E-01   -0.994467E-01
     9.60872        0.251300E-01   -0.104366    
     9.60966        0.217453E-01   -0.105341    
     9.61060        0.183174E-01   -0.106169    
     9.61413        0.516003E-02   -0.107955    
     9.61874       -0.123704E-01   -0.107138    
     9.62227       -0.257596E-01   -0.104089    
     9.62321       -0.292833E-01   -0.102921    
     9.62415       -0.327777E-01   -0.101604    
     9.62767       -0.455419E-01   -0.953732E-01
     9.63227       -0.610576E-01   -0.843741E-01
     9.63580       -0.717761E-01   -0.739264E-01
     9.63674       -0.744259E-01   -0.708679E-01
     9.63768       -0.769795E-01   -0.677005E-01
     9.64120       -0.856435E-01   -0.549306E-01
     9.64579       -0.945718E-01   -0.365073E-01
     9.64932       -0.994047E-01   -0.213648E-01
     9.65025       -0.100377       -0.172177E-01
     9.65119       -0.101210       -0.130345E-01
     9.65471       -0.103088        0.287692E-02
     9.65930       -0.102557        0.237481E-01
     9.66282       -0.998473E-01    0.394439E-01
     9.66376       -0.987861E-01    0.435380E-01
     9.66469       -0.975823E-01    0.475826E-01
     9.66821       -0.918331E-01    0.622185E-01
     9.67279       -0.815783E-01    0.796830E-01
     9.67631       -0.717758E-01    0.914825E-01
     9.67724       -0.688985E-01    0.943560E-01
     9.67818       -0.659156E-01    0.971052E-01
     9.68169       -0.538634E-01    0.106251    
     9.68627       -0.364190E-01    0.115212    
     9.68978       -0.220428E-01    0.119614    
     9.69072       -0.181004E-01    0.120404    
     9.69166       -0.141215E-01    0.121028    
     9.69516        0.103150E-02    0.121880    
     9.69974        0.209477E-01    0.119473    
     9.70325        0.359524E-01    0.114949    
     9.70418        0.398701E-01    0.113354    
     9.70512        0.437419E-01    0.111595    
     9.70862        0.577652E-01    0.103600    
     9.71320        0.745258E-01    0.900844E-01
     9.71670        0.858688E-01    0.775865E-01
     9.71763        0.886339E-01    0.739689E-01
     9.71857        0.912806E-01    0.702384E-01
     9.72207        0.100096        0.553342E-01
     9.72664        0.108756        0.341252E-01
     9.73014        0.113032        0.168951E-01
     9.73107        0.113805        0.122043E-01
     9.73200        0.114417        0.748409E-02
     9.73550        0.115287       -0.103695E-01
     9.74007        0.113042       -0.335601E-01
     9.74356        0.108746       -0.508291E-01
     9.74450        0.107226       -0.553079E-01
     9.74543        0.105550       -0.597214E-01
     9.74892        0.979170E-01   -0.755939E-01
     9.75348        0.849930E-01   -0.942996E-01
     9.75698        0.730331E-01   -0.106744    
     9.75791        0.695704E-01   -0.109742    
     9.75884        0.659994E-01   -0.112595    
     9.76233        0.517319E-01   -0.121950    
     9.76689        0.314333E-01   -0.130753    
     9.77038        0.149518E-01   -0.134708    
     9.77131        0.104666E-01   -0.135332    
     9.77224        0.595444E-02   -0.135770    
     9.77573       -0.111023E-01   -0.135757    
     9.78028       -0.332270E-01   -0.131854    
     9.78377       -0.496714E-01   -0.125928    
     9.78470       -0.539308E-01   -0.123925    
     9.78563       -0.581255E-01   -0.121746    
     9.78912       -0.731856E-01   -0.112065    
     9.79367       -0.908650E-01   -0.961424E-01
     9.79715       -0.102561       -0.816862E-01
     9.79808       -0.105366       -0.775354E-01
     9.79901       -0.108031       -0.732682E-01
     9.80249       -0.116713       -0.563306E-01
     9.80704       -0.124736       -0.324752E-01
     9.81052       -0.128175       -0.132729E-01
     9.81145       -0.128674       -0.807062E-02
     9.81237       -0.128994       -0.284646E-02
     9.81586       -0.128590        0.168207E-01
     9.82040       -0.124313        0.421528E-01
     9.82388       -0.118214        0.608516E-01
     9.82480       -0.116182        0.656760E-01
     9.82573       -0.113981        0.704190E-01
     9.82921       -0.104287        0.873794E-01
     9.83375       -0.885086E-01    0.107133    
     9.83723       -0.742872E-01    0.120078    
     9.83815       -0.702172E-01    0.123163    
     9.83908       -0.660387E-01    0.126083    
     9.84255       -0.495046E-01    0.135514    
     9.84709       -0.263347E-01    0.144007    
     9.85056       -0.777086E-02    0.147419    
     9.85149       -0.275428E-02    0.147855    
     9.85241        0.227788E-02    0.148087    
     9.85589        0.211714E-01    0.147150    
     9.86042        0.453819E-01    0.141713    
     9.86389        0.631490E-01    0.134394    
     9.86482        0.677161E-01    0.131992    
     9.86574        0.721985E-01    0.129402    
     9.86921        0.881563E-01    0.118098    
     9.87374        0.106563        0.999081E-01
     9.87721        0.118464        0.836445E-01
     9.87814        0.121272        0.790072E-01
     9.87906        0.123916        0.742530E-01
     9.88253        0.132321        0.554998E-01
     9.88705        0.139527        0.293485E-01
     9.89052        0.142013        0.848603E-02
     9.89144        0.142213        0.286100E-02
     9.89237        0.142214       -0.277625E-02
     9.89583        0.140461       -0.238973E-01
     9.90036        0.134100       -0.508649E-01
     9.90382        0.126194       -0.705852E-01
     9.90474        0.123655       -0.756441E-01
     9.90567        0.120937       -0.806049E-01
     9.90913        0.109235       -0.982293E-01
     9.91365        0.907252E-01   -0.118477    
     9.91711        0.743779E-01   -0.131506    
     9.91804        0.697427E-01   -0.134570    
     9.91896        0.650012E-01   -0.137450    
     9.92242        0.463887E-01   -0.146567    
     9.92694        0.206382E-01   -0.154282    
     9.93040        0.245789E-03   -0.156833    
     9.93132       -0.523059E-02   -0.157002    
     9.93224       -0.107095E-01   -0.156953    
     9.93570       -0.311537E-01   -0.154837    
     9.94022       -0.570574E-01   -0.147611    
     9.94367       -0.758387E-01   -0.138767    
     9.94460       -0.806311E-01   -0.135939    
     9.94552       -0.853189E-01   -0.132918    
     9.94897       -0.101869       -0.119952    
     9.95349       -0.120619       -0.995358E-01
     9.95694       -0.132452       -0.815692E-01
     9.95786       -0.135193       -0.764837E-01
     9.95878       -0.137749       -0.712854E-01
     9.96224       -0.145647       -0.509131E-01
     9.96675       -0.151796       -0.228037E-01
     9.97020       -0.153191       -0.599858E-03
     9.97112       -0.153063        0.535462E-02
     9.97204       -0.152720        0.113083E-01
     9.97550       -0.149554        0.334926E-01
     9.98001       -0.141103        0.615303E-01
     9.98346       -0.131453        0.818051E-01
     9.98438       -0.128433        0.869703E-01
     9.98530       -0.125230        0.920193E-01
     9.98875       -0.111673        0.109813    
     9.99325       -0.907204E-01    0.129902    
     9.99671       -0.725352E-01    0.142521    
     9.99763       -0.674211E-01    0.145433    
     9.99855       -0.622069E-01    0.148145    
     10.0020       -0.418885E-01    0.156482    
     10.0065       -0.141166E-01    0.162859    
     10.0099        0.762705E-02    0.164166    
     10.0109        0.134297E-01    0.163975    
     10.0118        0.192195E-01    0.163555    
     10.0152        0.406852E-01    0.159960    
     10.0197        0.675586E-01    0.150646    
     10.0232        0.867856E-01    0.140124    
     10.0241        0.916511E-01    0.136843    
     10.0250        0.963923E-01    0.133368    
     10.0285        0.112968        0.118701    
     10.0330        0.131347        0.961230E-01
     10.0364        0.142595        0.765901E-01
     10.0373        0.145137        0.711060E-01
     10.0383        0.147476        0.655184E-01
     10.0417        0.154414        0.437793E-01
     10.0462        0.158994        0.141451E-01
     10.0496        0.158980       -0.899552E-02
     10.0506        0.158450       -0.151618E-01
     10.0515        0.157696       -0.213102E-01
     10.0549        0.152913       -0.440705E-01
     10.0594        0.142228       -0.724808E-01
     10.0629        0.130821       -0.927410E-01
     10.0638        0.127332       -0.978572E-01
     10.0647        0.123661       -0.102838    
     10.0681        0.108375       -0.120210    
     10.0726        0.852781E-01   -0.139370    
     10.0761        0.655826E-01   -0.151008    
     10.0770        0.600912E-01   -0.153621    
     10.0779        0.545117E-01   -0.156019    
     10.0814        0.329407E-01   -0.163055    
     10.0858        0.384726E-02   -0.167483    
     10.0893       -0.186376E-01   -0.167146    
     10.0902       -0.245944E-01   -0.166500    
     10.0911       -0.305191E-01   -0.165619    
     10.0946       -0.523196E-01   -0.160258    
     10.0991       -0.792148E-01   -0.148606    
     10.1025       -0.981341E-01   -0.136315    
     10.1034       -0.102869       -0.132571    
     10.1042       -0.107002       -0.129047    
     10.1073       -0.121403       -0.114555    
     10.1114       -0.137307       -0.929722E-01
     10.1145       -0.147040       -0.747025E-01
     10.1153       -0.149246       -0.696181E-01
     10.1161       -0.151281       -0.644536E-01
     10.1192       -0.157376       -0.444721E-01
     10.1232       -0.161591       -0.173957E-01
     10.1263       -0.161889        0.371784E-02
     10.1271       -0.161531        0.934976E-02
     10.1280       -0.160989        0.149711E-01
     10.1311       -0.157327        0.358575E-01
     10.1351       -0.148822        0.622017E-01
     10.1382       -0.139573        0.812967E-01
     10.1390       -0.136724        0.861783E-01
     10.1398       -0.133716        0.909607E-01
     10.1429       -0.121104        0.107934    
     10.1469       -0.101796        0.127461    
     10.1500       -0.851036E-01    0.140121    
     10.1509       -0.804122E-01    0.143123    
     10.1517       -0.756279E-01    0.145960    
     10.1548       -0.569539E-01    0.155089    
     10.1588       -0.312808E-01    0.163272    
     10.1619       -0.109925E-01    0.166560    
     10.1627       -0.554176E-02    0.166986    
     10.1635       -0.848172E-04    0.167218    
     10.1666        0.203359E-01    0.166382    
     10.1707        0.464327E-01    0.161318    
     10.1737        0.656156E-01    0.154468    
     10.1746        0.705615E-01    0.152218    
     10.1754        0.754253E-01    0.149791    
     10.1785        0.928526E-01    0.139183    
     10.1825        0.113309        0.122050    
     10.1856        0.126925        0.106657    
     10.1864        0.130215        0.102255    
     10.1872        0.133353        0.977345E-01
     10.1903        0.143729        0.798286E-01
     10.1944        0.153777        0.546238E-01
     10.1975        0.158650        0.342822E-01
     10.1983        0.159517        0.287565E-01
     10.1991        0.160198        0.231990E-01
     10.2022        0.161100        0.217889E-02
     10.2062        0.158396       -0.252043E-01
     10.2093        0.153391       -0.457366E-01
     10.2101        0.151632       -0.510927E-01
     10.2110        0.149698       -0.563871E-01
     10.2140        0.140921       -0.756013E-01
     10.2181        0.126107       -0.987513E-01
     10.2212        0.112405       -0.114666    
     10.2220        0.108436       -0.118598    
     10.2228        0.104342       -0.122390    
     10.2259        0.879560E-01   -0.135298    
     10.2299        0.645238E-01   -0.148795    
     10.2330        0.453554E-01   -0.156368    
     10.2338        0.401125E-01   -0.157957    
     10.2347        0.348245E-01   -0.159359    
     10.2378        0.146941E-01   -0.162946    
     10.2418       -0.118271E-01   -0.163645    
     10.2449       -0.319379E-01   -0.161122    
     10.2457       -0.372178E-01   -0.160000    
     10.2465       -0.424514E-01   -0.158691    
     10.2496       -0.615745E-01   -0.152145    
     10.2536       -0.849245E-01   -0.139928    
     10.2567       -0.101231       -0.127942    
     10.2575       -0.105302       -0.124387    
     10.2584       -0.109246       -0.120686    
     10.2615       -0.122851       -0.105594    
     10.2655       -0.137525       -0.834065E-01
     10.2686       -0.146188       -0.648361E-01
     10.2694       -0.148092       -0.596988E-01
     10.2702       -0.149819       -0.544936E-01
     10.2733       -0.154710       -0.344704E-01
     10.2773       -0.157273       -0.761682E-02
     10.2804       -0.156276        0.131014E-01
     10.2813       -0.155573        0.185937E-01
     10.2821       -0.154685        0.240606E-01
     10.2852       -0.149746        0.442371E-01
     10.2892       -0.139655        0.693533E-01
     10.2923       -0.129289        0.872834E-01
     10.2931       -0.126160        0.918228E-01
     10.2939       -0.122883        0.962499E-01
     10.2970       -0.109347        0.111779    
     10.3011       -0.890795E-01    0.129189    
     10.3041       -0.718711E-01    0.140077    
     10.3050       -0.670775E-01    0.142587    
     10.3058       -0.622070E-01    0.144926    
     10.3089       -0.433564E-01    0.152133    
     10.3129       -0.178157E-01    0.157730    
     10.3160        0.207902E-02    0.159018    
     10.3168        0.738057E-02    0.158913    
     10.3177        0.126693E-01    0.158616    
     10.3207        0.322905E-01    0.155831    
     10.3248        0.569544E-01    0.148351    
     10.3279        0.747503E-01    0.139794    
     10.3287        0.792854E-01    0.137115    
     10.3295        0.837214E-01    0.134272    
     10.3326        0.994006E-01    0.122228    
     10.3366        0.117272        0.103551    
     10.3397        0.128706        0.872686E-01
     10.3406        0.131389        0.826761E-01
     10.3414        0.133912        0.779871E-01
     10.3445        0.141904        0.596404E-01
     10.3485        0.148725        0.343375E-01
     10.3516        0.151088        0.143035E-01
     10.3524        0.151286        0.891776E-02
     10.3533        0.151300        0.352521E-02
     10.3564        0.149731       -0.166555E-01
     10.3604        0.143939       -0.424310E-01
     10.3635        0.136727       -0.613493E-01
     10.3643        0.134411       -0.662207E-01
     10.3651        0.131932       -0.710077E-01
     10.3682        0.121259       -0.881268E-01
     10.3723        0.104357       -0.108129    
     10.3754        0.893999E-01   -0.121354    
     10.3762        0.851527E-01   -0.124533    
     10.3770        0.808049E-01   -0.127558    
     10.3801        0.636978E-01   -0.137482    
     10.3841        0.398959E-01   -0.146895    
     10.3872        0.209053E-01   -0.151252    
     10.3881        0.157799E-01   -0.151979    
     10.3889        0.106396E-01   -0.152518    
     10.3920       -0.866851E-02   -0.152887    
     10.3960       -0.334911E-01   -0.149497    
     10.3991       -0.518308E-01   -0.143994    
     10.3999       -0.565713E-01   -0.142110    
     10.4008       -0.612376E-01   -0.140052    
     10.4039       -0.779929E-01   -0.130850    
     10.4079       -0.977336E-01   -0.115591    
     10.4110       -0.110921       -0.101655    
     10.4118       -0.114114       -0.976426E-01
     10.4127       -0.117162       -0.935130E-01
     10.4158       -0.127263       -0.770760E-01
     10.4198       -0.137102       -0.537897E-01
     10.4229       -0.141929       -0.349139E-01
     10.4237       -0.142800       -0.297775E-01
     10.4246       -0.143493       -0.246086E-01
     10.4277       -0.144502       -0.503960E-02
     10.4317       -0.142095        0.204731E-01
     10.4348       -0.137441        0.395956E-01
     10.4356       -0.135796        0.445801E-01
     10.4365       -0.133981        0.495049E-01
     10.4396       -0.125731        0.673509E-01
     10.4436       -0.111785        0.887706E-01
     10.4467       -0.988921E-01    0.103411    
     10.4475       -0.951612E-01    0.107012    
     10.4484       -0.913141E-01    0.110477    
     10.4515       -0.759405E-01    0.122198    
     10.4555       -0.540332E-01    0.134255    
     10.4586       -0.361912E-01    0.140823    
     10.4594       -0.313250E-01    0.142160    
     10.4603       -0.264236E-01    0.143318    
     10.4634       -0.783064E-02    0.146060    
     10.4674        0.164877E-01    0.145842    
     10.4705        0.347681E-01    0.142778    
     10.4714        0.395405E-01    0.141538    
     10.4722        0.442586E-01    0.140122    
     10.4753        0.613802E-01    0.133283    
     10.4793        0.819834E-01    0.120959    
     10.4825        0.961041E-01    0.109116    
     10.4833        0.995832E-01    0.105633    
     10.4841        0.102933        0.102021    
     10.4872        0.114286        0.874005E-01
     10.4913        0.126013        0.661663E-01
     10.4944        0.132447        0.485939E-01
     10.4952        0.133765        0.437624E-01
     10.4960        0.134912        0.388800E-01
     10.4991        0.137675        0.202195E-01
     10.5032        0.137634       -0.450701E-02
     10.5063        0.134813       -0.233363E-01
     10.5071        0.133654       -0.282884E-01
     10.5080        0.132325       -0.332000E-01
     10.5111        0.125867       -0.511634E-01
     10.5151        0.114159       -0.731153E-01
     10.5183        0.102873       -0.884370E-01
     10.5191        0.995508E-01   -0.922579E-01
     10.5199        0.961027E-01   -0.959574E-01
     10.5230        0.821373E-01   -0.108689    
     10.5271        0.618353E-01   -0.122336    
     10.5302        0.450266E-01   -0.130300    
     10.5310        0.404045E-01   -0.132031    
     10.5319        0.357337E-01   -0.133592    
     10.5350        0.178838E-01   -0.137908    
     10.5391       -0.575780E-02   -0.139859    
     10.5422       -0.237462E-01   -0.138506    
     10.5430       -0.284741E-01   -0.137726    
     10.5438       -0.331619E-01   -0.136769    
     10.5470       -0.502909E-01   -0.131646    
     10.5510       -0.711784E-01   -0.121507    
     10.5541       -0.857137E-01   -0.111266    
     10.5550       -0.893305E-01   -0.108195    
     10.5558       -0.928287E-01   -0.104988    
     10.5589       -0.104830       -0.918193E-01
     10.5630       -0.117596       -0.722926E-01
     10.5661       -0.124947       -0.558652E-01
     10.5670       -0.126525       -0.513125E-01
     10.5678       -0.127937       -0.466972E-01
     10.5709       -0.131738       -0.289332E-01
     10.5750       -0.133122       -0.511919E-02
     10.5781       -0.131424        0.132134E-01
     10.5789       -0.130565        0.180636E-01
     10.5798       -0.129535        0.228859E-01
     10.5829       -0.124191        0.406268E-01
     10.5870       -0.113892        0.625456E-01
     10.5901       -0.103628        0.780302E-01
     10.5909       -0.100566        0.819210E-01
     10.5918       -0.973743E-01    0.857013E-01
     10.5949       -0.843188E-01    0.988270E-01
     10.5990       -0.650707E-01    0.113185    
     10.6021       -0.489552E-01    0.121826    
     10.6029       -0.444997E-01    0.123755    
     10.6038       -0.399875E-01    0.125519    
     10.6069       -0.226612E-01    0.130654    
     10.6110        0.467736E-03    0.133773    
     10.6141        0.181947E-01    0.133371    
     10.6150        0.228724E-01    0.132849    
     10.6158        0.275179E-01    0.132153    
     10.6189        0.445581E-01    0.128015    
     10.6230        0.654858E-01    0.119161    
     10.6262        0.801626E-01    0.109884    
     10.6270        0.838323E-01    0.107066    
     10.6278        0.873894E-01    0.104108    
     10.6310        0.996618E-01    0.918453E-01
     10.6351        0.112883        0.734207E-01
     10.6382        0.120648        0.577639E-01
     10.6390        0.122345        0.534042E-01
     10.6399        0.123877        0.489764E-01
     10.6430        0.128153        0.318659E-01
     10.6471        0.130189        0.878130E-02
     10.6502        0.129001       -0.909035E-02
     10.6511        0.128278       -0.138324E-01
     10.6519        0.127384       -0.185530E-01
     10.6551        0.122541       -0.359667E-01
     10.6592        0.112867       -0.575845E-01
     10.6623        0.103049       -0.729311E-01
     10.6631        0.100101       -0.767982E-01
     10.6640        0.970191E-01   -0.805601E-01
     10.6671        0.843513E-01   -0.936620E-01
     10.6712        0.655433E-01   -0.108087    
     10.6744        0.497110E-01   -0.116847    
     10.6752        0.453226E-01   -0.118816    
     10.6761        0.408739E-01   -0.120624    
     10.6792        0.237550E-01   -0.125951    
     10.6833        0.825440E-03   -0.129378    
     10.6865       -0.168002E-01   -0.129245    
     10.6873       -0.214581E-01   -0.128800    
     10.6881       -0.260868E-01   -0.128180    
     10.6913       -0.430875E-01   -0.124343    
     10.6954       -0.640129E-01   -0.115898    
     10.6986       -0.787187E-01   -0.106942    
     10.6994       -0.823999E-01   -0.104209    
     10.7002       -0.859697E-01   -0.101336    
     10.7034       -0.982991E-01   -0.893932E-01
     10.7075       -0.111609       -0.713780E-01
     10.7107       -0.119446       -0.560270E-01
     10.7115       -0.121161       -0.517472E-01
     10.7124       -0.122712       -0.473987E-01
     10.7155       -0.127050       -0.305798E-01
     10.7196       -0.129153       -0.786244E-02
     10.7228       -0.127998        0.973732E-02
     10.7236       -0.127280        0.144083E-01
     10.7245       -0.126390        0.190583E-01
     10.7276       -0.121551        0.362106E-01
     10.7318       -0.111850        0.574940E-01
     10.7349       -0.101991        0.725873E-01
     10.7358       -0.990279E-01    0.763872E-01
     10.7366       -0.959301E-01    0.800819E-01
     10.7398       -0.831924E-01    0.929308E-01
     10.7439       -0.642741E-01    0.107024    
     10.7471       -0.483477E-01    0.115526    
     10.7479       -0.439334E-01    0.117427    
     10.7488       -0.394587E-01    0.119166    
     10.7520       -0.222434E-01    0.124231    
     10.7561        0.801377E-03    0.127314    
     10.7593        0.184998E-01    0.126920    
     10.7601        0.231739E-01    0.126405    
     10.7610        0.278172E-01    0.125716    
     10.7641        0.448564E-01    0.121622    
     10.7683        0.657870E-01    0.112856    
     10.7715        0.804557E-01    0.103669    
     10.7723        0.841203E-01    0.100878    
     10.7731        0.876705E-01    0.979480E-01
     10.7763        0.998985E-01    0.858055E-01
     10.7805        0.113009        0.675725E-01
     10.7837        0.120638        0.520936E-01
     10.7845        0.122290        0.477863E-01
     10.7853        0.123775        0.434132E-01
     10.7885        0.127834        0.265307E-01
     10.7927        0.129509        0.380357E-02
     10.7959        0.127980       -0.137420E-01
     10.7967        0.127158       -0.183889E-01
     10.7976        0.126160       -0.230105E-01
     10.8008        0.120899       -0.400179E-01
     10.8049        0.110617       -0.610193E-01
     10.8081        0.100298       -0.758243E-01
     10.8090        0.972125E-01   -0.795366E-01
     10.8098        0.939918E-01   -0.831393E-01
     10.8130        0.807971E-01   -0.956034E-01
     10.8172        0.613068E-01   -0.109106    
     10.8204        0.449740E-01   -0.117094    
     10.8212        0.404577E-01   -0.118849    
     10.8221        0.358840E-01   -0.120439    
     10.8253        0.183282E-01   -0.124918    
     10.8294       -0.507539E-02   -0.127183    
     10.8326       -0.229719E-01   -0.126132    
     10.8335       -0.276863E-01   -0.125439    
     10.8343       -0.323642E-01   -0.124572    
     10.8375       -0.494807E-01   -0.119804    
     10.8417       -0.703822E-01   -0.110166    
     10.8449       -0.849244E-01   -0.100333    
     10.8458       -0.885394E-01   -0.973743E-01
     10.8466       -0.920333E-01   -0.942796E-01
     10.8498       -0.103990       -0.815454E-01
     10.8540       -0.116607       -0.626196E-01
     10.8572       -0.123758       -0.466853E-01
     10.8581       -0.125268       -0.422694E-01
     10.8589       -0.126605       -0.377935E-01
     10.8621       -0.130062       -0.205805E-01
     10.8663       -0.130848        0.243773E-02
     10.8695       -0.128576        0.200899E-01
     10.8704       -0.127547        0.247471E-01
     10.8712       -0.126341        0.293712E-01
     10.8745       -0.120278        0.463167E-01
     10.8787       -0.108925        0.670694E-01
     10.8819       -0.977860E-01    0.815554E-01
     10.8827       -0.944841E-01    0.851640E-01
     10.8836       -0.910490E-01    0.886551E-01
     10.8868       -0.770712E-01    0.100633    
     10.8910       -0.566299E-01    0.113353    
     10.8942       -0.396426E-01    0.120638    
     10.8951       -0.349651E-01    0.122191    
     10.8960       -0.302364E-01    0.123575    
     10.8992       -0.121587E-01    0.127235    
     10.9034        0.117701E-01    0.128350    
     10.9066        0.299362E-01    0.126373    
     10.9075        0.347014E-01    0.125429    
     10.9083        0.394208E-01    0.124310    
     10.9116        0.566091E-01    0.118592    
     10.9158        0.774029E-01    0.107731    
     10.9190        0.917060E-01    0.969935E-01
     10.9199        0.952342E-01    0.938014E-01
     10.9207        0.986314E-01    0.904773E-01
     10.9240        0.110141        0.769226E-01
     10.9282        0.121985        0.570424E-01
     10.9314        0.128410        0.404846E-01
     10.9323        0.129708        0.359205E-01
     10.9332        0.130825        0.313046E-01
     10.9364        0.133400        0.136422E-01
     10.9406        0.132916       -0.977172E-02
     10.9439        0.129602       -0.275720E-01
     10.9447        0.128289       -0.322448E-01
     10.9456        0.126795       -0.368743E-01
     10.9489        0.119638       -0.537486E-01
     10.9531        0.106852       -0.741953E-01
     10.9563        0.946365E-01   -0.882875E-01
     10.9572        0.910540E-01   -0.917683E-01
     10.9581        0.873420E-01   -0.951221E-01
     10.9613        0.723633E-01   -0.106505    
     10.9656        0.507320E-01   -0.118274    
     10.9688        0.329451E-01   -0.124715    
     10.9697        0.280737E-01   -0.126028    
     10.9706        0.231599E-01   -0.127166    
     10.9738        0.447064E-02   -0.129859    
     10.9781       -0.200457E-01   -0.129632    
     10.9813       -0.384877E-01   -0.126591    
     10.9822       -0.432995E-01   -0.125361    
     10.9831       -0.480536E-01   -0.123955    
     10.9863       -0.652676E-01   -0.117171    
     10.9906       -0.858481E-01   -0.104958    
     10.9939       -0.998007E-01   -0.932424E-01
     10.9947       -0.103208       -0.898013E-01
     10.9956       -0.106474       -0.862337E-01
     10.9989       -0.117392       -0.718224E-01
     11.0031       -0.128254       -0.509787E-01
     11.0064       -0.133781       -0.338196E-01
     11.0073       -0.134821       -0.291176E-01
     11.0082       -0.135673       -0.243737E-01
     11.0114       -0.137191       -0.632237E-02
     11.0157       -0.135217        0.173766E-01
     11.0190       -0.130702        0.352190E-01
     11.0199       -0.129063        0.398766E-01
     11.0207       -0.127243        0.444795E-01
     11.0240       -0.118856        0.611557E-01
     11.0283       -0.104488        0.811198E-01
     11.0316       -0.911057E-01    0.946799E-01
     11.0325       -0.872226E-01    0.979964E-01
     11.0333       -0.832150E-01    0.101177    
     11.0366       -0.671807E-01    0.111832    
     11.0409       -0.443217E-01    0.122495    
     11.0442       -0.257312E-01    0.127990    
     11.0451       -0.206684E-01    0.129039    
     11.0460       -0.155734E-01    0.129908    
     11.0493        0.370140E-02    0.131565    
     11.0536        0.287482E-01    0.129943    
     11.0569        0.474092E-01    0.125829    
     11.0577        0.522508E-01    0.124315    
     11.0586        0.570227E-01    0.122628    
     11.0619        0.741953E-01    0.114811    
     11.0662        0.944740E-01    0.101336    
     11.0695        0.108013        0.887422E-01
     11.0704        0.111284        0.850829E-01
     11.0713        0.114403        0.813047E-01
     11.0746        0.124682        0.661740E-01
     11.0789        0.134519        0.445744E-01
     11.0822        0.139136        0.269897E-01
     11.0831        0.139918        0.221984E-01
     11.0840        0.140505        0.173757E-01
     11.0873        0.140986       -0.877088E-03
     11.0916        0.137579       -0.246171E-01
     11.0950        0.131933       -0.423226E-01
     11.0959        0.129991       -0.469192E-01
     11.0967        0.127867       -0.514510E-01
     11.1001        0.118352       -0.677733E-01
     11.1044        0.102558       -0.870862E-01
     11.1077        0.881454E-01   -0.100018    
     11.1086        0.839995E-01   -0.103150    
     11.1095        0.797350E-01   -0.106139    
     11.1128        0.627928E-01   -0.116025    
     11.1172        0.388995E-01   -0.125586    
     11.1205        0.196466E-01   -0.130184    
     11.1214        0.144280E-01   -0.130990    
     11.1223        0.918654E-02   -0.131615    
     11.1256       -0.105551E-01   -0.132353    
     11.1300       -0.360130E-01   -0.129549    
     11.1333       -0.548364E-01   -0.124568    
     11.1342       -0.596988E-01   -0.122832    
     11.1351       -0.644819E-01   -0.120927    
     11.1384       -0.816161E-01   -0.112337    
     11.1428       -0.101664       -0.979715E-01
     11.1461       -0.114901       -0.848040E-01
     11.1470       -0.118075       -0.810095E-01
     11.1479       -0.121089       -0.771039E-01
     11.1513       -0.130922       -0.615656E-01
     11.1557       -0.140068       -0.396038E-01
     11.1590       -0.144091       -0.218728E-01
     11.1599       -0.144707       -0.170618E-01
     11.1608       -0.145127       -0.122277E-01
     11.1642       -0.144962        0.599952E-02
     11.1685       -0.140695        0.295560E-01
     11.1719       -0.134393        0.470190E-01
     11.1728       -0.132279        0.515376E-01
     11.1737       -0.129985        0.559862E-01
     11.1771       -0.119851        0.719567E-01
     11.1815       -0.103303        0.907384E-01
     11.1848       -0.883640E-01    0.103230    
     11.1857       -0.840865E-01    0.106242    
     11.1866       -0.796943E-01    0.109111    
     11.1900       -0.623069E-01    0.118550    
     11.1944       -0.379105E-01    0.127559    
     11.1978       -0.183288E-01    0.131778    
     11.1987       -0.130306E-01    0.132491    
     11.1996       -0.771269E-02    0.133028    
     11.2030        0.122914E-01    0.133477    
     11.2074        0.380480E-01    0.130407    
     11.2108        0.570807E-01    0.125316    
     11.2117        0.619975E-01    0.123565    
     11.2126        0.668352E-01    0.121652    
     11.2160        0.841783E-01    0.113086    
     11.2204        0.104528        0.988782E-01
     11.2238        0.118036        0.859185E-01
     11.2247        0.121290        0.821912E-01
     11.2256        0.124389        0.783575E-01
     11.2290        0.134573        0.631234E-01
     11.2334        0.144275        0.416143E-01
     11.2368        0.148811        0.242474E-01
     11.2377        0.149578        0.195331E-01
     11.2386        0.150154        0.147945E-01
     11.2421        0.150623       -0.309259E-02
     11.2465        0.147293       -0.262862E-01
     11.2499        0.141797       -0.435690E-01
     11.2508        0.139910       -0.480581E-01
     11.2517        0.137847       -0.524858E-01
     11.2551        0.128586       -0.684614E-01
     11.2596        0.113209       -0.874859E-01
     11.2630        0.992010E-01   -0.100381    
     11.2639        0.951775E-01   -0.103537    
     11.2648        0.910332E-01   -0.106565    
     11.2683        0.744660E-01   -0.116730    
     11.2727        0.509846E-01   -0.127033    
     11.2762        0.320903E-01   -0.132546    
     11.2771        0.269853E-01   -0.133654    
     11.2780        0.218333E-01   -0.134600    
     11.2814        0.202271E-02   -0.136702    
     11.2859       -0.239473E-01   -0.136125    
     11.2893       -0.429553E-01   -0.133266    
     11.2903       -0.477758E-01   -0.132165    
     11.2912       -0.525976E-01   -0.130908    
     11.2946       -0.712818E-01   -0.124753    
     11.2991       -0.943708E-01   -0.113813    
     11.3026       -0.108434       -0.103688    
     11.3035       -0.111348       -0.100792    
     11.3044       -0.114359       -0.977654E-01
     11.3078       -0.129092       -0.850115E-01
     11.3123       -0.146869       -0.663822E-01
     11.3158       -0.149933       -0.518877E-01
     11.3167       -0.148126       -0.481430E-01
     11.3176       -0.147436       -0.442256E-01
     11.3211       -0.164619       -0.269507E-01
     11.3256       -0.176141       -0.419284E-02
     11.3291       -0.119642        0.761441E-02
     11.3300       -0.885315E-01    0.927430E-02
     11.3300        0.224981E-01    0.759008E-01
     11.3303        0.150524E-01    0.522705E-01
     11.3314       -0.528885E-02   -0.122826E-01
     11.3328       -0.137775E-01   -0.392099E-01
     11.3340       -0.644853E-02   -0.159334E-01
     11.3343       -0.247000E-02   -0.330144E-02
     11.3345       -0.371582E-02   -0.730771E-02
     11.3357       -0.710507E-02   -0.182296E-01
     11.3371       -0.847291E-02   -0.227125E-01
     11.3382       -0.718042E-02   -0.186624E-01
     11.3385       -0.649329E-02   -0.164872E-01
     11.3388       -0.668955E-02   -0.171490E-01
     11.3399       -0.720825E-02   -0.189321E-01
     11.3413       -0.736773E-02   -0.195954E-01
     11.3425       -0.709351E-02   -0.188289E-01
     11.3428       -0.696240E-02   -0.184380E-01
     11.3430       -0.698060E-02   -0.185309E-01
     11.3442       -0.701192E-02   -0.187610E-01
     11.3456       -0.696498E-02   -0.187795E-01
     11.3467       -0.686170E-02   -0.185778E-01
     11.3470       -0.682433E-02   -0.184924E-01
     11.3473       -0.681219E-02   -0.184896E-01
     11.3484       -0.676039E-02   -0.184596E-01
     11.3498       -0.667798E-02   -0.183741E-01
     11.3510       -0.660345E-02   -0.182731E-01
     11.3513       -0.658193E-02   -0.182410E-01
     11.3515       -0.656469E-02   -0.182230E-01
     11.3527       -0.649907E-02   -0.181529E-01
     11.3541       -0.641126E-02   -0.180552E-01
     11.3552       -0.634228E-02   -0.179754E-01
     11.3555       -0.632366E-02   -0.179534E-01
     11.3558       -0.630579E-02   -0.179339E-01
     11.3569       -0.623879E-02   -0.178609E-01
     11.3583       -0.615156E-02   -0.177660E-01
     11.3595       -0.608484E-02   -0.176935E-01
     11.3598       -0.606708E-02   -0.176742E-01
     11.3600       -0.604949E-02   -0.176554E-01
     11.3612       -0.598378E-02   -0.175855E-01
     11.3626       -0.589880E-02   -0.174955E-01
     11.3637       -0.583424E-02   -0.174276E-01
     11.3640       -0.581712E-02   -0.174097E-01
     11.3643       -0.580008E-02   -0.173919E-01
     11.3654       -0.573651E-02   -0.173256E-01
     11.3668       -0.565453E-02   -0.172406E-01
     11.3680       -0.559245E-02   -0.171765E-01
     11.3683       -0.557601E-02   -0.171596E-01
     11.3685       -0.555964E-02   -0.171427E-01
     11.3697       -0.549863E-02   -0.170800E-01
     11.3711       -0.542013E-02   -0.169995E-01
     11.3722       -0.536079E-02   -0.169388E-01
     11.3725       -0.534510E-02   -0.169228E-01
     11.3728       -0.532946E-02   -0.169068E-01
     11.3739       -0.527128E-02   -0.168474E-01
     11.3753       -0.519652E-02   -0.167710E-01
     11.3765       -0.514011E-02   -0.167134E-01
     11.3768       -0.512520E-02   -0.166981E-01
     11.3770       -0.511036E-02   -0.166830E-01
     11.3782       -0.505515E-02   -0.166265E-01
     11.3796       -0.498429E-02   -0.165538E-01
     11.3807       -0.493090E-02   -0.164990E-01
     11.3810       -0.491681E-02   -0.164845E-01
     11.3813       -0.490277E-02   -0.164700E-01
     11.3824       -0.485059E-02   -0.164162E-01
     11.3838       -0.478371E-02   -0.163470E-01
     11.3850       -0.473336E-02   -0.162946E-01
     11.3853       -0.472008E-02   -0.162808E-01
     11.3855       -0.470686E-02   -0.162670E-01
     11.3867       -0.465772E-02   -0.162156E-01
     11.3881       -0.459479E-02   -0.161495E-01
     11.3892       -0.454747E-02   -0.160994E-01
     11.3895       -0.453499E-02   -0.160862E-01
     11.3898       -0.452257E-02   -0.160730E-01
     11.3909       -0.447643E-02   -0.160238E-01
     11.3923       -0.441739E-02   -0.159604E-01
     11.3935       -0.437302E-02   -0.159125E-01
     11.3938       -0.436133E-02   -0.158998E-01
     11.3940       -0.434969E-02   -0.158871E-01
     11.3952       -0.430647E-02   -0.158400E-01
     11.3966       -0.425120E-02   -0.157791E-01
     11.3977       -0.420970E-02   -0.157331E-01
     11.3980       -0.419876E-02   -0.157209E-01
     11.3983       -0.418788E-02   -0.157087E-01
     11.3994       -0.414747E-02   -0.156634E-01
     11.4008       -0.409583E-02   -0.156049E-01
     11.4020       -0.405707E-02   -0.155605E-01
     11.4023       -0.404686E-02   -0.155488E-01
     11.4025       -0.403669E-02   -0.155371E-01
     11.4037       -0.399898E-02   -0.154934E-01
     11.4051       -0.395080E-02   -0.154370E-01
     11.4062       -0.391465E-02   -0.153943E-01
     11.4065       -0.390513E-02   -0.153829E-01
     11.4068       -0.389565E-02   -0.153717E-01
     11.4079       -0.386050E-02   -0.153295E-01
     11.4093       -0.381559E-02   -0.152750E-01
     11.4105       -0.378191E-02   -0.152337E-01
     11.4108       -0.377304E-02   -0.152228E-01
     11.4110       -0.376422E-02   -0.152119E-01
     11.4122       -0.373148E-02   -0.151711E-01
     11.4136       -0.368966E-02   -0.151184E-01
     11.4147       -0.365830E-02   -0.150784E-01
     11.4150       -0.365005E-02   -0.150679E-01
     11.4153       -0.364183E-02   -0.150573E-01
     11.4164       -0.361136E-02   -0.150178E-01
     11.4178       -0.357244E-02   -0.149668E-01
     11.4190       -0.354326E-02   -0.149280E-01
     11.4193       -0.353558E-02   -0.149177E-01
     11.4195       -0.352793E-02   -0.149075E-01
     11.4207       -0.349958E-02   -0.148692E-01
     11.4221       -0.346337E-02   -0.148196E-01
     11.4232       -0.343622E-02   -0.147820E-01
     11.4235       -0.342907E-02   -0.147720E-01
     11.4238       -0.342196E-02   -0.147621E-01
     11.4249       -0.339558E-02   -0.147249E-01
     11.4263       -0.336189E-02   -0.146767E-01
     11.4275       -0.333663E-02   -0.146402E-01
     11.4278       -0.332998E-02   -0.146305E-01
     11.4280       -0.332337E-02   -0.146208E-01
     11.4292       -0.329882E-02   -0.145846E-01
     11.4306       -0.326747E-02   -0.145378E-01
     11.4317       -0.324396E-02   -0.145021E-01
     11.4320       -0.323777E-02   -0.144927E-01
     11.4323       -0.323161E-02   -0.144833E-01
     11.4334       -0.320877E-02   -0.144480E-01
     11.4348       -0.317958E-02   -0.144024E-01
     11.4360       -0.315769E-02   -0.143677E-01
     11.4363       -0.315193E-02   -0.143585E-01
     11.4365       -0.314620E-02   -0.143493E-01
     11.4377       -0.312492E-02   -0.143150E-01
     11.4391       -0.309773E-02   -0.142705E-01
     11.4402       -0.307734E-02   -0.142366E-01
     11.4405       -0.307198E-02   -0.142276E-01
     11.4408       -0.306663E-02   -0.142187E-01
     11.4419       -0.304680E-02   -0.141852E-01
     11.4433       -0.302146E-02   -0.141417E-01
     11.4445       -0.300245E-02   -0.141087E-01
     11.4448       -0.299744E-02   -0.140999E-01
     11.4450       -0.299246E-02   -0.140912E-01
     11.4462       -0.297396E-02   -0.140584E-01
     11.4476       -0.295031E-02   -0.140160E-01
     11.4487       -0.293257E-02   -0.139837E-01
     11.4490       -0.292790E-02   -0.139752E-01
     11.4493       -0.292324E-02   -0.139666E-01
     11.4504       -0.290597E-02   -0.139346E-01
     11.4518       -0.288389E-02   -0.138932E-01
     11.4530       -0.286731E-02   -0.138616E-01
     11.4533       -0.286294E-02   -0.138532E-01
     11.4535       -0.285859E-02   -0.138449E-01
     11.4547       -0.284245E-02   -0.138136E-01
     11.4561       -0.282179E-02   -0.137730E-01
     11.4572       -0.280628E-02   -0.137422E-01
     11.4575       -0.280220E-02   -0.137340E-01
     11.4578       -0.279813E-02   -0.137258E-01
     11.4589       -0.278301E-02   -0.136952E-01
     11.4603       -0.276368E-02   -0.136555E-01
     11.4615       -0.274915E-02   -0.136253E-01
     11.4618       -0.274532E-02   -0.136173E-01
     11.4620       -0.274150E-02   -0.136092E-01
     11.4632       -0.272734E-02   -0.135793E-01
     11.4646       -0.270921E-02   -0.135405E-01
     11.4657       -0.269558E-02   -0.135109E-01
     11.4660       -0.269198E-02   -0.135030E-01
     11.4663       -0.268841E-02   -0.134952E-01
     11.4674       -0.267511E-02   -0.134658E-01
     11.4688       -0.265808E-02   -0.134278E-01
     11.4700       -0.264528E-02   -0.133988E-01
     11.4703       -0.264190E-02   -0.133912E-01
     11.4705       -0.263854E-02   -0.133835E-01
     11.4717       -0.262604E-02   -0.133547E-01
     11.4731       -0.261003E-02   -0.133175E-01
     11.4742       -0.259798E-02   -0.132891E-01
     11.4745       -0.259480E-02   -0.132816E-01
     11.4748       -0.259164E-02   -0.132741E-01
     11.4759       -0.257987E-02   -0.132459E-01
     11.4773       -0.256479E-02   -0.132094E-01
     11.4785       -0.255343E-02   -0.131816E-01
     11.4788       -0.255044E-02   -0.131742E-01
     11.4790       -0.254745E-02   -0.131669E-01
     11.4802       -0.253636E-02   -0.131393E-01
     11.4816       -0.252213E-02   -0.131035E-01
     11.4827       -0.251141E-02   -0.130763E-01
     11.4830       -0.250858E-02   -0.130691E-01
     11.4833       -0.250577E-02   -0.130618E-01
     11.4844       -0.249529E-02   -0.130348E-01
     11.4858       -0.248184E-02   -0.129998E-01
     11.4870       -0.247171E-02   -0.129731E-01
     11.4873       -0.246903E-02   -0.129660E-01
     11.4875       -0.246637E-02   -0.129589E-01
     11.4887       -0.245646E-02   -0.129324E-01
     11.4901       -0.244373E-02   -0.128981E-01
     11.4912       -0.243414E-02   -0.128719E-01
     11.4915       -0.243160E-02   -0.128650E-01
     11.4918       -0.242908E-02   -0.128581E-01
     11.4929       -0.241969E-02   -0.128321E-01
     11.4943       -0.240763E-02   -0.127985E-01
     11.4955       -0.239853E-02   -0.127728E-01
     11.4958       -0.239613E-02   -0.127660E-01
     11.4960       -0.239373E-02   -0.127592E-01
     11.4972       -0.238482E-02   -0.127338E-01
     11.4986       -0.237337E-02   -0.127008E-01
     11.4997       -0.236473E-02   -0.126757E-01
     11.5000       -0.236245E-02   -0.126691E-01
     11.5000       -0.236245E-02   -0.126691E-01
     11.5003       -0.235977E-02   -0.126612E-01
     11.5017       -0.234983E-02   -0.126319E-01
     11.5033       -0.233708E-02   -0.125940E-01
     11.5047       -0.232748E-02   -0.125652E-01
     11.5050       -0.232495E-02   -0.125575E-01
     11.5053       -0.232242E-02   -0.125499E-01
     11.5067       -0.231304E-02   -0.125213E-01
     11.5083       -0.230100E-02   -0.124843E-01
     11.5097       -0.229194E-02   -0.124561E-01
     11.5100       -0.228954E-02   -0.124486E-01
     11.5103       -0.228716E-02   -0.124412E-01
     11.5117       -0.227829E-02   -0.124133E-01
     11.5133       -0.226691E-02   -0.123772E-01
     11.5147       -0.225833E-02   -0.123497E-01
     11.5150       -0.225607E-02   -0.123424E-01
     11.5153       -0.225381E-02   -0.123351E-01
     11.5167       -0.224541E-02   -0.123079E-01
     11.5183       -0.223463E-02   -0.122727E-01
     11.5197       -0.222650E-02   -0.122459E-01
     11.5200       -0.222436E-02   -0.122388E-01
     11.5203       -0.222222E-02   -0.122317E-01
     11.5217       -0.221426E-02   -0.122051E-01
     11.5233       -0.220403E-02   -0.121708E-01
     11.5247       -0.219632E-02   -0.121446E-01
     11.5250       -0.219428E-02   -0.121377E-01
     11.5253       -0.219225E-02   -0.121308E-01
     11.5267       -0.218469E-02   -0.121049E-01
     11.5283       -0.217497E-02   -0.120714E-01
     11.5297       -0.216764E-02   -0.120460E-01
     11.5300       -0.216571E-02   -0.120392E-01
     11.5303       -0.216378E-02   -0.120325E-01
     11.5317       -0.215659E-02   -0.120073E-01
     11.5333       -0.214736E-02   -0.119747E-01
     11.5347       -0.214038E-02   -0.119499E-01
     11.5350       -0.213854E-02   -0.119433E-01
     11.5353       -0.213670E-02   -0.119367E-01
     11.5367       -0.212987E-02   -0.119122E-01
     11.5383       -0.212108E-02   -0.118804E-01
     11.5397       -0.211444E-02   -0.118562E-01
     11.5400       -0.211268E-02   -0.118498E-01
     11.5403       -0.211093E-02   -0.118434E-01
     11.5417       -0.210442E-02   -0.118196E-01
     11.5433       -0.209605E-02   -0.117886E-01
     11.5447       -0.208972E-02   -0.117651E-01
     11.5450       -0.208805E-02   -0.117589E-01
     11.5453       -0.208638E-02   -0.117527E-01
     11.5467       -0.208018E-02   -0.117294E-01
     11.5483       -0.207220E-02   -0.116994E-01
     11.5497       -0.206617E-02   -0.116765E-01
     11.5500       -0.206457E-02   -0.116704E-01
     11.5503       -0.206299E-02   -0.116644E-01
     11.5517       -0.205707E-02   -0.116418E-01
     11.5533       -0.204946E-02   -0.116126E-01
     11.5547       -0.204371E-02   -0.115903E-01
     11.5550       -0.204219E-02   -0.115845E-01
     11.5553       -0.204067E-02   -0.115786E-01
     11.5567       -0.203503E-02   -0.115566E-01
     11.5583       -0.202777E-02   -0.115282E-01
     11.5597       -0.202229E-02   -0.115066E-01
     11.5600       -0.202084E-02   -0.115009E-01
     11.5603       -0.201939E-02   -0.114952E-01
     11.5617       -0.201401E-02   -0.114739E-01
     11.5633       -0.200709E-02   -0.114463E-01
     11.5647       -0.200186E-02   -0.114254E-01
     11.5650       -0.200047E-02   -0.114198E-01
     11.5653       -0.199910E-02   -0.114143E-01
     11.5667       -0.199396E-02   -0.113936E-01
     11.5683       -0.198736E-02   -0.113668E-01
     11.5697       -0.198237E-02   -0.113465E-01
     11.5700       -0.198105E-02   -0.113411E-01
     11.5703       -0.197974E-02   -0.113357E-01
     11.5717       -0.197485E-02   -0.113157E-01
     11.5733       -0.196855E-02   -0.112897E-01
     11.5747       -0.196379E-02   -0.112701E-01
     11.5750       -0.196254E-02   -0.112648E-01
     11.5753       -0.196129E-02   -0.112596E-01
     11.5767       -0.195662E-02   -0.112402E-01
     11.5783       -0.195062E-02   -0.112151E-01
     11.5797       -0.194609E-02   -0.111960E-01
     11.5800       -0.194489E-02   -0.111909E-01
     11.5803       -0.194370E-02   -0.111859E-01
     11.5817       -0.193926E-02   -0.111671E-01
     11.5833       -0.193355E-02   -0.111428E-01
     11.5847       -0.192923E-02   -0.111243E-01
     11.5850       -0.192809E-02   -0.111194E-01
     11.5853       -0.192696E-02   -0.111146E-01
     11.5867       -0.192273E-02   -0.110963E-01
     11.5883       -0.191729E-02   -0.110728E-01
     11.5897       -0.191319E-02   -0.110550E-01
     11.5900       -0.191211E-02   -0.110503E-01
     11.5903       -0.191103E-02   -0.110456E-01
     11.5917       -0.190701E-02   -0.110280E-01
     11.5933       -0.190184E-02   -0.110053E-01
     11.5947       -0.189794E-02   -0.109880E-01
     11.5950       -0.189691E-02   -0.109835E-01
     11.5953       -0.189589E-02   -0.109789E-01
     11.5967       -0.189207E-02   -0.109620E-01
     11.5983       -0.188717E-02   -0.109400E-01
     11.5997       -0.188347E-02   -0.109234E-01
     11.6000       -0.188250E-02   -0.109190E-01
     11.6003       -0.188152E-02   -0.109146E-01
     11.6017       -0.187790E-02   -0.108983E-01
     11.6033       -0.187326E-02   -0.108771E-01
     11.6047       -0.186976E-02   -0.108611E-01
     11.6050       -0.186883E-02   -0.108569E-01
     11.6053       -0.186791E-02   -0.108527E-01
     11.6067       -0.186448E-02   -0.108369E-01
     11.6083       -0.186009E-02   -0.108165E-01
     11.6097       -0.185678E-02   -0.108011E-01
     11.6100       -0.185590E-02   -0.107971E-01
     11.6103       -0.185503E-02   -0.107930E-01
     11.6117       -0.185180E-02   -0.107778E-01
     11.6133       -0.184765E-02   -0.107583E-01
     11.6147       -0.184453E-02   -0.107434E-01
     11.6150       -0.184370E-02   -0.107395E-01
     11.6153       -0.184288E-02   -0.107356E-01
     11.6167       -0.183984E-02   -0.107210E-01
     11.6183       -0.183593E-02   -0.107023E-01
     11.6197       -0.183299E-02   -0.106880E-01
     11.6200       -0.183222E-02   -0.106843E-01
     11.6203       -0.183144E-02   -0.106805E-01
     11.6217       -0.182858E-02   -0.106665E-01
     11.6233       -0.182491E-02   -0.106485E-01
     11.6247       -0.182216E-02   -0.106349E-01
     11.6250       -0.182143E-02   -0.106313E-01
     11.6253       -0.182071E-02   -0.106277E-01
     11.6267       -0.181802E-02   -0.106143E-01
     11.6283       -0.181459E-02   -0.105971E-01
     11.6297       -0.181201E-02   -0.105840E-01
     11.6300       -0.181133E-02   -0.105806E-01
     11.6303       -0.181066E-02   -0.105771E-01
     11.6317       -0.180815E-02   -0.105643E-01
     11.6333       -0.180495E-02   -0.105478E-01
     11.6347       -0.180255E-02   -0.105354E-01
     11.6350       -0.180192E-02   -0.105321E-01
     11.6353       -0.180129E-02   -0.105288E-01
     11.6367       -0.179897E-02   -0.105166E-01
     11.6383       -0.179600E-02   -0.105009E-01
     11.6397       -0.179377E-02   -0.104890E-01
     11.6400       -0.179319E-02   -0.104858E-01
     11.6403       -0.179261E-02   -0.104827E-01
     11.6417       -0.179045E-02   -0.104711E-01
     11.6433       -0.178771E-02   -0.104561E-01
     11.6447       -0.178566E-02   -0.104448E-01
     11.6450       -0.178512E-02   -0.104418E-01
     11.6453       -0.178459E-02   -0.104388E-01
     11.6467       -0.178261E-02   -0.104277E-01
     11.6483       -0.178009E-02   -0.104135E-01
     11.6497       -0.177822E-02   -0.104028E-01
     11.6500       -0.177772E-02   -0.104000E-01
     11.6503       -0.177723E-02   -0.103971E-01
     11.6517       -0.177543E-02   -0.103866E-01
     11.6533       -0.177314E-02   -0.103731E-01
     11.6547       -0.177143E-02   -0.103630E-01
     11.6550       -0.177098E-02   -0.103603E-01
     11.6553       -0.177054E-02   -0.103576E-01
     11.6567       -0.176891E-02   -0.103477E-01
     11.6583       -0.176684E-02   -0.103349E-01
     11.6597       -0.176531E-02   -0.103253E-01
     11.6600       -0.176491E-02   -0.103228E-01
     11.6603       -0.176451E-02   -0.103203E-01
     11.6617       -0.176304E-02   -0.103109E-01
     11.6633       -0.176120E-02   -0.102989E-01
     11.6647       -0.175984E-02   -0.102899E-01
     11.6650       -0.175948E-02   -0.102875E-01
     11.6653       -0.175913E-02   -0.102851E-01
     11.6667       -0.175784E-02   -0.102763E-01
     11.6683       -0.175622E-02   -0.102650E-01
     11.6697       -0.175503E-02   -0.102566E-01
     11.6700       -0.175472E-02   -0.102543E-01
     11.6703       -0.175441E-02   -0.102521E-01
     11.6717       -0.175329E-02   -0.102438E-01
     11.6733       -0.175189E-02   -0.102333E-01
     11.6747       -0.175087E-02   -0.102254E-01
     11.6750       -0.175061E-02   -0.102233E-01
     11.6753       -0.175035E-02   -0.102212E-01
     11.6767       -0.174940E-02   -0.102135E-01
     11.6783       -0.174822E-02   -0.102037E-01
     11.6797       -0.174737E-02   -0.101963E-01
     11.6800       -0.174716E-02   -0.101944E-01
     11.6803       -0.174694E-02   -0.101924E-01
     11.6817       -0.174616E-02   -0.101853E-01
     11.6833       -0.174521E-02   -0.101762E-01
     11.6847       -0.174454E-02   -0.101693E-01
     11.6850       -0.174437E-02   -0.101675E-01
     11.6853       -0.174420E-02   -0.101658E-01
     11.6867       -0.174359E-02   -0.101591E-01
     11.6883       -0.174287E-02   -0.101507E-01
     11.6897       -0.174237E-02   -0.101445E-01
     11.6900       -0.174224E-02   -0.101428E-01
     11.6903       -0.174212E-02   -0.101412E-01
     11.6917       -0.174169E-02   -0.101351E-01
     11.6933       -0.174119E-02   -0.101274E-01
     11.6947       -0.174086E-02   -0.101217E-01
     11.6950       -0.174078E-02   -0.101202E-01
     11.6953       -0.174071E-02   -0.101187E-01
     11.6967       -0.174045E-02   -0.101131E-01
     11.6983       -0.174019E-02   -0.101062E-01
     11.6997       -0.174004E-02   -0.101010E-01
     11.7000       -0.174001E-02   -0.100996E-01
