 Toroidal electric field
     8.70000       -0.417677E-04    0.409778E-04
     8.70139       -0.583721E-04    0.390225E-04
     8.70660       -0.832774E-04    0.303617E-04
     8.71339       -0.543875E-04    0.138780E-04
     8.71859       -0.154763E-04   -0.425211E-05
     8.71998       -0.647319E-05   -0.100053E-04
     8.72101       -0.913687E-06   -0.142732E-04
     8.72485        0.113243E-04   -0.281094E-04
     8.72987        0.147369E-04   -0.424179E-04
     8.73372        0.154305E-04   -0.519273E-04
     8.73474        0.161986E-04   -0.544085E-04
     8.73576        0.168464E-04   -0.567519E-04
     8.73961        0.141331E-04   -0.630588E-04
     8.74462        0.215531E-05   -0.657616E-04
     8.74845       -0.968286E-05   -0.640334E-04
     8.74948       -0.127824E-04   -0.630731E-04
     8.75050       -0.159351E-04   -0.618650E-04
     8.75434       -0.294022E-04   -0.547351E-04
     8.75934       -0.490965E-04   -0.396303E-04
     8.76317       -0.640132E-04   -0.240592E-04
     8.76419       -0.677477E-04   -0.193881E-04
     8.76521       -0.713576E-04   -0.145091E-04
     8.76904       -0.837887E-04    0.554756E-05
     8.77404       -0.963739E-04    0.351388E-04
     8.77787       -0.102255E-03    0.596284E-04
     8.77889       -0.103158E-03    0.663141E-04
     8.77991       -0.103742E-03    0.730205E-04
     8.78373       -0.102873E-03    0.979724E-04
     8.78872       -0.941409E-04    0.129027E-03
     8.79254       -0.813596E-04    0.150633E-03
     8.79356       -0.770388E-04    0.155940E-03
     8.79458       -0.723170E-04    0.160995E-03
     8.79840       -0.509878E-04    0.177202E-03
     8.80338       -0.150472E-04    0.190893E-03
     8.80719        0.181565E-04    0.194774E-03
     8.80821        0.277554E-04    0.194736E-03
     8.80923        0.376466E-04    0.194187E-03
     8.81304        0.770944E-04    0.187165E-03
     8.81801        0.132907E-03    0.165852E-03
     8.82182        0.177719E-03    0.139888E-03
     8.82284        0.189794E-03    0.131529E-03
     8.82385        0.201862E-03    0.122537E-03
     8.82766        0.246515E-03    0.829996E-04
     8.83263        0.301702E-03    0.181343E-04
     8.83643        0.339998E-03   -0.411944E-04
     8.83744        0.349416E-03   -0.583328E-04
     8.83846        0.358416E-03   -0.760140E-04
     8.84226        0.387799E-03   -0.146958E-03
     8.84722        0.414299E-03   -0.249038E-03
     8.85102        0.424115E-03   -0.333069E-03
     8.85203        0.425025E-03   -0.356119E-03
     8.85304        0.425139E-03   -0.379381E-03
     8.85684        0.417926E-03   -0.467973E-03
     8.86179        0.389761E-03   -0.584589E-03
     8.86558        0.353232E-03   -0.672611E-03
     8.86659        0.341251E-03   -0.695604E-03
     8.86760        0.328281E-03   -0.718304E-03
     8.87139        0.270628E-03   -0.800070E-03
     8.87634        0.174723E-03   -0.896476E-03
     8.88013        0.861061E-04   -0.960283E-03
     8.88113        0.603804E-04   -0.975545E-03
     8.88214        0.337827E-04   -0.989968E-03
     8.88593       -0.734803E-04   -0.103584E-02
     8.89087       -0.229116E-03   -0.107454E-02
     8.89465       -0.358290E-03   -0.108646E-02
     8.89565       -0.393892E-03   -0.108686E-02
     8.89666       -0.429910E-03   -0.108601E-02
     8.90044       -0.567980E-03   -0.107119E-02
     8.90537       -0.752017E-03   -0.102397E-02
     8.90915       -0.892921E-03   -0.966176E-03
     8.91015       -0.930063E-03   -0.947599E-03
     8.91116       -0.966905E-03   -0.927658E-03
     8.91493       -0.110139E-02   -0.840678E-03
     8.91986       -0.126464E-02   -0.699680E-03
     8.92363       -0.137707E-02   -0.571971E-03
     8.92463       -0.140477E-02   -0.535249E-03
     8.92563       -0.143138E-02   -0.497440E-03
     8.92940       -0.152037E-02   -0.346441E-03
     8.93432       -0.160825E-02   -0.130650E-03
     8.93808       -0.165145E-02    0.461359E-04
     8.93909       -0.165914E-02    0.945433E-04
     8.94009       -0.166509E-02    0.143384E-03
     8.94385       -0.167130E-02    0.329478E-03
     8.94876       -0.164031E-02    0.575131E-03
     8.95252       -0.158588E-02    0.761659E-03
     8.95352       -0.156681E-02    0.810630E-03
     8.95452       -0.154576E-02    0.859134E-03
     8.95828       -0.144914E-02    0.103572E-02
     8.96318       -0.128268E-02    0.124938E-02
     8.96693       -0.112574E-02    0.139645E-02
     8.96793       -0.107982E-02    0.143273E-02
     8.96893       -0.103223E-02    0.146762E-02
     8.97268       -0.839378E-03    0.158503E-02
     8.97758       -0.557631E-03    0.170344E-02
     8.98133       -0.322471E-03    0.176481E-02
     8.98232       -0.257468E-03    0.177655E-02
     8.98332       -0.191619E-03    0.178623E-02
     8.98707        0.616701E-04    0.180346E-02
     8.99195        0.401583E-03    0.178000E-02
     8.99570        0.663967E-03    0.172625E-02
     8.99669        0.733509E-03    0.170663E-02
     8.99769        0.802688E-03    0.168473E-02
     9.00143        0.105736E-02    0.158242E-02
     9.00631        0.137249E-02    0.140294E-02
     9.01005        0.159533E-02    0.123216E-02
     9.01104        0.165131E-02    0.118204E-02
     9.01204        0.170565E-02    0.113005E-02
     9.01577        0.189328E-02    0.919029E-03
     9.02065        0.209534E-02    0.610271E-03
     9.02438        0.221335E-02    0.352419E-03
     9.02537        0.223891E-02    0.281141E-03
     9.02637        0.226182E-02    0.208938E-03
     9.03010        0.232323E-02   -0.687406E-04
     9.03496        0.234362E-02   -0.441219E-03
     9.03869        0.231217E-02   -0.728598E-03
     9.03968        0.229676E-02   -0.804744E-03
     9.04067        0.227831E-02   -0.880490E-03
     9.04440        0.218208E-02   -0.115938E-02
     9.04925        0.199449E-02   -0.150461E-02
     9.05297        0.180542E-02   -0.174895E-02
     9.05397        0.174868E-02   -0.181038E-02
     9.05496        0.168934E-02   -0.187003E-02
     9.05868        0.144446E-02   -0.207645E-02
     9.06353        0.107780E-02   -0.229995E-02
     9.06724        0.766253E-03   -0.243173E-02
     9.06823        0.679446E-03   -0.246055E-02
     9.06922        0.591241E-03   -0.248654E-02
     9.07293        0.249730E-03   -0.255788E-02
     9.07778       -0.213099E-03   -0.258729E-02
     9.08149       -0.573230E-03   -0.255958E-02
     9.08248       -0.669050E-03   -0.254468E-02
     9.08346       -0.764524E-03   -0.252654E-02
     9.08717       -0.111736E-02   -0.242965E-02
     9.09201       -0.155679E-02   -0.223692E-02
     9.09571       -0.186951E-02   -0.204059E-02
     9.09670       -0.194836E-02   -0.198143E-02
     9.09769       -0.202501E-02   -0.191945E-02
     9.10139       -0.229106E-02   -0.166285E-02
     9.10622       -0.258079E-02   -0.127660E-02
     9.10992       -0.275286E-02   -0.946792E-03
     9.11090       -0.279069E-02   -0.854643E-03
     9.11189       -0.282490E-02   -0.760892E-03
     9.11559       -0.291982E-02   -0.396787E-03
     9.12041       -0.296210E-02    0.996052E-04
     9.12410       -0.292995E-02    0.488470E-03
     9.12509       -0.291170E-02    0.592376E-03
     9.12607       -0.288928E-02    0.696118E-03
     9.12976       -0.276803E-02    0.108159E-02
     9.13458       -0.252458E-02    0.156717E-02
     9.13827       -0.227556E-02    0.191774E-02
     9.13925       -0.220042E-02    0.200701E-02
     9.14023       -0.212167E-02    0.209424E-02
     9.14392       -0.179549E-02    0.240116E-02
     9.14873       -0.130458E-02    0.274669E-02
     9.15241       -0.885822E-03    0.296302E-02
     9.15339       -0.768920E-03    0.301280E-02
     9.15437       -0.650040E-03    0.305904E-02
     9.15805       -0.188949E-03    0.319959E-02
     9.16286        0.437740E-03    0.330202E-02
     9.16653        0.926726E-03    0.331584E-02
     9.16751        0.105704E-02    0.330975E-02
     9.16849        0.118699E-02    0.329944E-02
     9.17217        0.166822E-02    0.322304E-02
     9.17696        0.227007E-02    0.303602E-02
     9.18064        0.270053E-02    0.282796E-02
     9.18162        0.280944E-02    0.276332E-02
     9.18259        0.291552E-02    0.269486E-02
     9.18627        0.328562E-02    0.240539E-02
     9.19105        0.369389E-02    0.195716E-02
     9.19472        0.394148E-02    0.156644E-02
     9.19570        0.399694E-02    0.145624E-02
     9.19668        0.404768E-02    0.134371E-02
     9.20034        0.419437E-02    0.903247E-03
     9.20512        0.427906E-02    0.295364E-03
     9.20879        0.425931E-02   -0.185883E-03
     9.20976        0.424132E-02   -0.315170E-03
     9.21074        0.421785E-02   -0.444546E-03
     9.21440        0.408118E-02   -0.927784E-03
     9.21917        0.379095E-02   -0.154213E-02
     9.22283        0.348635E-02   -0.198983E-02
     9.22381        0.339360E-02   -0.210446E-02
     9.22478        0.329607E-02   -0.221674E-02
     9.22844        0.288962E-02   -0.261441E-02
     9.23320        0.227275E-02   -0.306844E-02
     9.23686        0.174327E-02   -0.335825E-02
     9.23783        0.159502E-02   -0.342596E-02
     9.23880        0.144408E-02   -0.348935E-02
     9.24245        0.857163E-03   -0.368704E-02
     9.24721        0.560741E-04   -0.384581E-02
     9.25086       -0.571541E-03   -0.388781E-02
     9.25183       -0.739190E-03   -0.388691E-02
     9.25280       -0.906544E-03   -0.388078E-02
     9.25645       -0.152799E-02   -0.381108E-02
     9.26121       -0.230940E-02   -0.361176E-02
     9.26485       -0.287197E-02   -0.337850E-02
     9.26582       -0.301493E-02   -0.330486E-02
     9.26679       -0.315449E-02   -0.322647E-02
     9.27043       -0.364446E-02   -0.289170E-02
     9.27518       -0.419319E-02   -0.236701E-02
     9.27881       -0.453404E-02   -0.190606E-02
     9.27978       -0.461199E-02   -0.177564E-02
     9.28075       -0.468415E-02   -0.164231E-02
     9.28439       -0.490147E-02   -0.111935E-02
     9.28913       -0.505428E-02   -0.395867E-03
     9.29276       -0.506746E-02    0.177528E-03
     9.29373       -0.505533E-02    0.331594E-03
     9.29470       -0.503647E-02    0.485757E-03
     9.29833       -0.490604E-02    0.106130E-02
     9.30306       -0.459850E-02    0.179159E-02
     9.30669       -0.426187E-02    0.232198E-02
     9.30766       -0.415792E-02    0.245743E-02
     9.30863       -0.404810E-02    0.258993E-02
     9.31225       -0.358631E-02    0.305752E-02
     9.31698       -0.287754E-02    0.358657E-02
     9.32060       -0.226461E-02    0.391936E-02
     9.32157       -0.209247E-02    0.399616E-02
     9.32253       -0.191701E-02    0.406758E-02
     9.32615       -0.123328E-02    0.428573E-02
     9.33088       -0.297459E-03    0.444746E-02
     9.33450        0.436957E-03    0.447282E-02
     9.33546        0.633247E-03    0.446463E-02
     9.33642        0.829223E-03    0.444999E-02
     9.34004        0.155710E-02    0.433764E-02
     9.34476        0.247210E-02    0.405820E-02
     9.34837        0.313015E-02    0.374570E-02
     9.34933        0.329722E-02    0.364844E-02
     9.35029        0.346022E-02    0.354542E-02
     9.35391        0.403170E-02    0.310967E-02
     9.35862        0.466945E-02    0.243536E-02
     9.36223        0.506326E-02    0.184841E-02
     9.36319        0.515286E-02    0.168302E-02
     9.36415        0.523557E-02    0.151422E-02
     9.36776        0.548255E-02    0.854430E-03
     9.37246        0.564995E-02   -0.531359E-04
     9.37606        0.565540E-02   -0.768685E-03
     9.37702        0.563839E-02   -0.960419E-03
     9.37798        0.561345E-02   -0.115207E-02
     9.38159        0.544993E-02   -0.186593E-02
     9.38628        0.507603E-02   -0.276786E-02
     9.38988        0.467208E-02   -0.341988E-02
     9.39084        0.454792E-02   -0.358593E-02
     9.39180        0.441700E-02   -0.374819E-02
     9.39540        0.386882E-02   -0.431958E-02
     9.40009        0.303291E-02   -0.496296E-02
     9.40369        0.231423E-02   -0.536486E-02
     9.40464        0.211300E-02   -0.545709E-02
     9.40560        0.190818E-02   -0.554267E-02
     9.40919        0.111275E-02   -0.580254E-02
     9.41388        0.311549E-04   -0.599117E-02
     9.41747       -0.811592E-03   -0.601555E-02
     9.41843       -0.103586E-02   -0.600388E-02
     9.41938       -0.125933E-02   -0.598441E-02
     9.42297       -0.208513E-02   -0.584219E-02
     9.42765       -0.311226E-02   -0.549769E-02
     9.43124       -0.384112E-02   -0.511707E-02
     9.43219       -0.402448E-02   -0.499919E-02
     9.43315       -0.420261E-02   -0.487453E-02
     9.43673       -0.481982E-02   -0.434922E-02
     9.44141       -0.548938E-02   -0.354154E-02
     9.44499       -0.588453E-02   -0.284300E-02
     9.44594       -0.597091E-02   -0.264690E-02
     9.44690       -0.604887E-02   -0.244702E-02
     9.45047       -0.626424E-02   -0.166807E-02
     9.45514       -0.635812E-02   -0.603384E-03
     9.45872       -0.628286E-02    0.229613E-03
     9.45967       -0.624083E-02    0.451720E-03
     9.46063       -0.618942E-02    0.673319E-03
     9.46420       -0.591435E-02    0.149549E-02
     9.46886       -0.536847E-02    0.252519E-02
     9.47244       -0.481490E-02    0.326090E-02
     9.47339       -0.464856E-02    0.344672E-02
     9.47434       -0.447458E-02    0.362766E-02
     9.47791       -0.375814E-02    0.425917E-02
     9.48257       -0.269117E-02    0.495554E-02
     9.48614       -0.179068E-02    0.537676E-02
     9.48709       -0.154079E-02    0.547082E-02
     9.48804       -0.128736E-02    0.555676E-02
     9.49160       -0.311194E-03    0.580499E-02
     9.49626        0.997540E-03    0.594850E-02
     9.49982        0.200314E-02    0.591630E-02
     9.50077        0.226863E-02    0.588645E-02
     9.50172        0.253226E-02    0.584752E-02
     9.50528        0.349823E-02    0.562144E-02
     9.50993        0.467967E-02    0.514399E-02
     9.51349        0.550141E-02    0.464558E-02
     9.51444        0.570541E-02    0.449425E-02
     9.51538        0.590231E-02    0.433539E-02
     9.51894        0.657289E-02    0.367655E-02
     9.52358        0.727020E-02    0.268541E-02
     9.52714        0.765335E-02    0.184227E-02
     9.52809        0.773154E-02    0.160740E-02
     9.52903        0.779914E-02    0.136902E-02
     9.53259        0.795652E-02    0.450422E-03
     9.53722        0.793113E-02   -0.785169E-03
     9.54077        0.773286E-02   -0.174067E-02
     9.54172        0.765363E-02   -0.199420E-02
     9.54267        0.756318E-02   -0.224599E-02
     9.54622        0.712571E-02   -0.316494E-02
     9.55085        0.633478E-02   -0.428470E-02
     9.55439        0.557250E-02   -0.506481E-02
     9.55534        0.534800E-02   -0.525921E-02
     9.55628        0.511493E-02   -0.544709E-02
     9.55983        0.416984E-02   -0.608721E-02
     9.56445        0.279368E-02   -0.675220E-02
     9.56800        0.165333E-02   -0.711571E-02
     9.56894        0.133973E-02   -0.718935E-02
     9.56989        0.102288E-02   -0.725308E-02
     9.57343       -0.186906E-03   -0.740482E-02
     9.57805       -0.178485E-02   -0.738918E-02
     9.58159       -0.299500E-02   -0.720747E-02
     9.58253       -0.331189E-02   -0.713352E-02
     9.58347       -0.362541E-02   -0.704861E-02
     9.58701       -0.476350E-02   -0.663424E-02
     9.59163       -0.613016E-02   -0.587965E-02
     9.59516       -0.706028E-02   -0.515054E-02
     9.59610       -0.728784E-02   -0.493573E-02
     9.59705       -0.750596E-02   -0.471259E-02
     9.60058       -0.823443E-02   -0.380575E-02
     9.60519       -0.895441E-02   -0.248208E-02
     9.60872       -0.931317E-02   -0.138416E-02
     9.60966       -0.937860E-02   -0.108221E-02
     9.61060       -0.943086E-02   -0.777129E-03
     9.61413       -0.950839E-02    0.388109E-03
     9.61874       -0.932681E-02    0.192918E-02
     9.62227       -0.896982E-02    0.309890E-02
     9.62321       -0.884268E-02    0.340574E-02
     9.62415       -0.870234E-02    0.370921E-02
     9.62767       -0.806321E-02    0.480763E-02
     9.63227       -0.697572E-02    0.612269E-02
     9.63580       -0.596134E-02    0.701824E-02
     9.63674       -0.566613E-02    0.723788E-02
     9.63768       -0.536138E-02    0.744824E-02
     9.64120       -0.414357E-02    0.814608E-02
     9.64579       -0.240573E-02    0.882824E-02
     9.64932       -0.986603E-03    0.916541E-02
     9.65025       -0.598838E-03    0.922683E-02
     9.65119       -0.208241E-03    0.927548E-02
     9.65471        0.127048E-02    0.933994E-02
     9.65930        0.319431E-02    0.914665E-02
     9.66282        0.462879E-02    0.878899E-02
     9.66376        0.500101E-02    0.866337E-02
     9.66469        0.536810E-02    0.852483E-02
     9.66821        0.669209E-02    0.789144E-02
     9.67279        0.825563E-02    0.681439E-02
     9.67631        0.929220E-02    0.581555E-02
     9.67724        0.954054E-02    0.552620E-02
     9.67818        0.977636E-02    0.522756E-02
     9.68169        0.105469E-01    0.403125E-02
     9.68627        0.112635E-01    0.232433E-02
     9.68978        0.115748E-01    0.937331E-03
     9.69072        0.116210E-01    0.560061E-03
     9.69166        0.116508E-01    0.180039E-03
     9.69516        0.116126E-01   -0.126429E-02
     9.69974        0.112182E-01   -0.314704E-02
     9.70325        0.106625E-01   -0.454433E-02
     9.70418        0.104786E-01   -0.490484E-02
     9.70512        0.102789E-01   -0.526007E-02
     9.70862        0.938777E-02   -0.654412E-02
     9.71320        0.792436E-02   -0.805962E-02
     9.71670        0.660768E-02   -0.905582E-02
     9.71763        0.623237E-02   -0.929213E-02
     9.71857        0.584669E-02   -0.951611E-02
     9.72207        0.430806E-02   -0.102501E-01
     9.72664        0.212951E-02   -0.109293E-01
     9.73014        0.373883E-03   -0.112117E-01
     9.73107       -0.101281E-03   -0.112492E-01
     9.73200       -0.578012E-03   -0.112702E-01
     9.73550       -0.236968E-02   -0.112050E-01
     9.74007       -0.467678E-02   -0.107859E-01
     9.74356       -0.638529E-02   -0.102170E-01
     9.74450       -0.682758E-02   -0.100302E-01
     9.74543       -0.726226E-02   -0.982805E-02
     9.74892       -0.880831E-02   -0.893395E-02
     9.75348       -0.105943E-01   -0.747506E-02
     9.75698       -0.117572E-01   -0.616214E-02
     9.75791       -0.120337E-01   -0.578716E-02
     9.75884       -0.122949E-01   -0.540220E-02
     9.76233       -0.131324E-01   -0.387627E-02
     9.76689       -0.138655E-01   -0.173397E-02
     9.77038       -0.141318E-01   -0.171843E-04
     9.77131       -0.141572E-01    0.446468E-03
     9.77224       -0.141631E-01    0.911572E-03
     9.77573       -0.140132E-01    0.265981E-02
     9.78028       -0.134131E-01    0.490474E-02
     9.78377       -0.126473E-01    0.655550E-02
     9.78470       -0.123990E-01    0.698025E-02
     9.78563       -0.121325E-01    0.739698E-02
     9.78912       -0.109788E-01    0.887732E-02
     9.79367       -0.913806E-02    0.105801E-01
     9.79715       -0.749884E-02    0.116802E-01
     9.79808       -0.703194E-02    0.119398E-01
     9.79901       -0.655341E-02    0.121840E-01
     9.80249       -0.466645E-02    0.129528E-01
     9.80704       -0.203571E-02    0.135931E-01
     9.81052        0.628917E-04    0.137928E-01
     9.81145        0.628701E-03    0.138020E-01
     9.81237        0.119583E-02    0.137918E-01
     9.81586        0.332238E-02    0.135790E-01
     9.82040        0.604070E-02    0.129003E-01
     9.82388        0.802960E-02    0.120853E-01
     9.82480        0.853979E-02    0.118265E-01
     9.82573        0.904018E-02    0.115498E-01
     9.82921        0.108197E-01    0.103548E-01
     9.83375        0.128650E-01    0.846623E-02
     9.83723        0.141782E-01    0.680850E-02
     9.83815        0.144860E-01    0.634085E-02
     9.83908        0.147750E-01    0.586274E-02
     9.84255        0.156869E-01    0.398046E-02
     9.84709        0.164478E-01    0.136522E-02
     9.85056        0.166832E-01   -0.712211E-03
     9.85149        0.166928E-01   -0.127079E-02
     9.85241        0.166796E-01   -0.182986E-02
     9.85589        0.164279E-01   -0.391813E-02
     9.86042        0.156301E-01   -0.656812E-02
     9.86389        0.146689E-01   -0.849138E-02
     9.86482        0.143628E-01   -0.898223E-02
     9.86574        0.140360E-01   -0.946257E-02
     9.86921        0.126357E-01   -0.111615E-01
     9.87374        0.104323E-01   -0.130917E-01
     9.87721        0.849176E-02   -0.143121E-01
     9.87814        0.794208E-02   -0.145949E-01
     9.87906        0.737990E-02   -0.148584E-01
     9.88253        0.517294E-02   -0.156707E-01
     9.88705        0.211773E-02   -0.162961E-01
     9.89052       -0.304135E-03   -0.164279E-01
     9.89144       -0.954931E-03   -0.164105E-01
     9.89237       -0.160615E-02   -0.163705E-01
     9.89583       -0.403735E-02   -0.160204E-01
     9.90036       -0.712346E-02   -0.151014E-01
     9.90382       -0.936787E-02   -0.140556E-01
     9.90474       -0.994187E-02   -0.137284E-01
     9.90567       -0.105037E-01   -0.133812E-01
     9.90913       -0.124886E-01   -0.119098E-01
     9.91365       -0.147449E-01   -0.962956E-02
     9.91711       -0.161789E-01   -0.764483E-02
     9.91804       -0.165131E-01   -0.708580E-02
     9.91896       -0.168257E-01   -0.651535E-02
     9.92242       -0.177965E-01   -0.428699E-02
     9.92694       -0.185658E-01   -0.122649E-02
     9.93040       -0.187579E-01    0.118239E-02
     9.93132       -0.187490E-01    0.182727E-02
     9.93224       -0.187145E-01    0.247149E-02
     9.93570       -0.183606E-01    0.486663E-02
     9.94022       -0.173755E-01    0.788342E-02
     9.94367       -0.162295E-01    0.100587E-01
     9.94460       -0.158680E-01    0.106120E-01
     9.94552       -0.154841E-01    0.111523E-01
     9.94897       -0.138605E-01    0.130495E-01
     9.95349       -0.113417E-01    0.151764E-01
     9.95694       -0.913829E-02    0.165013E-01
     9.95786       -0.851517E-02    0.168052E-01
     9.95878       -0.787887E-02    0.170869E-01
     9.96224       -0.539570E-02    0.179382E-01
     9.96675       -0.198775E-02    0.185478E-01
     9.97020        0.695668E-03    0.186196E-01
     9.97112        0.141454E-02    0.185795E-01
     9.97204        0.213293E-02    0.185140E-01
     9.97550        0.480563E-02    0.180445E-01
     9.98001        0.817549E-02    0.169178E-01
     9.98346        0.106073E-01    0.156777E-01
     9.98438        0.112261E-01    0.152942E-01
     9.98530        0.118306E-01    0.148890E-01
     9.98875        0.139564E-01    0.131869E-01
     9.99325        0.163475E-01    0.105810E-01
     9.99671        0.178441E-01    0.833317E-02
     9.99763        0.181887E-01    0.770272E-02
     9.99855        0.185087E-01    0.706065E-02
     10.0020        0.194819E-01    0.456488E-02
     10.0065        0.201996E-01    0.116501E-02
     10.0099        0.203156E-01   -0.149055E-02
     10.0109        0.202817E-01   -0.219850E-02
     10.0118        0.202200E-01   -0.290455E-02
     10.0152        0.197421E-01   -0.551943E-02
     10.0197        0.185546E-01   -0.878764E-02
     10.0232        0.172328E-01   -0.111226E-01
     10.0241        0.168227E-01   -0.117129E-01
     10.0250        0.163889E-01   -0.122880E-01
     10.0285        0.145622E-01   -0.142956E-01
     10.0330        0.117579E-01   -0.165160E-01
     10.0364        0.933613E-02   -0.178707E-01
     10.0373        0.865674E-02   -0.181761E-01
     10.0383        0.796468E-02   -0.184567E-01
     10.0417        0.527253E-02   -0.192837E-01
     10.0462        0.160237E-02   -0.198144E-01
     10.0496       -0.126451E-02   -0.197903E-01
     10.0506       -0.202862E-02   -0.197196E-01
     10.0515       -0.279061E-02   -0.196214E-01
     10.0549       -0.561245E-02   -0.190132E-01
     10.0594       -0.913861E-02   -0.176738E-01
     10.0629       -0.116571E-01   -0.162525E-01
     10.0638       -0.122938E-01   -0.158187E-01
     10.0647       -0.129139E-01   -0.153625E-01
     10.0681       -0.150792E-01   -0.134645E-01
     10.0726       -0.174746E-01   -0.105982E-01
     10.0761       -0.189364E-01   -0.815436E-02
     10.0770       -0.192660E-01   -0.747295E-02
     10.0779       -0.195690E-01   -0.678064E-02
     10.0814       -0.204638E-01   -0.410382E-02
     10.0858       -0.210443E-01   -0.490594E-03
     10.0893       -0.210282E-01    0.230608E-02
     10.0902       -0.209551E-01    0.304779E-02
     10.0911       -0.208527E-01    0.378567E-02
     10.0946       -0.202117E-01    0.650102E-02
     10.0991       -0.187939E-01    0.985601E-02
     10.1025       -0.172895E-01    0.122243E-01
     10.1034       -0.168306E-01    0.128188E-01
     10.1042       -0.163980E-01    0.133380E-01
     10.1073       -0.146124E-01    0.151483E-01
     10.1114       -0.119416E-01    0.171538E-01
     10.1145       -0.967617E-02    0.183907E-01
     10.1153       -0.904551E-02    0.186733E-01
     10.1161       -0.840456E-02    0.189350E-01
     10.1192       -0.591884E-02    0.197248E-01
     10.1232       -0.253880E-02    0.202912E-01
     10.1263        0.103669E-03    0.203618E-01
     10.1271        0.809284E-03    0.203265E-01
     10.1280        0.151397E-02    0.202681E-01
     10.1311        0.413705E-02    0.198473E-01
     10.1351        0.745710E-02    0.188337E-01
     10.1382        0.987284E-02    0.177154E-01
     10.1390        0.104919E-01    0.173692E-01
     10.1398        0.110990E-01    0.170032E-01
     10.1429        0.132596E-01    0.154623E-01
     10.1469        0.157606E-01    0.130913E-01
     10.1500        0.173958E-01    0.110335E-01
     10.1509        0.177860E-01    0.104542E-01
     10.1517        0.181558E-01    0.986289E-02
     10.1548        0.193569E-01    0.755035E-02
     10.1588        0.204633E-01    0.436038E-02
     10.1619        0.209411E-01    0.183156E-02
     10.1627        0.210123E-01    0.115102E-02
     10.1635        0.210594E-01    0.469223E-03
     10.1666        0.210233E-01   -0.208666E-02
     10.1707        0.204786E-01   -0.536440E-02
     10.1737        0.196883E-01   -0.778338E-02
     10.1746        0.194241E-01   -0.840861E-02
     10.1754        0.191377E-01   -0.902410E-02
     10.1785        0.178723E-01   -0.112353E-01
     10.1825        0.158017E-01   -0.138458E-01
     10.1856        0.139250E-01   -0.155971E-01
     10.1864        0.133862E-01   -0.160226E-01
     10.1872        0.128322E-01   -0.164297E-01
     10.1903        0.106298E-01   -0.177854E-01
     10.1944        0.751265E-02   -0.191256E-01
     10.1975        0.498474E-02   -0.198042E-01
     10.1983        0.429634E-02   -0.199317E-01
     10.1991        0.360327E-02   -0.200361E-01
     10.2022        0.975371E-03   -0.202225E-01
     10.2062       -0.246381E-02   -0.199820E-01
     10.2093       -0.505525E-02   -0.194311E-01
     10.2101       -0.573322E-02   -0.192312E-01
     10.2110       -0.640420E-02   -0.190091E-01
     10.2140       -0.884651E-02   -0.179843E-01
     10.2181       -0.118076E-01   -0.162212E-01
     10.2212       -0.138596E-01   -0.145711E-01
     10.2220       -0.143694E-01   -0.140908E-01
     10.2228       -0.148622E-01   -0.135944E-01
     10.2259       -0.165507E-01   -0.115995E-01
     10.2299       -0.183449E-01   -0.872836E-02
     10.2330       -0.193805E-01   -0.636659E-02
     10.2338       -0.196037E-01   -0.571876E-02
     10.2347       -0.198039E-01   -0.506464E-02
     10.2378       -0.203478E-01   -0.256825E-02
     10.2418       -0.205621E-01    0.736418E-03
     10.2449       -0.203436E-01    0.325543E-02
     10.2457       -0.202290E-01    0.391886E-02
     10.2465       -0.200907E-01    0.457733E-02
     10.2496       -0.193667E-01    0.699048E-02
     10.2536       -0.179576E-01    0.995438E-02
     10.2567       -0.165443E-01    0.120385E-01
     10.2575       -0.161215E-01    0.125611E-01
     10.2584       -0.156800E-01    0.130687E-01
     10.2615       -0.138673E-01    0.148306E-01
     10.2655       -0.111763E-01    0.167592E-01
     10.2686       -0.890728E-02    0.179232E-01
     10.2694       -0.827742E-02    0.181838E-01
     10.2702       -0.763829E-02    0.184228E-01
     10.2733       -0.517101E-02    0.191247E-01
     10.2773       -0.184200E-02    0.195709E-01
     10.2804        0.741384E-03    0.195469E-01
     10.2813        0.142842E-02    0.194861E-01
     10.2821        0.211317E-02    0.194025E-01
     10.2852        0.464832E-02    0.188879E-01
     10.2892        0.782392E-02    0.177594E-01
     10.2923        0.101077E-01    0.165632E-01
     10.2931        0.106886E-01    0.161981E-01
     10.2939        0.112564E-01    0.158141E-01
     10.2970        0.132580E-01    0.142152E-01
     10.3011        0.155294E-01    0.117939E-01
     10.3041        0.169761E-01    0.972057E-02
     10.3050        0.173146E-01    0.914080E-02
     10.3058        0.176322E-01    0.855074E-02
     10.3089        0.186318E-01    0.625758E-02
     10.3129        0.194682E-01    0.313003E-02
     10.3160        0.197403E-01    0.679511E-03
     10.3168        0.197576E-01    0.245089E-04
     10.3177        0.197513E-01   -0.629788E-03
     10.3207        0.195194E-01   -0.306550E-02
     10.3248        0.187369E-01   -0.614672E-02
     10.3279        0.177833E-01   -0.838526E-02
     10.3287        0.174791E-01   -0.895812E-02
     10.3295        0.171542E-01   -0.951960E-02
     10.3326        0.157593E-01   -0.115151E-01
     10.3366        0.135599E-01   -0.138162E-01
     10.3397        0.116200E-01   -0.153115E-01
     10.3406        0.110700E-01   -0.156665E-01
     10.3414        0.105074E-01   -0.160022E-01
     10.3445        0.829537E-02   -0.170849E-01
     10.3485        0.522150E-02   -0.180629E-01
     10.3516        0.277125E-02   -0.184648E-01
     10.3524        0.211024E-02   -0.185193E-01
     10.3533        0.144741E-02   -0.185514E-01
     10.3564       -0.104194E-02   -0.184730E-01
     10.3604       -0.424236E-02   -0.179100E-01
     10.3635       -0.660795E-02   -0.171358E-01
     10.3643       -0.721966E-02   -0.168805E-01
     10.3651       -0.782192E-02   -0.166051E-01
     10.3682       -0.998585E-02   -0.153996E-01
     10.3723       -0.125399E-01   -0.134521E-01
     10.3754       -0.142509E-01   -0.117049E-01
     10.3762       -0.146662E-01   -0.112059E-01
     10.3770       -0.150632E-01   -0.106938E-01
     10.3801       -0.163826E-01   -0.866861E-02
     10.3841       -0.176803E-01   -0.582832E-02
     10.3872       -0.183307E-01   -0.354619E-02
     10.3881       -0.184514E-01   -0.292802E-02
     10.3889       -0.185494E-01   -0.230713E-02
     10.3920       -0.187152E-01    0.333058E-04
     10.3960       -0.184579E-01    0.306162E-02
     10.3991       -0.179034E-01    0.531428E-02
     10.3999       -0.177041E-01    0.589891E-02
     10.4008       -0.174833E-01    0.647542E-02
     10.4039       -0.164705E-01    0.855470E-02
     10.4079       -0.147419E-01    0.110275E-01
     10.4110       -0.131345E-01    0.126995E-01
     10.4118       -0.126682E-01    0.131079E-01
     10.4127       -0.121869E-01    0.134994E-01
     10.4158       -0.102593E-01    0.148115E-01
     10.4198       -0.750293E-02    0.161302E-01
     10.4229       -0.525090E-02    0.168196E-01
     10.4237       -0.463565E-02    0.169540E-01
     10.4246       -0.401551E-02    0.170670E-01
     10.4277       -0.165888E-02    0.173011E-01
     10.4317        0.143411E-02    0.171591E-01
     10.4348        0.376817E-02    0.167117E-01
     10.4356        0.437897E-02    0.165434E-01
     10.4365        0.498348E-02    0.163546E-01
     10.4396        0.718330E-02    0.154704E-01
     10.4436        0.984647E-02    0.139270E-01
     10.4467        0.116863E-01    0.124725E-01
     10.4475        0.121421E-01    0.120483E-01
     10.4484        0.125822E-01    0.116096E-01
     10.4515        0.140849E-01    0.984540E-02
     10.4555        0.156673E-01    0.730796E-02
     10.4586        0.165658E-01    0.522555E-02
     10.4594        0.167564E-01    0.465544E-02
     10.4603        0.169258E-01    0.408034E-02
     10.4634        0.173706E-01    0.189111E-02
     10.4674        0.174975E-01   -0.989844E-03
     10.4705        0.172472E-01   -0.316879E-02
     10.4714        0.171296E-01   -0.373963E-02
     10.4722        0.169907E-01   -0.430484E-02
     10.4753        0.162845E-01   -0.636351E-02
     10.4793        0.149487E-01   -0.885957E-02
     10.4825        0.136312E-01   -0.105862E-01
     10.4833        0.132399E-01   -0.110143E-01
     10.4841        0.128324E-01   -0.114277E-01
     10.4872        0.111709E-01   -0.128402E-01
     10.4913        0.873084E-02   -0.143292E-01
     10.4944        0.669385E-02   -0.151758E-01
     10.4952        0.613142E-02   -0.153556E-01
     10.4960        0.556210E-02   -0.155154E-01
     10.4991        0.337781E-02   -0.159358E-01
     10.5032        0.464462E-03   -0.160582E-01
     10.5063       -0.176816E-02   -0.158253E-01
     10.5071       -0.235743E-02   -0.157154E-01
     10.5080       -0.294276E-02   -0.155854E-01
     10.5111       -0.509140E-02   -0.149239E-01
     10.5151       -0.773631E-02   -0.136717E-01
     10.5183       -0.959836E-02   -0.124367E-01
     10.5191       -0.100654E-01   -0.120699E-01
     10.5199       -0.105187E-01   -0.116881E-01
     10.5230       -0.120899E-01   -0.101313E-01
     10.5271       -0.138025E-01   -0.784701E-02
     10.5302       -0.148293E-01   -0.594206E-02
     10.5310       -0.150579E-01   -0.541646E-02
     10.5319       -0.152668E-01   -0.488459E-02
     10.5350       -0.158723E-01   -0.284582E-02
     10.5391       -0.162345E-01   -0.131751E-03
     10.5422       -0.161800E-01    0.194331E-02
     10.5430       -0.161163E-01    0.249016E-02
     10.5438       -0.160320E-01    0.303296E-02
     10.5470       -0.155351E-01    0.502174E-02
     10.5510       -0.144788E-01    0.745990E-02
     10.5541       -0.133763E-01    0.916738E-02
     10.5550       -0.130419E-01    0.959404E-02
     10.5558       -0.126911E-01    0.100075E-01
     10.5589       -0.112388E-01    0.114334E-01
     10.5630       -0.906018E-02    0.129693E-01
     10.5661       -0.721148E-02    0.138727E-01
     10.5670       -0.669708E-02    0.140704E-01
     10.5678       -0.617477E-02    0.142493E-01
     10.5709       -0.415741E-02    0.147508E-01
     10.5750       -0.143739E-02    0.149990E-01
     10.5781        0.667698E-03    0.148751E-01
     10.5789        0.122622E-02    0.147958E-01
     10.5798        0.178223E-02    0.146970E-01
     10.5829        0.383358E-02    0.141570E-01
     10.5870        0.638210E-02    0.130712E-01
     10.5901        0.819400E-02    0.119670E-01
     10.5909        0.865115E-02    0.116353E-01
     10.5918        0.909615E-02    0.112885E-01
     10.5949        0.106488E-01    0.986266E-02
     10.5990        0.123669E-01    0.774562E-02
     10.6021        0.134196E-01    0.596401E-02
     10.6029        0.136582E-01    0.547031E-02
     10.6038        0.138782E-01    0.496988E-02
     10.6069        0.145364E-01    0.304459E-02
     10.6110        0.149904E-01    0.466583E-03
     10.6141        0.150220E-01   -0.151463E-02
     10.6150        0.149834E-01   -0.203815E-02
     10.6158        0.149249E-01   -0.255836E-02
     10.6189        0.145317E-01   -0.446908E-02
     10.6230        0.136243E-01   -0.682165E-02
     10.6262        0.126440E-01   -0.847631E-02
     10.6270        0.123431E-01   -0.889082E-02
     10.6278        0.120261E-01   -0.929293E-02
     10.6310        0.107028E-01   -0.106834E-01
     10.6351        0.869585E-02   -0.121896E-01
     10.6382        0.697904E-02   -0.130824E-01
     10.6390        0.649958E-02   -0.132790E-01
     10.6399        0.601208E-02   -0.134576E-01
     10.6430        0.412359E-02   -0.139640E-01
     10.6471        0.156594E-02   -0.142323E-01
     10.6502       -0.420745E-03   -0.141336E-01
     10.6511       -0.948797E-03   -0.140623E-01
     10.6519       -0.147483E-02   -0.139720E-01
     10.6551       -0.341843E-02   -0.134684E-01
     10.6592       -0.583861E-02   -0.124396E-01
     10.6623       -0.756252E-02   -0.113853E-01
     10.6631       -0.799786E-02   -0.110677E-01
     10.6640       -0.842176E-02   -0.107353E-01
     10.6671       -0.990176E-02   -0.936593E-02
     10.6712       -0.115409E-01   -0.732741E-02
     10.6744       -0.125456E-01   -0.560874E-02
     10.6752       -0.127732E-01   -0.513210E-02
     10.6761       -0.129831E-01   -0.464883E-02
     10.6792       -0.136104E-01   -0.278858E-02
     10.6833       -0.140408E-01   -0.296244E-03
     10.6865       -0.140670E-01    0.161947E-02
     10.6873       -0.140287E-01    0.212565E-02
     10.6881       -0.139714E-01    0.262860E-02
     10.6913       -0.135893E-01    0.447530E-02
     10.6954       -0.127117E-01    0.674676E-02
     10.6986       -0.117654E-01    0.834167E-02
     10.6994       -0.114752E-01    0.874068E-02
     10.7002       -0.111695E-01    0.912749E-02
     10.7034       -0.989421E-02    0.104624E-01
     10.7075       -0.796224E-02    0.119009E-01
     10.7107       -0.631151E-02    0.127460E-01
     10.7115       -0.585082E-02    0.129306E-01
     10.7124       -0.538255E-02    0.130974E-01
     10.7155       -0.357007E-02    0.135624E-01
     10.7196       -0.111966E-02    0.137835E-01
     10.7228        0.779726E-03    0.136540E-01
     10.7236        0.128390E-02    0.135754E-01
     10.7245        0.178582E-02    0.134782E-01
     10.7276        0.363723E-02    0.129519E-01
     10.7318        0.593431E-02    0.119019E-01
     10.7349        0.756293E-02    0.108381E-01
     10.7358        0.797288E-02    0.105189E-01
     10.7366        0.837143E-02    0.101854E-01
     10.7398        0.975706E-02    0.881590E-02
     10.7439        0.112761E-01    0.678667E-02
     10.7471        0.121923E-01    0.508251E-02
     10.7479        0.123971E-01    0.461083E-02
     10.7488        0.125845E-01    0.413298E-02
     10.7520        0.131303E-01    0.229720E-02
     10.7561        0.134635E-01   -0.153600E-03
     10.7593        0.134233E-01   -0.203031E-02
     10.7601        0.133687E-01   -0.252508E-02
     10.7610        0.132955E-01   -0.301619E-02
     10.7641        0.128597E-01   -0.481485E-02
     10.7683        0.119262E-01   -0.701562E-02
     10.7715        0.109488E-01   -0.855087E-02
     10.7723        0.106520E-01   -0.893325E-02
     10.7731        0.103406E-01   -0.930315E-02
     10.7763        0.905096E-02   -0.105723E-01
     10.7805        0.711751E-02   -0.119209E-01
     10.7837        0.547909E-02   -0.126948E-01
     10.7845        0.502368E-02   -0.128603E-01
     10.7853        0.456152E-02   -0.130079E-01
     10.7885        0.277947E-02   -0.134008E-01
     10.7927        0.385935E-03   -0.135293E-01
     10.7959       -0.145723E-02   -0.133313E-01
     10.7967       -0.194464E-02   -0.132349E-01
     10.7976       -0.242907E-02   -0.131201E-01
     10.8008       -0.420865E-02   -0.125309E-01
     10.8049       -0.639864E-02   -0.114066E-01
     10.8081       -0.793629E-02   -0.102931E-01
     10.8090       -0.832085E-02   -0.996191E-02
     10.8098       -0.869359E-02   -0.961695E-02
     10.8130       -0.997893E-02   -0.820968E-02
     10.8172       -0.113611E-01   -0.614469E-02
     10.8204       -0.121697E-01   -0.442432E-02
     10.8212       -0.123456E-01   -0.395006E-02
     10.8221       -0.125041E-01   -0.347039E-02
     10.8253       -0.129422E-01   -0.163465E-02
     10.8294       -0.131381E-01    0.799626E-03
     10.8326       -0.129974E-01    0.265092E-02
     10.8335       -0.129170E-01    0.313705E-02
     10.8343       -0.128185E-01    0.361872E-02
     10.8375       -0.122922E-01    0.537507E-02
     10.8417       -0.112535E-01    0.750514E-02
     10.8449       -0.102071E-01    0.897513E-02
     10.8458       -0.989393E-02    0.933860E-02
     10.8466       -0.956693E-02    0.968898E-02
     10.8498       -0.822679E-02    0.108799E-01
     10.8540       -0.624744E-02    0.121163E-01
     10.8572       -0.459010E-02    0.127981E-01
     10.8581       -0.413212E-02    0.129383E-01
     10.8589       -0.366847E-02    0.130604E-01
     10.8621       -0.189036E-02    0.133564E-01
     10.8663        0.475606E-03    0.133569E-01
     10.8695        0.228074E-02    0.130621E-01
     10.8704        0.275558E-02    0.129404E-01
     10.8712        0.322642E-02    0.128005E-01
     10.8745        0.494636E-02    0.121200E-01
     10.8787        0.703949E-02    0.108855E-01
     10.8819        0.848982E-02    0.969661E-02
     10.8827        0.884938E-02    0.934686E-02
     10.8836        0.919643E-02    0.898406E-02
     10.8868        0.103800E-01    0.751673E-02
     10.8910        0.116192E-01    0.539103E-02
     10.8942        0.123126E-01    0.363901E-02
     10.8951        0.124573E-01    0.315864E-02
     10.8960        0.125845E-01    0.267387E-02
     10.8992        0.129046E-01    0.828201E-03
     10.9034        0.129483E-01   -0.159707E-02
     10.9066        0.126949E-01   -0.342455E-02
     10.9075        0.125853E-01   -0.390183E-02
     10.9083        0.124581E-01   -0.437363E-02
     10.9116        0.118290E-01   -0.608390E-02
     10.9158        0.106699E-01   -0.813368E-02
     10.9190        0.954404E-02   -0.952794E-02
     10.9199        0.921172E-02   -0.986929E-02
     10.9207        0.886658E-02   -0.101968E-01
     10.9240        0.746725E-02   -0.112956E-01
     10.9282        0.543288E-02   -0.123995E-01
     10.9314        0.375139E-02   -0.129726E-01
     10.9323        0.328973E-02   -0.130830E-01
     10.9332        0.282359E-02   -0.131751E-01
     10.9364        0.104664E-02   -0.133570E-01
     10.9406       -0.129328E-02   -0.132081E-01
     10.9439       -0.306013E-02   -0.128010E-01
     10.9447       -0.352215E-02   -0.126500E-01
     10.9456       -0.397909E-02   -0.124813E-01
     10.9489       -0.563770E-02   -0.116962E-01
     10.9531       -0.763101E-02   -0.103373E-01
     10.9563       -0.899155E-02   -0.906448E-02
     10.9572       -0.932546E-02   -0.869433E-02
     10.9581       -0.964621E-02   -0.831202E-02
     10.9613       -0.107260E-01   -0.677989E-02
     10.9656       -0.118205E-01   -0.459100E-02
     10.9688       -0.123989E-01   -0.280818E-02
     10.9697       -0.125126E-01   -0.232232E-02
     10.9706       -0.126088E-01   -0.183326E-02
     10.9738       -0.128131E-01    0.180271E-04
     10.9781       -0.127102E-01    0.242583E-02
     10.9813       -0.123505E-01    0.422120E-02
     10.9822       -0.122139E-01    0.468722E-02
     10.9831       -0.120603E-01    0.514664E-02
     10.9863       -0.113380E-01    0.680088E-02
     10.9906       -0.100742E-01    0.875667E-02
     10.9939       -0.888291E-02    0.100647E-01
     10.9947       -0.853559E-02    0.103812E-01
     10.9956       -0.817653E-02    0.106831E-01
     10.9989       -0.673485E-02    0.116803E-01
     11.0031       -0.466940E-02    0.126408E-01
     11.0064       -0.298322E-02    0.130988E-01
     11.0073       -0.252317E-02    0.131781E-01
     11.0082       -0.205986E-02    0.132390E-01
     11.0114       -0.304192E-03    0.133036E-01
     11.0157        0.198379E-02    0.130048E-01
     11.0190        0.369342E-02    0.124881E-01
     11.0199        0.413776E-02    0.123090E-01
     11.0207        0.457606E-02    0.121127E-01
     11.0240        0.615667E-02    0.112300E-01
     11.0283        0.803166E-02    0.975948E-02
     11.0316        0.929133E-02    0.841541E-02
     11.0325        0.959716E-02    0.802861E-02
     11.0333        0.988940E-02    0.763070E-02
     11.0366        0.108594E-01    0.604967E-02
     11.0409        0.118071E-01    0.382064E-02
     11.0442        0.122733E-01    0.202586E-02
     11.0451        0.123575E-01    0.153965E-02
     11.0460        0.124245E-01    0.105143E-02
     11.0493        0.125225E-01   -0.786138E-03
     11.0536        0.122916E-01   -0.315204E-02
     11.0569        0.118447E-01   -0.489792E-02
     11.0577        0.116868E-01   -0.534834E-02
     11.0586        0.115127E-01   -0.579117E-02
     11.0619        0.107222E-01   -0.737510E-02
     11.0662        0.939080E-02   -0.922244E-02
     11.0695        0.816572E-02   -0.104369E-01
     11.0704        0.781219E-02   -0.107272E-01
     11.0713        0.744813E-02   -0.110026E-01
     11.0746        0.599858E-02   -0.118969E-01
     11.0789        0.394835E-02   -0.127191E-01
     11.0822        0.229302E-02   -0.130708E-01
     11.0831        0.184396E-02   -0.131221E-01
     11.0840        0.139279E-02   -0.131552E-01
     11.0873       -0.307644E-03   -0.131186E-01
     11.0916       -0.250258E-02   -0.126972E-01
     11.0950       -0.412688E-02   -0.120965E-01
     11.0959       -0.454668E-02   -0.118968E-01
     11.0967       -0.495973E-02   -0.116806E-01
     11.1001       -0.644035E-02   -0.107313E-01
     11.1044       -0.817554E-02   -0.919350E-02
     11.1077       -0.932400E-02   -0.781430E-02
     11.1086       -0.959996E-02   -0.742068E-02
     11.1095       -0.986235E-02   -0.701706E-02
     11.1128       -0.107213E-01   -0.542442E-02
     11.1172       -0.115297E-01   -0.320314E-02
     11.1205       -0.118966E-01   -0.143135E-02
     11.1214       -0.119558E-01   -0.953709E-03
     11.1223       -0.119985E-01   -0.475055E-03
     11.1256       -0.120123E-01    0.131821E-02
     11.1300       -0.116903E-01    0.360845E-02
     11.1333       -0.111901E-01    0.528473E-02
     11.1342       -0.110206E-01    0.571515E-02
     11.1351       -0.108361E-01    0.613743E-02
     11.1384       -0.100172E-01    0.764034E-02
     11.1428       -0.867443E-02    0.937556E-02
     11.1461       -0.746038E-02    0.105021E-01
     11.1470       -0.711271E-02    0.107691E-01
     11.1479       -0.675574E-02    0.110212E-01
     11.1513       -0.534332E-02    0.118301E-01
     11.1557       -0.336475E-02    0.125483E-01
     11.1590       -0.178037E-02    0.128287E-01
     11.1599       -0.135236E-02    0.128625E-01
     11.1608       -0.923068E-03    0.128788E-01
     11.1642        0.688706E-03    0.127863E-01
     11.1685        0.275566E-02    0.123101E-01
     11.1719        0.427563E-02    0.116827E-01
     11.1728        0.466707E-02    0.114781E-01
     11.1737        0.505167E-02    0.112583E-01
     11.1771        0.642547E-02    0.103044E-01
     11.1815        0.802484E-02    0.878233E-02
     11.1848        0.907544E-02    0.743110E-02
     11.1857        0.932663E-02    0.704721E-02
     11.1866        0.956492E-02    0.665425E-02
     11.1900        0.103402E-01    0.510931E-02
     11.1944        0.110582E-01    0.296606E-02
     11.1978        0.113725E-01    0.126377E-02
     11.1987        0.114205E-01    0.805787E-03
     11.1996        0.114532E-01    0.347183E-03
     11.2030        0.114406E-01   -0.136835E-02
     11.2074        0.111113E-01   -0.355480E-02
     11.2108        0.106268E-01   -0.515320E-02
     11.2117        0.104646E-01   -0.556351E-02
     11.2126        0.102888E-01   -0.596608E-02
     11.2160        0.951382E-02   -0.739953E-02
     11.2204        0.825334E-02   -0.905812E-02
     11.2238        0.711950E-02   -0.101399E-01
     11.2247        0.679547E-02   -0.103973E-01
     11.2256        0.646303E-02   -0.106410E-01
     11.2290        0.514938E-02   -0.114291E-01
     11.2334        0.331159E-02   -0.121468E-01
     11.2368        0.184019E-02   -0.124487E-01
     11.2377        0.144256E-02   -0.124917E-01
     11.2386        0.104362E-02   -0.125187E-01
     11.2421       -0.455810E-03   -0.124792E-01
     11.2465       -0.238484E-02   -0.121020E-01
     11.2499       -0.381053E-02   -0.115720E-01
     11.2508       -0.417908E-02   -0.113965E-01
     11.2517       -0.454186E-02   -0.112069E-01
     11.2551       -0.584474E-02   -0.103765E-01
     11.2596       -0.738147E-02   -0.903526E-02
     11.2630       -0.841085E-02   -0.783359E-02
     11.2639       -0.866076E-02   -0.749069E-02
     11.2648       -0.889971E-02   -0.713905E-02
     11.2683       -0.969529E-02   -0.575076E-02
     11.2727       -0.104835E-01   -0.380911E-02
     11.2762       -0.108869E-01   -0.225292E-02
     11.2771       -0.109639E-01   -0.183192E-02
     11.2780       -0.110278E-01   -0.140930E-02
     11.2814       -0.111515E-01    0.181787E-03
     11.2859       -0.110437E-01    0.223822E-02
     11.2893       -0.107615E-01    0.376874E-02
     11.2903       -0.106579E-01    0.416641E-02
     11.2912       -0.105423E-01    0.455882E-02
     11.2946       -0.100044E-01    0.597751E-02
     11.2991       -0.907910E-02    0.767798E-02
     11.3026       -0.822165E-02    0.884419E-02
     11.3035       -0.797407E-02    0.913240E-02
     11.3044       -0.771792E-02    0.941063E-02
     11.3078       -0.668060E-02    0.103633E-01
     11.3123       -0.519457E-02    0.113766E-01
     11.3158       -0.400093E-02    0.119650E-01
     11.3167       -0.368020E-02    0.120928E-01
     11.3176       -0.335315E-02    0.122111E-01
     11.3211       -0.205330E-02    0.125772E-01
     11.3256       -0.378655E-03    0.127766E-01
     11.3291        0.698296E-03    0.126238E-01
     11.3300        0.933351E-03    0.125278E-01
     11.3300        0.934956E-03    0.125180E-01
     11.3303        0.947776E-03    0.125696E-01
     11.3314        0.964681E-03    0.126206E-01
     11.3328        0.945098E-03    0.124974E-01
     11.3340        0.930160E-03    0.124042E-01
     11.3343        0.929834E-03    0.123963E-01
     11.3345        0.930299E-03    0.123920E-01
     11.3357        0.926831E-03    0.123518E-01
     11.3371        0.915379E-03    0.122675E-01
     11.3382        0.906661E-03    0.122033E-01
     11.3385        0.904958E-03    0.121892E-01
     11.3388        0.903392E-03    0.121757E-01
     11.3399        0.896670E-03    0.121210E-01
     11.3413        0.886820E-03    0.120447E-01
     11.3425        0.879346E-03    0.119866E-01
     11.3428        0.877469E-03    0.119716E-01
     11.3430        0.875619E-03    0.119568E-01
     11.3442        0.868574E-03    0.119007E-01
     11.3456        0.859302E-03    0.118270E-01
     11.3467        0.852286E-03    0.117709E-01
     11.3470        0.850447E-03    0.117560E-01
     11.3473        0.848618E-03    0.117412E-01
     11.3484        0.841784E-03    0.116858E-01
     11.3498        0.832963E-03    0.116138E-01
     11.3510        0.826303E-03    0.115589E-01
     11.3513        0.824547E-03    0.115443E-01
     11.3515        0.822797E-03    0.115298E-01
     11.3527        0.816286E-03    0.114753E-01
     11.3541        0.807922E-03    0.114047E-01
     11.3552        0.801619E-03    0.113508E-01
     11.3555        0.799956E-03    0.113365E-01
     11.3558        0.798300E-03    0.113222E-01
     11.3569        0.792142E-03    0.112688E-01
     11.3583        0.784249E-03    0.111994E-01
     11.3595        0.778308E-03    0.111465E-01
     11.3598        0.776741E-03    0.111324E-01
     11.3600        0.775181E-03    0.111184E-01
     11.3612        0.769386E-03    0.110659E-01
     11.3626        0.761965E-03    0.109977E-01
     11.3637        0.756386E-03    0.109457E-01
     11.3640        0.754915E-03    0.109319E-01
     11.3643        0.753451E-03    0.109181E-01
     11.3654        0.748014E-03    0.108664E-01
     11.3668        0.741058E-03    0.107993E-01
     11.3680        0.735832E-03    0.107482E-01
     11.3683        0.734454E-03    0.107346E-01
     11.3685        0.733083E-03    0.107210E-01
     11.3697        0.727995E-03    0.106701E-01
     11.3711        0.721488E-03    0.106041E-01
     11.3722        0.716601E-03    0.105537E-01
     11.3725        0.715313E-03    0.105403E-01
     11.3728        0.714031E-03    0.105270E-01
     11.3739        0.709275E-03    0.104769E-01
     11.3753        0.703195E-03    0.104118E-01
     11.3765        0.698629E-03    0.103622E-01
     11.3768        0.697426E-03    0.103490E-01
     11.3770        0.696229E-03    0.103358E-01
     11.3782        0.691786E-03    0.102865E-01
     11.3796        0.686106E-03    0.102224E-01
     11.3807        0.681841E-03    0.101734E-01
     11.3810        0.680718E-03    0.101604E-01
     11.3813        0.679599E-03    0.101474E-01
     11.3824        0.675448E-03    0.100988E-01
     11.3838        0.670141E-03    0.100355E-01
     11.3850        0.666155E-03    0.998728E-02
     11.3853        0.665104E-03    0.997445E-02
     11.3855        0.664059E-03    0.996163E-02
     11.3867        0.660177E-03    0.991362E-02
     11.3881        0.655213E-03    0.985123E-02
     11.3892        0.651482E-03    0.980360E-02
     11.3895        0.650499E-03    0.979093E-02
     11.3898        0.649520E-03    0.977828E-02
     11.3909        0.645885E-03    0.973089E-02
     11.3923        0.641233E-03    0.966930E-02
     11.3935        0.637735E-03    0.962227E-02
     11.3938        0.636813E-03    0.960976E-02
     11.3940        0.635894E-03    0.959727E-02
     11.3952        0.632483E-03    0.955047E-02
     11.3966        0.628114E-03    0.948964E-02
     11.3977        0.624826E-03    0.944319E-02
     11.3980        0.623959E-03    0.943084E-02
     11.3983        0.623095E-03    0.941850E-02
     11.3994        0.619885E-03    0.937227E-02
     11.4008        0.615770E-03    0.931217E-02
     11.4020        0.612670E-03    0.926627E-02
     11.4023        0.611852E-03    0.925406E-02
     11.4025        0.611037E-03    0.924187E-02
     11.4037        0.608007E-03    0.919618E-02
     11.4051        0.604118E-03    0.913679E-02
     11.4062        0.601186E-03    0.909142E-02
     11.4065        0.600411E-03    0.907935E-02
     11.4068        0.599639E-03    0.906730E-02
     11.4079        0.596768E-03    0.902214E-02
     11.4093        0.593080E-03    0.896341E-02
     11.4105        0.590295E-03    0.891856E-02
     11.4108        0.589559E-03    0.890663E-02
     11.4110        0.588825E-03    0.889471E-02
     11.4122        0.586094E-03    0.885005E-02
     11.4136        0.582581E-03    0.879198E-02
     11.4147        0.579925E-03    0.874762E-02
     11.4150        0.579223E-03    0.873582E-02
     11.4153        0.578523E-03    0.872403E-02
     11.4164        0.575914E-03    0.867986E-02
     11.4178        0.572553E-03    0.862242E-02
     11.4190        0.570010E-03    0.857853E-02
     11.4193        0.569337E-03    0.856686E-02
     11.4195        0.568665E-03    0.855520E-02
     11.4207        0.566162E-03    0.851150E-02
     11.4221        0.562934E-03    0.845467E-02
     11.4232        0.560487E-03    0.841125E-02
     11.4235        0.559838E-03    0.839970E-02
     11.4238        0.559192E-03    0.838816E-02
     11.4249        0.556779E-03    0.834492E-02
     11.4263        0.553663E-03    0.828868E-02
     11.4275        0.551299E-03    0.824571E-02
     11.4278        0.550672E-03    0.823428E-02
     11.4280        0.550046E-03    0.822285E-02
     11.4292        0.547711E-03    0.818006E-02
     11.4306        0.544690E-03    0.812440E-02
     11.4317        0.542394E-03    0.808186E-02
     11.4320        0.541785E-03    0.807055E-02
     11.4323        0.541178E-03    0.805924E-02
     11.4334        0.538906E-03    0.801688E-02
     11.4348        0.535965E-03    0.796178E-02
     11.4360        0.533727E-03    0.791967E-02
     11.4363        0.533133E-03    0.790847E-02
     11.4365        0.532540E-03    0.789727E-02
     11.4377        0.530322E-03    0.785533E-02
     11.4391        0.527446E-03    0.780078E-02
     11.4402        0.525255E-03    0.775909E-02
     11.4405        0.524673E-03    0.774799E-02
     11.4408        0.524092E-03    0.773691E-02
     11.4419        0.521918E-03    0.769538E-02
     11.4433        0.519095E-03    0.764136E-02
     11.4445        0.516942E-03    0.760007E-02
     11.4448        0.516369E-03    0.758909E-02
     11.4450        0.515798E-03    0.757812E-02
     11.4462        0.513658E-03    0.753699E-02
     11.4476        0.510877E-03    0.748349E-02
     11.4487        0.508753E-03    0.744260E-02
     11.4490        0.508188E-03    0.743172E-02
     11.4493        0.507624E-03    0.742085E-02
     11.4504        0.505511E-03    0.738012E-02
     11.4518        0.502762E-03    0.732713E-02
     11.4530        0.500661E-03    0.728663E-02
     11.4533        0.500102E-03    0.727585E-02
     11.4535        0.499543E-03    0.726508E-02
     11.4547        0.497449E-03    0.722474E-02
     11.4561        0.494723E-03    0.717224E-02
     11.4572        0.492639E-03    0.713212E-02
     11.4575        0.492084E-03    0.712145E-02
     11.4578        0.491529E-03    0.711078E-02
     11.4589        0.489449E-03    0.707081E-02
     11.4603        0.486739E-03    0.701881E-02
     11.4615        0.484665E-03    0.697906E-02
     11.4618        0.484113E-03    0.696849E-02
     11.4620        0.483561E-03    0.695792E-02
     11.4632        0.481489E-03    0.691832E-02
     11.4646        0.478789E-03    0.686680E-02
     11.4657        0.476721E-03    0.682741E-02
     11.4660        0.476170E-03    0.681694E-02
     11.4663        0.475619E-03    0.680647E-02
     11.4674        0.473552E-03    0.676723E-02
     11.4688        0.470856E-03    0.671617E-02
     11.4700        0.468790E-03    0.667715E-02
     11.4703        0.468239E-03    0.666677E-02
     11.4705        0.467688E-03    0.665639E-02
     11.4717        0.465622E-03    0.661751E-02
     11.4731        0.462925E-03    0.656692E-02
     11.4742        0.460857E-03    0.652825E-02
     11.4745        0.460306E-03    0.651796E-02
     11.4748        0.459755E-03    0.650768E-02
     11.4759        0.457686E-03    0.646915E-02
     11.4773        0.454985E-03    0.641901E-02
     11.4785        0.452913E-03    0.638068E-02
     11.4788        0.452360E-03    0.637048E-02
     11.4790        0.451808E-03    0.636029E-02
     11.4802        0.449733E-03    0.632210E-02
     11.4816        0.447024E-03    0.627241E-02
     11.4827        0.444946E-03    0.623442E-02
     11.4830        0.444392E-03    0.622432E-02
     11.4833        0.443837E-03    0.621422E-02
     11.4844        0.441755E-03    0.617636E-02
     11.4858        0.439036E-03    0.612711E-02
     11.4870        0.436949E-03    0.608945E-02
     11.4873        0.436392E-03    0.607944E-02
     11.4875        0.435836E-03    0.606942E-02
     11.4887        0.433745E-03    0.603190E-02
     11.4901        0.431013E-03    0.598307E-02
     11.4912        0.428915E-03    0.594575E-02
     11.4915        0.428356E-03    0.593582E-02
     11.4918        0.427797E-03    0.592589E-02
     11.4929        0.425695E-03    0.588869E-02
     11.4943        0.422949E-03    0.584029E-02
     11.4955        0.420841E-03    0.580328E-02
     11.4958        0.420279E-03    0.579344E-02
     11.4960        0.419716E-03    0.578360E-02
     11.4972        0.417603E-03    0.574672E-02
     11.4986        0.414842E-03    0.569873E-02
     11.4997        0.412721E-03    0.566204E-02
     11.5000        0.412156E-03    0.565228E-02
     11.5000        0.412156E-03    0.565228E-02
     11.5003        0.411490E-03    0.564080E-02
     11.5017        0.408989E-03    0.559779E-02
     11.5033        0.405719E-03    0.554185E-02
     11.5047        0.403208E-03    0.549910E-02
     11.5050        0.402538E-03    0.548773E-02
     11.5053        0.401868E-03    0.547637E-02
     11.5067        0.399349E-03    0.543379E-02
     11.5083        0.396056E-03    0.537840E-02
     11.5097        0.393527E-03    0.533607E-02
     11.5100        0.392852E-03    0.532481E-02
     11.5103        0.392177E-03    0.531355E-02
     11.5117        0.389640E-03    0.527139E-02
     11.5133        0.386323E-03    0.521654E-02
     11.5147        0.383775E-03    0.517462E-02
     11.5150        0.383095E-03    0.516347E-02
     11.5153        0.382415E-03    0.515232E-02
     11.5167        0.379860E-03    0.511057E-02
     11.5183        0.376520E-03    0.505624E-02
     11.5197        0.373954E-03    0.501472E-02
     11.5200        0.373269E-03    0.500368E-02
     11.5203        0.372585E-03    0.499264E-02
     11.5217        0.370011E-03    0.495128E-02
     11.5233        0.366647E-03    0.489747E-02
     11.5247        0.364064E-03    0.485635E-02
     11.5250        0.363374E-03    0.484541E-02
     11.5253        0.362685E-03    0.483447E-02
     11.5267        0.360094E-03    0.479350E-02
     11.5283        0.356707E-03    0.474020E-02
     11.5297        0.354106E-03    0.469945E-02
     11.5300        0.353412E-03    0.468862E-02
     11.5303        0.352718E-03    0.467778E-02
     11.5317        0.350111E-03    0.463719E-02
     11.5333        0.346702E-03    0.458438E-02
     11.5347        0.344084E-03    0.454401E-02
     11.5350        0.343386E-03    0.453327E-02
     11.5353        0.342688E-03    0.452254E-02
     11.5367        0.340064E-03    0.448232E-02
     11.5383        0.336634E-03    0.442999E-02
     11.5397        0.334001E-03    0.438999E-02
     11.5400        0.333298E-03    0.437934E-02
     11.5403        0.332596E-03    0.436871E-02
     11.5417        0.329956E-03    0.432885E-02
     11.5433        0.326507E-03    0.427699E-02
     11.5447        0.323859E-03    0.423734E-02
     11.5450        0.323153E-03    0.422679E-02
     11.5453        0.322446E-03    0.421625E-02
     11.5467        0.319792E-03    0.417675E-02
     11.5483        0.316324E-03    0.412534E-02
     11.5497        0.313662E-03    0.408605E-02
     11.5500        0.312952E-03    0.407559E-02
     11.5503        0.312242E-03    0.406514E-02
     11.5517        0.309575E-03    0.402598E-02
     11.5533        0.306090E-03    0.397502E-02
     11.5547        0.303415E-03    0.393607E-02
     11.5550        0.302702E-03    0.392570E-02
     11.5553        0.301988E-03    0.391534E-02
     11.5567        0.299309E-03    0.387652E-02
     11.5583        0.295808E-03    0.382599E-02
     11.5597        0.293121E-03    0.378737E-02
     11.5600        0.292405E-03    0.377709E-02
     11.5603        0.291688E-03    0.376682E-02
     11.5617        0.288997E-03    0.372832E-02
     11.5633        0.285482E-03    0.367822E-02
     11.5647        0.282785E-03    0.363992E-02
     11.5650        0.282066E-03    0.362972E-02
     11.5653        0.281346E-03    0.361954E-02
     11.5667        0.278645E-03    0.358136E-02
     11.5683        0.275117E-03    0.353167E-02
     11.5697        0.272410E-03    0.349368E-02
     11.5700        0.271688E-03    0.348357E-02
     11.5703        0.270966E-03    0.347347E-02
     11.5717        0.268256E-03    0.343560E-02
     11.5733        0.264716E-03    0.338631E-02
     11.5747        0.262001E-03    0.334862E-02
     11.5750        0.261277E-03    0.333859E-02
     11.5753        0.260553E-03    0.332857E-02
     11.5767        0.257834E-03    0.329100E-02
     11.5783        0.254284E-03    0.324210E-02
     11.5797        0.251561E-03    0.320471E-02
     11.5800        0.250835E-03    0.319476E-02
     11.5803        0.250109E-03    0.318481E-02
     11.5817        0.247383E-03    0.314754E-02
     11.5833        0.243825E-03    0.309902E-02
     11.5847        0.241095E-03    0.306191E-02
     11.5850        0.240368E-03    0.305204E-02
     11.5853        0.239640E-03    0.304217E-02
     11.5867        0.236908E-03    0.300518E-02
     11.5883        0.233342E-03    0.295702E-02
     11.5897        0.230607E-03    0.292019E-02
     11.5900        0.229878E-03    0.291039E-02
     11.5903        0.229149E-03    0.290060E-02
     11.5917        0.226412E-03    0.286388E-02
     11.5933        0.222840E-03    0.281608E-02
     11.5947        0.220100E-03    0.277952E-02
     11.5950        0.219370E-03    0.276979E-02
     11.5953        0.218640E-03    0.276007E-02
     11.5967        0.215899E-03    0.272362E-02
     11.5983        0.212321E-03    0.267616E-02
     11.5997        0.209578E-03    0.263986E-02
     11.6000        0.208847E-03    0.263020E-02
     11.6003        0.208116E-03    0.262055E-02
     11.6017        0.205372E-03    0.258435E-02
     11.6033        0.201791E-03    0.253722E-02
     11.6047        0.199046E-03    0.250118E-02
     11.6050        0.198314E-03    0.249159E-02
     11.6053        0.197582E-03    0.248200E-02
     11.6067        0.194836E-03    0.244605E-02
     11.6083        0.191252E-03    0.239925E-02
     11.6097        0.188505E-03    0.236344E-02
     11.6100        0.187773E-03    0.235392E-02
     11.6103        0.187041E-03    0.234439E-02
     11.6117        0.184293E-03    0.230868E-02
     11.6133        0.180708E-03    0.226219E-02
     11.6147        0.177960E-03    0.222662E-02
     11.6150        0.177228E-03    0.221716E-02
     11.6153        0.176495E-03    0.220769E-02
     11.6167        0.173747E-03    0.217222E-02
     11.6183        0.170162E-03    0.212602E-02
     11.6197        0.167414E-03    0.209068E-02
     11.6200        0.166681E-03    0.208127E-02
     11.6203        0.165949E-03    0.207187E-02
     11.6217        0.163201E-03    0.203662E-02
     11.6233        0.159617E-03    0.199071E-02
     11.6247        0.156869E-03    0.195558E-02
     11.6250        0.156137E-03    0.194624E-02
     11.6253        0.155405E-03    0.193689E-02
     11.6267        0.152659E-03    0.190185E-02
     11.6283        0.149075E-03    0.185622E-02
     11.6297        0.146330E-03    0.182130E-02
     11.6300        0.145598E-03    0.181201E-02
     11.6303        0.144867E-03    0.180272E-02
     11.6317        0.142122E-03    0.176789E-02
     11.6333        0.138541E-03    0.172252E-02
     11.6347        0.135798E-03    0.168780E-02
     11.6350        0.135067E-03    0.167856E-02
     11.6353        0.134336E-03    0.166932E-02
     11.6367        0.131594E-03    0.163469E-02
     11.6383        0.128017E-03    0.158957E-02
     11.6397        0.125277E-03    0.155505E-02
     11.6400        0.124547E-03    0.154586E-02
     11.6403        0.123817E-03    0.153667E-02
     11.6417        0.121077E-03    0.150223E-02
     11.6433        0.117505E-03    0.145735E-02
     11.6447        0.114768E-03    0.142301E-02
     11.6450        0.114039E-03    0.141387E-02
     11.6453        0.113310E-03    0.140473E-02
     11.6467        0.110575E-03    0.137047E-02
     11.6483        0.107008E-03    0.132583E-02
     11.6497        0.104276E-03    0.129166E-02
     11.6500        0.103548E-03    0.128257E-02
     11.6503        0.102820E-03    0.127347E-02
     11.6517        0.100090E-03    0.123938E-02
     11.6533        0.965292E-04    0.119496E-02
     11.6547        0.938017E-04    0.116096E-02
     11.6550        0.930752E-04    0.115191E-02
     11.6553        0.923488E-04    0.114286E-02
     11.6567        0.896235E-04    0.110893E-02
     11.6583        0.860699E-04    0.106472E-02
     11.6597        0.833480E-04    0.103088E-02
     11.6600        0.826230E-04    0.102187E-02
     11.6603        0.818981E-04    0.101287E-02
     11.6617        0.791785E-04    0.979088E-03
     11.6633        0.756327E-04    0.935077E-03
     11.6647        0.729169E-04    0.901389E-03
     11.6650        0.721936E-04    0.892419E-03
     11.6653        0.714704E-04    0.883452E-03
     11.6667        0.687572E-04    0.849821E-03
     11.6683        0.652199E-04    0.805998E-03
     11.6697        0.625109E-04    0.772452E-03
     11.6700        0.617893E-04    0.763520E-03
     11.6703        0.610679E-04    0.754590E-03
     11.6717        0.583617E-04    0.721098E-03
     11.6733        0.548336E-04    0.677453E-03
     11.6747        0.521318E-04    0.644040E-03
     11.6750        0.514122E-04    0.635143E-03
     11.6753        0.506928E-04    0.626248E-03
     11.6767        0.479940E-04    0.592886E-03
     11.6783        0.444758E-04    0.549408E-03
     11.6797        0.417818E-04    0.516121E-03
     11.6800        0.410643E-04    0.507257E-03
     11.6803        0.403469E-04    0.498395E-03
     11.6817        0.376560E-04    0.465156E-03
     11.6833        0.341485E-04    0.421833E-03
     11.6847        0.314626E-04    0.388664E-03
     11.6850        0.307473E-04    0.379830E-03
     11.6853        0.300322E-04    0.370999E-03
     11.6867        0.273497E-04    0.337874E-03
     11.6883        0.238533E-04    0.294698E-03
     11.6897        0.211761E-04    0.261637E-03
     11.6900        0.204632E-04    0.252833E-03
     11.6903        0.197504E-04    0.244030E-03
     11.6917        0.170768E-04    0.211011E-03
     11.6933        0.135921E-04    0.167970E-03
     11.6947        0.109240E-04    0.135011E-03
     11.6950        0.102135E-04    0.126233E-03
     11.6953        0.950321E-05    0.117457E-03
     11.6967        0.683891E-05    0.845357E-04
     11.6983        0.336648E-05    0.416193E-04
     11.6997        0.707947E-06    0.875335E-05
     11.7000        0.533827E-15   -0.443393E-14
