 Radial magnetic field
     8.70000        0.100891E-03   -0.926080E-04
     8.70139        0.104668E-03   -0.972219E-04
     8.70660        0.126590E-03   -0.115114E-03
     8.71339        0.155530E-03   -0.137023E-03
     8.71859        0.160220E-03   -0.149960E-03
     8.71998        0.156891E-03   -0.152529E-03
     8.72101        0.153458E-03   -0.154110E-03
     8.72485        0.138992E-03   -0.157427E-03
     8.72987        0.116925E-03   -0.156267E-03
     8.73372        0.975683E-04   -0.151589E-03
     8.73474        0.920178E-04   -0.149816E-03
     8.73576        0.863477E-04   -0.147809E-03
     8.73961        0.647156E-04   -0.138159E-03
     8.74462        0.366090E-04   -0.121158E-03
     8.74845        0.160138E-04   -0.105307E-03
     8.74948        0.107559E-04   -0.100730E-03
     8.75050        0.562490E-05   -0.960153E-04
     8.75434       -0.122681E-04   -0.772444E-04
     8.75934       -0.317893E-04   -0.509380E-04
     8.76317       -0.432534E-04   -0.301099E-04
     8.76419       -0.457323E-04   -0.245448E-04
     8.76521       -0.479503E-04   -0.189954E-04
     8.76904       -0.538829E-04    0.148991E-05
     8.77404       -0.558717E-04    0.266524E-04
     8.77787       -0.529147E-04    0.439978E-04
     8.77889       -0.514622E-04    0.482513E-04
     8.77991       -0.497272E-04    0.523261E-04
     8.78373       -0.407754E-04    0.658573E-04
     8.78872       -0.237397E-04    0.787956E-04
     8.79254       -0.700685E-05    0.845715E-04
     8.79356       -0.205874E-05    0.854443E-04
     8.79458        0.308152E-05    0.860198E-04
     8.79840        0.238865E-04    0.854590E-04
     8.80338        0.538263E-04    0.781393E-04
     8.80719        0.781298E-04    0.673520E-04
     8.80821        0.847146E-04    0.637049E-04
     8.80923        0.913193E-04    0.597286E-04
     8.81304        0.116025E-03    0.419301E-04
     8.81801        0.147151E-03    0.122294E-04
     8.82182        0.169255E-03   -0.151593E-04
     8.82284        0.174786E-03   -0.230956E-04
     8.82385        0.180136E-03   -0.312894E-04
     8.82766        0.198378E-03   -0.641531E-04
     8.83263        0.217074E-03   -0.111284E-03
     8.83643        0.226764E-03   -0.149918E-03
     8.83744        0.228584E-03   -0.160495E-03
     8.83846        0.230060E-03   -0.171167E-03
     8.84226        0.232406E-03   -0.211799E-03
     8.84722        0.227581E-03   -0.265208E-03
     8.85102        0.217536E-03   -0.305475E-03
     8.85203        0.213895E-03   -0.315995E-03
     8.85304        0.209839E-03   -0.326398E-03
     8.85684        0.190945E-03   -0.364109E-03
     8.86179        0.157834E-03   -0.409210E-03
     8.86558        0.126224E-03   -0.439701E-03
     8.86659        0.116918E-03   -0.447122E-03
     8.86760        0.107248E-03   -0.454218E-03
     8.87139        0.679057E-04   -0.477747E-03
     8.87634        0.101250E-04   -0.500444E-03
     8.88013       -0.383213E-04   -0.511077E-03
     8.88113       -0.517501E-04   -0.512848E-03
     8.88214       -0.653722E-04   -0.514153E-03
     8.88593       -0.117917E-03   -0.514823E-03
     8.89087       -0.188697E-03   -0.505530E-03
     8.89465       -0.243519E-03   -0.490486E-03
     8.89565       -0.258081E-03   -0.485303E-03
     8.89666       -0.272588E-03   -0.479623E-03
     8.90044       -0.326201E-03   -0.453959E-03
     8.90537       -0.392967E-03   -0.410608E-03
     8.90915       -0.440508E-03   -0.370262E-03
     8.91015       -0.452508E-03   -0.358520E-03
     8.91116       -0.464190E-03   -0.346375E-03
     8.91493       -0.504913E-03   -0.297446E-03
     8.91986       -0.549704E-03   -0.226609E-03
     8.92363       -0.576718E-03   -0.167892E-03
     8.92463       -0.582741E-03   -0.151705E-03
     8.92563       -0.588240E-03   -0.135321E-03
     8.92940       -0.604070E-03   -0.724076E-04
     8.93432       -0.612919E-03    0.118181E-04
     8.93808       -0.610274E-03    0.767891E-04
     8.93909       -0.608145E-03    0.940226E-04
     8.94009       -0.605407E-03    0.111184E-03
     8.94385       -0.589736E-03    0.174602E-03
     8.94876       -0.556789E-03    0.253760E-03
     8.95252       -0.522255E-03    0.310466E-03
     8.95352       -0.511728E-03    0.324857E-03
     8.95452       -0.500655E-03    0.338908E-03
     8.95828       -0.454457E-03    0.388329E-03
     8.96318       -0.384121E-03    0.444031E-03
     8.96693       -0.323449E-03    0.479093E-03
     8.96793       -0.306400E-03    0.487216E-03
     8.96893       -0.289010E-03    0.494797E-03
     8.97268       -0.221084E-03    0.518298E-03
     8.97758       -0.127540E-03    0.536842E-03
     8.98133       -0.534566E-04    0.541414E-03
     8.98232       -0.335244E-04    0.541181E-03
     8.98332       -0.135558E-04    0.540327E-03
     8.98707        0.612907E-04    0.531642E-03
     8.99195        0.157206E-03    0.507611E-03
     8.99570        0.227901E-03    0.479765E-03
     8.99669        0.246156E-03    0.471000E-03
     8.99769        0.264120E-03    0.461680E-03
     9.00143        0.328570E-03    0.421983E-03
     9.00631        0.404383E-03    0.359910E-03
     9.01005        0.454930E-03    0.305372E-03
     9.01104        0.467154E-03    0.289924E-03
     9.01204        0.478816E-03    0.274122E-03
     9.01577        0.517369E-03    0.212002E-03
     9.02065        0.554651E-03    0.125612E-03
     9.02438        0.572626E-03    0.566233E-04
     9.02537        0.575793E-03    0.379842E-04
     9.02637        0.578259E-03    0.192794E-04
     9.03010        0.581269E-03   -0.511083E-04
     9.03496        0.570521E-03   -0.141958E-03
     9.03869        0.551186E-03   -0.209423E-03
     9.03968        0.544426E-03   -0.226922E-03
     9.04067        0.536997E-03   -0.244175E-03
     9.04440        0.503370E-03   -0.306393E-03
     9.04925        0.446783E-03   -0.380370E-03
     9.05297        0.394579E-03   -0.430386E-03
     9.05397        0.379480E-03   -0.442602E-03
     9.05496        0.363912E-03   -0.454314E-03
     9.05868        0.301691E-03   -0.493576E-03
     9.06353        0.212995E-03   -0.533010E-03
     9.06724        0.140720E-03   -0.553563E-03
     9.06823        0.121001E-03   -0.557551E-03
     9.06922        0.101134E-03   -0.560896E-03
     9.07293        0.257349E-04   -0.567686E-03
     9.07778       -0.729493E-04   -0.562934E-03
     9.08149       -0.147163E-03   -0.548921E-03
     9.08248       -0.166541E-03   -0.543676E-03
     9.08346       -0.185699E-03   -0.537799E-03
     9.08717       -0.255217E-03   -0.510294E-03
     9.09201       -0.338806E-03   -0.462237E-03
     9.09571       -0.395993E-03   -0.416833E-03
     9.09670       -0.410061E-03   -0.403566E-03
     9.09769       -0.423592E-03   -0.389833E-03
     9.10139       -0.469321E-03   -0.334478E-03
     9.10622       -0.516144E-03   -0.254491E-03
     9.10992       -0.541363E-03   -0.188512E-03
     9.11090       -0.546427E-03   -0.170392E-03
     9.11189       -0.550770E-03   -0.152087E-03
     9.11559       -0.560601E-03   -0.821499E-04
     9.12041       -0.558072E-03    0.105251E-04
     9.12410       -0.544367E-03    0.811622E-04
     9.12509       -0.538993E-03    0.997570E-04
     9.12607       -0.532896E-03    0.118209E-03
     9.12976       -0.503784E-03    0.185800E-03
     9.13458       -0.451862E-03    0.268686E-03
     9.13827       -0.402234E-03    0.326818E-03
     9.13925       -0.387668E-03    0.341365E-03
     9.14023       -0.372566E-03    0.355476E-03
     9.14392       -0.311512E-03    0.404266E-03
     9.14873       -0.222982E-03    0.457174E-03
     9.15241       -0.149820E-03    0.488638E-03
     9.15339       -0.129719E-03    0.495595E-03
     9.15437       -0.109411E-03    0.501927E-03
     9.15805       -0.318492E-04    0.520046E-03
     9.16286        0.707557E-04    0.530138E-03
     9.16653        0.148719E-03    0.527350E-03
     9.16751        0.169194E-03    0.525050E-03
     9.16849        0.189487E-03    0.522094E-03
     9.17217        0.263560E-03    0.505284E-03
     9.17696        0.353659E-03    0.470403E-03
     9.18064        0.416132E-03    0.434356E-03
     9.18162        0.431635E-03    0.423456E-03
     9.18259        0.446610E-03    0.412034E-03
     9.18627        0.497783E-03    0.364829E-03
     9.19105        0.551635E-03    0.294174E-03
     9.19472        0.582047E-03    0.234290E-03
     9.19570        0.588451E-03    0.217633E-03
     9.19668        0.594112E-03    0.200721E-03
     9.20034        0.608655E-03    0.135403E-03
     9.20512        0.611625E-03    0.473314E-04
     9.20879        0.601537E-03   -0.208374E-04
     9.20976        0.597027E-03   -0.389264E-04
     9.21074        0.591751E-03   -0.569353E-04
     9.21440        0.565306E-03   -0.123393E-03
     9.21917        0.515846E-03   -0.205969E-03
     9.22283        0.467281E-03   -0.264666E-03
     9.22381        0.452871E-03   -0.279472E-03
     9.22478        0.437873E-03   -0.293882E-03
     9.22844        0.376732E-03   -0.344137E-03
     9.23320        0.286975E-03   -0.399642E-03
     9.23686        0.212038E-03   -0.433503E-03
     9.23783        0.191343E-03   -0.441145E-03
     9.23880        0.170391E-03   -0.448177E-03
     9.24245        0.899895E-04   -0.469040E-03
     9.24721       -0.172611E-04   -0.482883E-03
     9.25086       -0.994387E-04   -0.482997E-03
     9.25183       -0.121124E-03   -0.481462E-03
     9.25280       -0.142662E-03   -0.479266E-03
     9.25645       -0.221691E-03   -0.465238E-03
     9.26121       -0.318827E-03   -0.433776E-03
     9.26485       -0.387036E-03   -0.400134E-03
     9.26582       -0.404107E-03   -0.389838E-03
     9.26679       -0.420663E-03   -0.379003E-03
     9.27043       -0.477860E-03   -0.333854E-03
     9.27518       -0.539691E-03   -0.265544E-03
     9.27881       -0.576211E-03   -0.207205E-03
     9.27978       -0.584230E-03   -0.190924E-03
     9.28075       -0.591497E-03   -0.174374E-03
     9.28439       -0.611979E-03   -0.110300E-03
     9.28913       -0.622396E-03   -0.236463E-04
     9.29276       -0.617710E-03    0.435361E-04
     9.29373       -0.614587E-03    0.613702E-04
     9.29470       -0.610672E-03    0.791255E-04
     9.29833       -0.589109E-03    0.144620E-03
     9.30306       -0.545441E-03    0.225837E-03
     9.30669       -0.500835E-03    0.283342E-03
     9.30766       -0.487406E-03    0.297799E-03
     9.30863       -0.473356E-03    0.311845E-03
     9.31225       -0.415491E-03    0.360568E-03
     9.31698       -0.329347E-03    0.413625E-03
     9.32060       -0.256680E-03    0.445213E-03
     9.32157       -0.236518E-03    0.452184E-03
     9.32253       -0.216070E-03    0.458517E-03
     9.32615       -0.137307E-03    0.476479E-03
     9.33088       -0.316442E-04    0.485868E-03
     9.33450        0.496938E-04    0.482042E-03
     9.33546        0.712058E-04    0.479379E-03
     9.33642        0.925898E-04    0.476020E-03
     9.34004        0.171193E-03    0.457344E-03
     9.34476        0.268079E-03    0.419161E-03
     9.34837        0.336268E-03    0.379898E-03
     9.34933        0.353352E-03    0.368039E-03
     9.35029        0.369926E-03    0.355615E-03
     9.35391        0.427227E-03    0.304302E-03
     9.35862        0.489216E-03    0.227549E-03
     9.36223        0.525826E-03    0.162509E-03
     9.36319        0.533859E-03    0.144417E-03
     9.36415        0.541134E-03    0.126050E-03
     9.36776        0.561583E-03    0.551271E-04
     9.37246        0.571792E-03   -0.404344E-04
     9.37606        0.566804E-03   -0.114329E-03
     9.37702        0.563577E-03   -0.133924E-03
     9.37798        0.559549E-03   -0.153424E-03
     9.38159        0.537472E-03   -0.225280E-03
     9.38628        0.492957E-03   -0.314278E-03
     9.38988        0.447596E-03   -0.377274E-03
     9.39084        0.433955E-03   -0.393117E-03
     9.39180        0.419687E-03   -0.408511E-03
     9.39540        0.360983E-03   -0.461919E-03
     9.40009        0.273759E-03   -0.520182E-03
     9.40369        0.200350E-03   -0.555044E-03
     9.40464        0.180011E-03   -0.562781E-03
     9.40560        0.159396E-03   -0.569830E-03
     9.40919        0.801254E-04   -0.590022E-03
     9.41388       -0.258360E-04   -0.601248E-03
     9.41747       -0.107039E-03   -0.598027E-03
     9.41843       -0.128451E-03   -0.595410E-03
     9.41938       -0.149706E-03   -0.592049E-03
     9.42297       -0.227534E-03   -0.572954E-03
     9.42765       -0.322658E-03   -0.533295E-03
     9.43124       -0.388862E-03   -0.492235E-03
     9.43219       -0.405318E-03   -0.479805E-03
     9.43315       -0.421219E-03   -0.466776E-03
     9.43673       -0.475579E-03   -0.412923E-03
     9.44141       -0.532736E-03   -0.332294E-03
     9.44499       -0.564867E-03   -0.263923E-03
     9.44594       -0.571591E-03   -0.244900E-03
     9.44690       -0.577508E-03   -0.225588E-03
     9.45047       -0.592429E-03   -0.151073E-03
     9.45514       -0.594461E-03   -0.507522E-04
     9.45872       -0.582522E-03    0.267980E-04
     9.45967       -0.577349E-03    0.473628E-04
     9.46063       -0.571336E-03    0.678203E-04
     9.46420       -0.541492E-03    0.143080E-03
     9.46886       -0.486215E-03    0.236068E-03
     9.47244       -0.432255E-03    0.301772E-03
     9.47339       -0.416285E-03    0.318284E-03
     9.47434       -0.399677E-03    0.334319E-03
     9.47791       -0.332124E-03    0.389837E-03
     9.48257       -0.233354E-03    0.450141E-03
     9.48614       -0.151250E-03    0.486019E-03
     9.48709       -0.128634E-03    0.493946E-03
     9.48804       -0.105767E-03    0.501152E-03
     9.49160       -0.182903E-04    0.521645E-03
     9.49626        0.976325E-04    0.532607E-03
     9.49982        0.185754E-03    0.528707E-03
     9.50077        0.208888E-03    0.525842E-03
     9.50172        0.231809E-03    0.522206E-03
     9.50528        0.315354E-03    0.501862E-03
     9.50993        0.416567E-03    0.460206E-03
     9.51349        0.486289E-03    0.417470E-03
     9.51444        0.503502E-03    0.404588E-03
     9.51538        0.520083E-03    0.391105E-03
     9.51894        0.576298E-03    0.335537E-03
     9.52358        0.634200E-03    0.252863E-03
     9.52714        0.665601E-03    0.183287E-03
     9.52809        0.671938E-03    0.164019E-03
     9.52903        0.677389E-03    0.144482E-03
     9.53259        0.689876E-03    0.692198E-04
     9.53722        0.687179E-03   -0.313251E-04
     9.54077        0.670487E-03   -0.107980E-03
     9.54172        0.663891E-03   -0.128094E-03
     9.54267        0.656395E-03   -0.148057E-03
     9.54622        0.620536E-03   -0.221420E-03
     9.55085        0.556467E-03   -0.311224E-03
     9.55439        0.495171E-03   -0.373337E-03
     9.55534        0.477173E-03   -0.388656E-03
     9.55628        0.458513E-03   -0.403414E-03
     9.55983        0.383111E-03   -0.453625E-03
     9.56445        0.273960E-03   -0.505710E-03
     9.56800        0.183997E-03   -0.534218E-03
     9.56894        0.159326E-03   -0.540016E-03
     9.56989        0.134423E-03   -0.545030E-03
     9.57343        0.395349E-04   -0.556821E-03
     9.57805       -0.853134E-04   -0.555364E-03
     9.58159       -0.179504E-03   -0.541187E-03
     9.58253       -0.204120E-03   -0.535480E-03
     9.58347       -0.228463E-03   -0.528969E-03
     9.58701       -0.316808E-03   -0.497653E-03
     9.59163       -0.422874E-03   -0.441321E-03
     9.59516       -0.495107E-03   -0.387139E-03
     9.59610       -0.512799E-03   -0.371188E-03
     9.59705       -0.529775E-03   -0.354643E-03
     9.60058       -0.586761E-03   -0.287802E-03
     9.60519       -0.644013E-03   -0.191031E-03
     9.60872       -0.673681E-03   -0.111205E-03
     9.60966       -0.679378E-03   -0.892980E-04
     9.61060       -0.684112E-03   -0.671804E-04
     9.61413       -0.693230E-03    0.170751E-04
     9.61874       -0.684768E-03    0.127733E-03
     9.62227       -0.662846E-03    0.210906E-03
     9.62321       -0.654763E-03    0.232577E-03
     9.62415       -0.645727E-03    0.253999E-03
     9.62767       -0.603513E-03    0.331779E-03
     9.63227       -0.530323E-03    0.424916E-03
     9.63580       -0.461910E-03    0.487800E-03
     9.63674       -0.442056E-03    0.503073E-03
     9.63768       -0.421540E-03    0.517690E-03
     9.64120       -0.339034E-03    0.566574E-03
     9.64579       -0.220754E-03    0.614819E-03
     9.64932       -0.124365E-03    0.638557E-03
     9.65025       -0.981159E-04    0.642793E-03
     9.65119       -0.716885E-04    0.646134E-03
     9.65471        0.285382E-04    0.650819E-03
     9.65930        0.159271E-03    0.638260E-03
     9.66282        0.256969E-03    0.614301E-03
     9.66376        0.282353E-03    0.605816E-03
     9.66469        0.307369E-03    0.596461E-03
     9.66821        0.397263E-03    0.553974E-03
     9.67279        0.503319E-03    0.482204E-03
     9.67631        0.574262E-03    0.415842E-03
     9.67724        0.591452E-03    0.396630E-03
     9.67818        0.607846E-03    0.376822E-03
     9.68169        0.661716E-03    0.297750E-03
     9.68627        0.712694E-03    0.185211E-03
     9.68978        0.735859E-03    0.936151E-04
     9.69072        0.739577E-03    0.686365E-04
     9.69166        0.742268E-03    0.435253E-04
     9.69516        0.743443E-03   -0.509862E-04
     9.69974        0.723412E-03   -0.173304E-03
     9.70325        0.691178E-03   -0.264681E-03
     9.70418        0.680078E-03   -0.288496E-03
     9.70512        0.667993E-03   -0.311950E-03
     9.70862        0.614717E-03   -0.395638E-03
     9.71320        0.527135E-03   -0.493490E-03
     9.71670        0.446885E-03   -0.558760E-03
     9.71763        0.423665E-03   -0.574608E-03
     9.71857        0.399784E-03   -0.589680E-03
     9.72207        0.305508E-03   -0.638356E-03
     9.72664        0.173404E-03   -0.682829E-03
     9.73014        0.670950E-04   -0.702018E-03
     9.73107        0.382467E-04   -0.704914E-03
     9.73200        0.924612E-05   -0.706852E-03
     9.73550       -0.100122E-03   -0.705408E-03
     9.74007       -0.241040E-03   -0.682752E-03
     9.74356       -0.344703E-03   -0.649394E-03
     9.74450       -0.371349E-03   -0.638156E-03
     9.74543       -0.397541E-03   -0.625987E-03
     9.74892       -0.491490E-03   -0.572764E-03
     9.75348       -0.601275E-03   -0.486495E-03
     9.75698       -0.673190E-03   -0.408566E-03
     9.75791       -0.690285E-03   -0.386197E-03
     9.75884       -0.706438E-03   -0.363222E-03
     9.76233       -0.758347E-03   -0.272407E-03
     9.76689       -0.804582E-03   -0.145134E-03
     9.77038       -0.822756E-03   -0.429291E-04
     9.77131       -0.824981E-03   -0.152510E-04
     9.77224       -0.826065E-03    0.125263E-04
     9.77573       -0.819889E-03    0.116788E-03
     9.78028       -0.788144E-03    0.250339E-03
     9.78377       -0.746273E-03    0.348323E-03
     9.78470       -0.732618E-03    0.373509E-03
     9.78563       -0.717921E-03    0.398243E-03
     9.78912       -0.653810E-03    0.486499E-03
     9.79367       -0.550823E-03    0.588515E-03
     9.79715       -0.458950E-03    0.654392E-03
     9.79808       -0.432790E-03    0.669887E-03
     9.79901       -0.405982E-03    0.684477E-03
     9.80249       -0.300277E-03    0.731046E-03
     9.80704       -0.152957E-03    0.771240E-03
     9.81052       -0.354747E-04    0.785178E-03
     9.81145       -0.380292E-05    0.786296E-03
     9.81237        0.279325E-04    0.786318E-03
     9.81586        0.146768E-03    0.776863E-03
     9.82040        0.298415E-03    0.742100E-03
     9.82388        0.409316E-03    0.698487E-03
     9.82480        0.437776E-03    0.684407E-03
     9.82573        0.465679E-03    0.669352E-03
     9.82921        0.564702E-03    0.604886E-03
     9.83375        0.678348E-03    0.503009E-03
     9.83723        0.751536E-03    0.412442E-03
     9.83815        0.768773E-03    0.386612E-03
     9.83908        0.784980E-03    0.360165E-03
     9.84255        0.836193E-03    0.256540E-03
     9.84709        0.879359E-03    0.113436E-03
     9.85056        0.893500E-03    0.130325E-06
     9.85149        0.894401E-03   -0.303143E-04
     9.85241        0.894071E-03   -0.607840E-04
     9.85589        0.881938E-03   -0.174593E-03
     9.86042        0.840914E-03   -0.319151E-03
     9.86389        0.790825E-03   -0.424332E-03
     9.86482        0.774824E-03   -0.451241E-03
     9.86574        0.757729E-03   -0.477581E-03
     9.86921        0.684318E-03   -0.570635E-03
     9.87374        0.568634E-03   -0.676312E-03
     9.87721        0.466750E-03   -0.743318E-03
     9.87814        0.437899E-03   -0.758904E-03
     9.87906        0.408405E-03   -0.773478E-03
     9.88253        0.292791E-03   -0.818850E-03
     9.88705        0.133152E-03   -0.855068E-03
     9.89052        0.689405E-05   -0.864383E-03
     9.89144       -0.269961E-04   -0.864071E-03
     9.89237       -0.608995E-04   -0.862563E-03
     9.89583       -0.187407E-03   -0.846415E-03
     9.90036       -0.347670E-03   -0.801166E-03
     9.90382       -0.463824E-03   -0.748669E-03
     9.90474       -0.493453E-03   -0.732155E-03
     9.90567       -0.522446E-03   -0.714606E-03
     9.90913       -0.624967E-03   -0.640057E-03
     9.91365       -0.741416E-03   -0.524195E-03
     9.91711       -0.815054E-03   -0.423139E-03
     9.91804       -0.832123E-03   -0.394645E-03
     9.91896       -0.848061E-03   -0.365564E-03
     9.92242       -0.897610E-03   -0.251994E-03
     9.92694       -0.937058E-03   -0.961754E-04
     9.93040       -0.947166E-03    0.262811E-04
     9.93132       -0.946821E-03    0.590320E-04
     9.93224       -0.945163E-03    0.917475E-04
     9.93570       -0.927354E-03    0.213422E-03
     9.94022       -0.877728E-03    0.366603E-03
     9.94367       -0.820571E-03    0.476846E-03
     9.94460       -0.802667E-03    0.504843E-03
     9.94552       -0.783629E-03    0.532180E-03
     9.94897       -0.702374E-03    0.628334E-03
     9.95349       -0.575911E-03    0.736281E-03
     9.95694       -0.466104E-03    0.803432E-03
     9.95786       -0.435277E-03    0.818796E-03
     9.95878       -0.403839E-03    0.833049E-03
     9.96224       -0.280933E-03    0.876501E-03
     9.96675       -0.112220E-03    0.908543E-03
     9.97020        0.202285E-04    0.913413E-03
     9.97112        0.556083E-04    0.911738E-03
     9.97204        0.909296E-04    0.908798E-03
     9.97550        0.222155E-03    0.886745E-03
     9.98001        0.387093E-03    0.832756E-03
     9.98346        0.505647E-03    0.772989E-03
     9.98438        0.535738E-03    0.754478E-03
     9.98530        0.565109E-03    0.734913E-03
     9.98875        0.668275E-03    0.652663E-03
     9.99325        0.783822E-03    0.526745E-03
     9.99671        0.855526E-03    0.418272E-03
     9.99763        0.871908E-03    0.387879E-03
     9.99855        0.887099E-03    0.356931E-03
     10.0020        0.933393E-03    0.236641E-03
     10.0065        0.967434E-03    0.729461E-04
     10.0099        0.972434E-03   -0.546577E-04
     10.0109        0.970577E-03   -0.886264E-04
     10.0118        0.967371E-03   -0.122485E-03
     10.0152        0.943636E-03   -0.247750E-03
     10.0197        0.885891E-03   -0.403968E-03
     10.0232        0.822101E-03   -0.515294E-03
     10.0241        0.802357E-03   -0.543399E-03
     10.0250        0.781499E-03   -0.570759E-03
     10.0285        0.693955E-03   -0.666201E-03
     10.0330        0.560199E-03   -0.771516E-03
     10.0364        0.445128E-03   -0.835531E-03
     10.0373        0.412904E-03   -0.849917E-03
     10.0383        0.380107E-03   -0.863125E-03
     10.0417        0.252824E-03   -0.901996E-03
     10.0462        0.799969E-04   -0.926802E-03
     10.0496       -0.544917E-04   -0.925454E-03
     10.0506       -0.902643E-04   -0.922057E-03
     10.0515       -0.125907E-03   -0.917375E-03
     10.0549       -0.257626E-03   -0.888623E-03
     10.0594       -0.421557E-03   -0.825712E-03
     10.0629       -0.538117E-03   -0.759151E-03
     10.0638       -0.567502E-03   -0.738858E-03
     10.0647       -0.596088E-03   -0.717533E-03
     10.0681       -0.695609E-03   -0.628979E-03
     10.0726       -0.804993E-03   -0.495706E-03
     10.0761       -0.871148E-03   -0.382425E-03
     10.0770       -0.885959E-03   -0.350891E-03
     10.0779       -0.899526E-03   -0.318869E-03
     10.0814       -0.939143E-03   -0.195209E-03
     10.0858       -0.963552E-03   -0.287875E-04
     10.0893       -0.960911E-03    0.995194E-04
     10.0902       -0.957030E-03    0.133461E-03
     10.0911       -0.951813E-03    0.167208E-03
     10.0946       -0.920625E-03    0.291368E-03
     10.0991       -0.853540E-03    0.444384E-03
     10.1025       -0.783035E-03    0.551779E-03
     10.1034       -0.761584E-03    0.578607E-03
     10.1042       -0.741403E-03    0.602014E-03
     10.1073       -0.658676E-03    0.683637E-03
     10.1114       -0.535862E-03    0.773830E-03
     10.1145       -0.432020E-03    0.828971E-03
     10.1153       -0.403122E-03    0.841446E-03
     10.1161       -0.373779E-03    0.852955E-03
     10.1192       -0.260453E-03    0.887479E-03
     10.1232       -0.107231E-03    0.911563E-03
     10.1263        0.121086E-04    0.913586E-03
     10.1271        0.439340E-04    0.911677E-03
     10.1280        0.756936E-04    0.908728E-03
     10.1311        0.193605E-03    0.888543E-03
     10.1351        0.342149E-03    0.841339E-03
     10.1382        0.449724E-03    0.789933E-03
     10.1390        0.477216E-03    0.774094E-03
     10.1398        0.504145E-03    0.757380E-03
     10.1429        0.599682E-03    0.687276E-03
     10.1469        0.709549E-03    0.579973E-03
     10.1500        0.780796E-03    0.487240E-03
     10.1509        0.797696E-03    0.461183E-03
     10.1517        0.813670E-03    0.434614E-03
     10.1548        0.865113E-03    0.330949E-03
     10.1588        0.911375E-03    0.188521E-03
     10.1619        0.930200E-03    0.760303E-04
     10.1627        0.932707E-03    0.458171E-04
     10.1635        0.934139E-03    0.155726E-04
     10.1666        0.930006E-03   -0.975819E-04
     10.1707        0.902508E-03   -0.242137E-03
     10.1737        0.864961E-03   -0.348365E-03
     10.1746        0.852598E-03   -0.375750E-03
     10.1754        0.839262E-03   -0.402680E-03
     10.1785        0.780915E-03   -0.499185E-03
     10.1825        0.686587E-03   -0.612515E-03
     10.1856        0.601813E-03   -0.688015E-03
     10.1864        0.577566E-03   -0.706274E-03
     10.1872        0.552671E-03   -0.723699E-03
     10.1903        0.454057E-03   -0.781393E-03
     10.1944        0.315260E-03   -0.837548E-03
     10.1975        0.203258E-03   -0.865112E-03
     10.1983        0.172835E-03   -0.870098E-03
     10.1991        0.142238E-03   -0.874068E-03
     10.2022        0.265115E-04   -0.879948E-03
     10.2062       -0.124245E-03   -0.866457E-03
     10.2093       -0.237289E-03   -0.840150E-03
     10.2101       -0.266779E-03   -0.830831E-03
     10.2110       -0.295933E-03   -0.820554E-03
     10.2140       -0.401775E-03   -0.773751E-03
     10.2181       -0.529400E-03   -0.694430E-03
     10.2212       -0.617232E-03   -0.620914E-03
     10.2220       -0.638951E-03   -0.599607E-03
     10.2228       -0.659903E-03   -0.577620E-03
     10.2259       -0.731370E-03   -0.489575E-03
     10.2299       -0.806437E-03   -0.363597E-03
     10.2330       -0.848896E-03   -0.260521E-03
     10.2338       -0.857873E-03   -0.232328E-03
     10.2347       -0.865834E-03   -0.203890E-03
     10.2378       -0.886623E-03   -0.956043E-04
     10.2418       -0.892158E-03    0.470857E-04
     10.2449       -0.879848E-03    0.155268E-03
     10.2457       -0.874144E-03    0.183663E-03
     10.2465       -0.867421E-03    0.211808E-03
     10.2496       -0.833333E-03    0.314675E-03
     10.2536       -0.768908E-03    0.440382E-03
     10.2567       -0.705302E-03    0.528295E-03
     10.2575       -0.686392E-03    0.550267E-03
     10.2584       -0.666696E-03    0.571563E-03
     10.2615       -0.586284E-03    0.645046E-03
     10.2655       -0.467832E-03    0.724482E-03
     10.2686       -0.368520E-03    0.771637E-03
     10.2694       -0.341019E-03    0.782063E-03
     10.2702       -0.313146E-03    0.791552E-03
     10.2733       -0.205872E-03    0.818678E-03
     10.2773       -0.618645E-04    0.833760E-03
     10.2804        0.493554E-04    0.829598E-03
     10.2813        0.788578E-04    0.826170E-03
     10.2821        0.108234E-03    0.821764E-03
     10.2852        0.216754E-03    0.796715E-03
     10.2892        0.352084E-03    0.744710E-03
     10.2923        0.448891E-03    0.690913E-03
     10.2931        0.473432E-03    0.674637E-03
     10.2939        0.497384E-03    0.657577E-03
     10.2970        0.581593E-03    0.587018E-03
     10.3011        0.676447E-03    0.481162E-03
     10.3041        0.736141E-03    0.391140E-03
     10.3050        0.749971E-03    0.366043E-03
     10.3058        0.762893E-03    0.340541E-03
     10.3089        0.803169E-03    0.241839E-03
     10.3129        0.835690E-03    0.108078E-03
     10.3160        0.844755E-03    0.382472E-05
     10.3168        0.844791E-03   -0.239702E-04
     10.3177        0.843816E-03   -0.517019E-04
     10.3207        0.831320E-03   -0.154603E-03
     10.3248        0.794667E-03   -0.284026E-03
     10.3279        0.751603E-03   -0.377511E-03
     10.3287        0.738008E-03   -0.401355E-03
     10.3295        0.723548E-03   -0.424684E-03
     10.3326        0.662003E-03   -0.507167E-03
     10.3366        0.565994E-03   -0.601321E-03
     10.3397        0.481906E-03   -0.661767E-03
     10.3406        0.458139E-03   -0.675998E-03
     10.3414        0.433852E-03   -0.689394E-03
     10.3445        0.338685E-03   -0.732007E-03
     10.3485        0.207108E-03   -0.768895E-03
     10.3516        0.102686E-03   -0.782320E-03
     10.3524        0.745789E-04   -0.783666E-03
     10.3533        0.464204E-04   -0.784060E-03
     10.3564       -0.590898E-04   -0.777144E-03
     10.3604       -0.194177E-03   -0.748728E-03
     10.3635       -0.293602E-03   -0.712610E-03
     10.3643       -0.319248E-03   -0.700947E-03
     10.3651       -0.344472E-03   -0.688446E-03
     10.3682       -0.434867E-03   -0.634434E-03
     10.3723       -0.540991E-03   -0.548573E-03
     10.3754       -0.611622E-03   -0.472402E-03
     10.3762       -0.628686E-03   -0.450752E-03
     10.3770       -0.644962E-03   -0.428581E-03
     10.3801       -0.698758E-03   -0.341277E-03
     10.3841       -0.750864E-03   -0.219662E-03
     10.3872       -0.776173E-03   -0.122534E-03
     10.3881       -0.780688E-03   -0.963065E-04
     10.3889       -0.784245E-03   -0.699973E-04
     10.3920       -0.789092E-03    0.288794E-04
     10.3960       -0.775529E-03    0.156127E-03
     10.3991       -0.750187E-03    0.250253E-03
     10.3999       -0.741280E-03    0.274601E-03
     10.4008       -0.731479E-03    0.298578E-03
     10.4039       -0.687063E-03    0.384755E-03
     10.4079       -0.612278E-03    0.486517E-03
     10.4110       -0.543329E-03    0.554714E-03
     10.4118       -0.523400E-03    0.571267E-03
     10.4127       -0.502858E-03    0.587090E-03
     10.4158       -0.420846E-03    0.639709E-03
     10.4198       -0.304118E-03    0.691497E-03
     10.4229       -0.209129E-03    0.717480E-03
     10.4237       -0.183229E-03    0.722306E-03
     10.4246       -0.157145E-03    0.726230E-03
     10.4277       -0.582061E-04    0.732925E-03
     10.4317        0.712231E-04    0.722835E-03
     10.4348        0.168579E-03    0.700902E-03
     10.4356        0.194009E-03    0.693006E-03
     10.4365        0.219159E-03    0.684257E-03
     10.4396        0.310515E-03    0.644129E-03
     10.4436        0.420721E-03    0.575653E-03
     10.4467        0.496535E-03    0.511996E-03
     10.4475        0.515268E-03    0.493533E-03
     10.4484        0.533330E-03    0.474479E-03
     10.4515        0.594816E-03    0.398203E-03
     10.4555        0.659069E-03    0.289230E-03
     10.4586        0.695088E-03    0.200290E-03
     10.4594        0.702636E-03    0.176007E-03
     10.4603        0.709295E-03    0.151538E-03
     10.4634        0.726314E-03    0.586197E-04
     10.4674        0.729619E-03   -0.631360E-04
     10.4705        0.717688E-03   -0.154840E-03
     10.4714        0.712394E-03   -0.178809E-03
     10.4722        0.706214E-03   -0.202519E-03
     10.4753        0.675386E-03   -0.288676E-03
     10.4793        0.618064E-03   -0.392660E-03
     10.4825        0.562038E-03   -0.464201E-03
     10.4833        0.545455E-03   -0.481875E-03
     10.4841        0.528212E-03   -0.498915E-03
     10.4872        0.458089E-03   -0.556887E-03
     10.4913        0.355529E-03   -0.617366E-03
     10.4944        0.270183E-03   -0.651146E-03
     10.4952        0.246654E-03   -0.658197E-03
     10.4960        0.222852E-03   -0.664401E-03
     10.4991        0.131659E-03   -0.680095E-03
     10.5032        0.103161E-04   -0.682575E-03
     10.5063       -0.824645E-04   -0.670703E-03
     10.5071       -0.106923E-03   -0.665526E-03
     10.5080       -0.131205E-03   -0.659505E-03
     10.5111       -0.220238E-03   -0.629644E-03
     10.5151       -0.329586E-03   -0.574426E-03
     10.5183       -0.406370E-03   -0.520629E-03
     10.5191       -0.425596E-03   -0.504726E-03
     10.5199       -0.444247E-03   -0.488198E-03
     10.5230       -0.508769E-03   -0.421059E-03
     10.5271       -0.578812E-03   -0.323044E-03
     10.5302       -0.620538E-03   -0.241626E-03
     10.5310       -0.629778E-03   -0.219202E-03
     10.5319       -0.638196E-03   -0.196528E-03
     10.5350       -0.662366E-03   -0.109752E-03
     10.5391       -0.676119E-03    0.546150E-05
     10.5422       -0.672869E-03    0.933366E-04
     10.5430       -0.669965E-03    0.116465E-03
     10.5438       -0.666203E-03    0.139411E-03
     10.5470       -0.644632E-03    0.223385E-03
     10.5510       -0.599633E-03    0.326108E-03
     10.5541       -0.553053E-03    0.397873E-03
     10.5550       -0.538966E-03    0.415779E-03
     10.5558       -0.524204E-03    0.433119E-03
     10.5589       -0.463215E-03    0.492828E-03
     10.5630       -0.372002E-03    0.556912E-03
     10.5661       -0.294766E-03    0.594388E-03
     10.5670       -0.273295E-03    0.602549E-03
     10.5678       -0.251503E-03    0.609913E-03
     10.5709       -0.167401E-03    0.630369E-03
     10.5750       -0.541556E-04    0.639896E-03
     10.5781        0.333900E-04    0.633935E-03
     10.5789        0.566049E-04    0.630392E-03
     10.5798        0.797101E-04    0.626028E-03
     10.5829        0.164917E-03    0.602531E-03
     10.5870        0.270689E-03    0.555841E-03
     10.5901        0.345826E-03    0.508621E-03
     10.5909        0.364774E-03    0.494462E-03
     10.5918        0.383215E-03    0.479671E-03
     10.5949        0.447535E-03    0.418949E-03
     10.5990        0.518652E-03    0.328970E-03
     10.6021        0.562169E-03    0.253351E-03
     10.6029        0.572021E-03    0.232408E-03
     10.6038        0.581105E-03    0.211184E-03
     10.6069        0.608239E-03    0.129568E-03
     10.6110        0.626848E-03    0.203521E-04
     10.6141        0.627978E-03   -0.635444E-04
     10.6150        0.626327E-03   -0.857100E-04
     10.6158        0.623850E-03   -0.107735E-03
     10.6189        0.607357E-03   -0.188632E-03
     10.6230        0.569477E-03   -0.288248E-03
     10.6262        0.528617E-03   -0.358333E-03
     10.6270        0.516079E-03   -0.375895E-03
     10.6278        0.502873E-03   -0.392935E-03
     10.6310        0.447762E-03   -0.451895E-03
     10.6351        0.364196E-03   -0.515866E-03
     10.6382        0.292702E-03   -0.553883E-03
     10.6390        0.272732E-03   -0.562276E-03
     10.6399        0.252426E-03   -0.569908E-03
     10.6430        0.173745E-03   -0.591672E-03
     10.6471        0.671298E-04   -0.603561E-03
     10.6502       -0.157437E-04   -0.599857E-03
     10.6511       -0.377817E-04   -0.596974E-03
     10.6519       -0.597405E-04   -0.593292E-03
     10.6551       -0.140927E-03   -0.572540E-03
     10.6592       -0.242153E-03   -0.529801E-03
     10.6623       -0.314375E-03   -0.485829E-03
     10.6631       -0.332632E-03   -0.472560E-03
     10.6640       -0.350420E-03   -0.458666E-03
     10.6671       -0.412621E-03   -0.401375E-03
     10.6712       -0.481752E-03   -0.315955E-03
     10.6744       -0.524338E-03   -0.243838E-03
     10.6752       -0.534028E-03   -0.223823E-03
     10.6761       -0.542987E-03   -0.203524E-03
     10.6792       -0.569958E-03   -0.125332E-03
     10.6833       -0.589062E-03   -0.204403E-04
     10.6865       -0.591081E-03    0.602912E-04
     10.6873       -0.589738E-03    0.816396E-04
     10.6881       -0.587597E-03    0.102859E-03
     10.6913       -0.572611E-03    0.180847E-03
     10.6954       -0.537231E-03    0.276954E-03
     10.6986       -0.498651E-03    0.344590E-03
     10.6994       -0.486768E-03    0.361536E-03
     10.7002       -0.474237E-03    0.377977E-03
     10.7034       -0.421812E-03    0.434834E-03
     10.7075       -0.342069E-03    0.496411E-03
     10.7107       -0.273702E-03    0.532869E-03
     10.7115       -0.254589E-03    0.540888E-03
     10.7124       -0.235148E-03    0.548163E-03
     10.7155       -0.159778E-03    0.568739E-03
     10.7196       -0.575886E-04    0.579444E-03
     10.7228        0.218536E-04    0.575108E-03
     10.7236        0.429767E-04    0.572097E-03
     10.7245        0.640214E-04    0.568304E-03
     10.7276        0.141795E-03    0.547286E-03
     10.7318        0.238650E-03    0.504554E-03
     10.7349        0.307619E-03    0.460852E-03
     10.7358        0.325029E-03    0.447693E-03
     10.7366        0.341978E-03    0.433927E-03
     10.7398        0.401119E-03    0.377255E-03
     10.7439        0.466497E-03    0.292977E-03
     10.7471        0.506424E-03    0.221986E-03
     10.7479        0.515440E-03    0.202307E-03
     10.7488        0.523741E-03    0.182359E-03
     10.7520        0.548392E-03    0.105616E-03
     10.7561        0.564845E-03    0.291858E-05
     10.7593        0.565147E-03   -0.759109E-04
     10.7601        0.563395E-03   -0.967216E-04
     10.7610        0.560867E-03   -0.117391E-03
     10.7641        0.544625E-03   -0.193203E-03
     10.7683        0.508091E-03   -0.286236E-03
     10.7715        0.469015E-03   -0.351356E-03
     10.7723        0.457059E-03   -0.367611E-03
     10.7731        0.444480E-03   -0.383353E-03
     10.7763        0.392103E-03   -0.437523E-03
     10.7805        0.312967E-03   -0.495481E-03
     10.7837        0.245485E-03   -0.529113E-03
     10.7845        0.226670E-03   -0.536375E-03
     10.7853        0.207553E-03   -0.542893E-03
     10.7885        0.133628E-03   -0.560639E-03
     10.7927        0.338511E-04   -0.567718E-03
     10.7959       -0.433563E-04   -0.560702E-03
     10.7967       -0.638293E-04   -0.556997E-03
     10.7976       -0.842017E-04   -0.552520E-03
     10.8008       -0.159263E-03   -0.529034E-03
     10.8049       -0.252170E-03   -0.483369E-03
     10.8081       -0.317844E-03   -0.437688E-03
     10.8090       -0.334341E-03   -0.424047E-03
     10.8098       -0.350363E-03   -0.409818E-03
     10.8130       -0.405924E-03   -0.351604E-03
     10.8172       -0.466450E-03   -0.265807E-03
     10.8204       -0.502581E-03   -0.194066E-03
     10.8212       -0.510582E-03   -0.174252E-03
     10.8221       -0.517868E-03   -0.154197E-03
     10.8253       -0.538729E-03   -0.773124E-04
     10.8294       -0.550364E-03    0.249482E-04
     10.8326       -0.547140E-03    0.102955E-03
     10.8335       -0.544481E-03    0.123474E-03
     10.8343       -0.541063E-03    0.143820E-03
     10.8375       -0.521640E-03    0.218150E-03
     10.8417       -0.481406E-03    0.308631E-03
     10.8449       -0.439904E-03    0.371346E-03
     10.8458       -0.427370E-03    0.386897E-03
     10.8466       -0.414242E-03    0.401909E-03
     10.8498       -0.360091E-03    0.453124E-03
     10.8540       -0.279353E-03    0.506775E-03
     10.8572       -0.211230E-03    0.536818E-03
     10.8581       -0.192334E-03    0.543089E-03
     10.8589       -0.173175E-03    0.548602E-03
     10.8621       -0.994439E-04    0.562482E-03
     10.8663       -0.750695E-06    0.564379E-03
     10.8695        0.749921E-04    0.553365E-03
     10.8704        0.949823E-04    0.548600E-03
     10.8712        0.114833E-03    0.543068E-03
     10.8745        0.187602E-03    0.515693E-03
     10.8787        0.276775E-03    0.465203E-03
     10.8819        0.339065E-03    0.416100E-03
     10.8827        0.354590E-03    0.401597E-03
     10.8836        0.369612E-03    0.386531E-03
     10.8868        0.421191E-03    0.325404E-03
     10.8910        0.476072E-03    0.236423E-03
     10.8942        0.507620E-03    0.162776E-03
     10.8951        0.514372E-03    0.142540E-03
     10.8960        0.520399E-03    0.122101E-03
     10.8992        0.536493E-03    0.441212E-04
     10.9034        0.541899E-03   -0.587219E-04
     10.9066        0.534002E-03   -0.136505E-03
     10.9075        0.530125E-03   -0.156864E-03
     10.9083        0.525503E-03   -0.177007E-03
     10.9116        0.501724E-03   -0.250200E-03
     10.9158        0.456280E-03   -0.338337E-03
     10.9190        0.411245E-03   -0.398626E-03
     10.9199        0.397847E-03   -0.413442E-03
     10.9207        0.383893E-03   -0.427683E-03
     10.9240        0.326974E-03   -0.475703E-03
     10.9282        0.243487E-03   -0.524550E-03
     10.9314        0.173972E-03   -0.550501E-03
     10.9323        0.154816E-03   -0.555630E-03
     10.9332        0.135446E-03   -0.559983E-03
     10.9364        0.613575E-04   -0.569372E-03
     10.9406       -0.367729E-04   -0.565190E-03
     10.9439       -0.111297E-03   -0.549454E-03
     10.9447       -0.130847E-03   -0.543434E-03
     10.9456       -0.150210E-03   -0.536651E-03
     10.9489       -0.220733E-03   -0.504656E-03
     10.9531       -0.306057E-03   -0.448419E-03
     10.9563       -0.364755E-03   -0.395230E-03
     10.9572       -0.379236E-03   -0.379697E-03
     10.9581       -0.393180E-03   -0.363628E-03
     10.9613       -0.440436E-03   -0.299013E-03
     10.9656       -0.489134E-03   -0.206201E-03
     10.9688       -0.515634E-03   -0.130243E-03
     10.9697       -0.521008E-03   -0.109490E-03
     10.9706       -0.525648E-03   -0.885786E-04
     10.9738       -0.536480E-03   -0.922830E-05
     10.9781       -0.535022E-03    0.944328E-04
     10.9813       -0.521990E-03    0.172082E-03
     10.9822       -0.516777E-03    0.192291E-03
     10.9831       -0.510837E-03    0.212238E-03
     10.9863       -0.482303E-03    0.284272E-03
     10.9906       -0.431217E-03    0.369948E-03
     10.9939       -0.382394E-03    0.427669E-03
     10.9947       -0.368078E-03    0.441706E-03
     10.9956       -0.353245E-03    0.455129E-03
     10.9989       -0.293421E-03    0.499766E-03
     11.0031       -0.207116E-03    0.543547E-03
     11.0064       -0.136243E-03    0.565209E-03
     11.0073       -0.116848E-03    0.569147E-03
     11.0082       -0.972925E-04    0.572292E-03
     11.0114       -0.229823E-04    0.577025E-03
     11.0157        0.743270E-04    0.566602E-03
     11.0190        0.147386E-03    0.546073E-03
     11.0199        0.166426E-03    0.538788E-03
     11.0207        0.185228E-03    0.530749E-03
     11.0240        0.253224E-03    0.494149E-03
     11.0283        0.334329E-03    0.432271E-03
     11.0316        0.389168E-03    0.375145E-03
     11.0325        0.402539E-03    0.358631E-03
     11.0333        0.415341E-03    0.341614E-03
     11.0366        0.458065E-03    0.273745E-03
     11.0409        0.500388E-03    0.177473E-03
     11.0442        0.521773E-03    0.995256E-04
     11.0451        0.525765E-03    0.783471E-04
     11.0460        0.529019E-03    0.570548E-04
     11.0493        0.534651E-03   -0.233177E-04
     11.0536        0.526545E-03   -0.127350E-03
     11.0569        0.508651E-03   -0.204548E-03
     11.0577        0.502191E-03   -0.224530E-03
     11.0586        0.495029E-03   -0.244204E-03
     11.0619        0.462158E-03   -0.314833E-03
     11.0662        0.406101E-03   -0.397832E-03
     11.0695        0.354087E-03   -0.452916E-03
     11.0704        0.339022E-03   -0.466172E-03
     11.0713        0.323486E-03   -0.478784E-03
     11.0746        0.261439E-03   -0.520131E-03
     11.0789        0.173254E-03   -0.559143E-03
     11.0822        0.101750E-03   -0.576888E-03
     11.0831        0.823089E-04   -0.579756E-03
     11.0840        0.627590E-04   -0.581823E-03
     11.0873       -0.110764E-04   -0.582472E-03
     11.0916       -0.106735E-03   -0.566742E-03
     11.0950       -0.177783E-03   -0.542270E-03
     11.0959       -0.196183E-03   -0.533964E-03
     11.0967       -0.214303E-03   -0.524921E-03
     11.1001       -0.279392E-03   -0.484720E-03
     11.1044       -0.355982E-03   -0.418624E-03
     11.1077       -0.406912E-03   -0.358709E-03
     11.1086       -0.419186E-03   -0.341526E-03
     11.1095       -0.430873E-03   -0.323872E-03
     11.1128       -0.469274E-03   -0.253920E-03
     11.1172       -0.505764E-03   -0.155679E-03
     11.1205       -0.522655E-03   -0.768148E-04
     11.1214       -0.525461E-03   -0.554814E-04
     11.1223       -0.527536E-03   -0.340721E-04
     11.1256       -0.528857E-03    0.464107E-04
     11.1300       -0.515495E-03    0.149846E-03
     11.1333       -0.493961E-03    0.226059E-03
     11.1342       -0.486601E-03    0.245705E-03
     11.1351       -0.478570E-03    0.265015E-03
     11.1384       -0.442745E-03    0.334041E-03
     11.1428       -0.383610E-03    0.414473E-03
     11.1461       -0.329883E-03    0.467308E-03
     11.1470       -0.314462E-03    0.479933E-03
     11.1479       -0.298613E-03    0.491903E-03
     11.1513       -0.235777E-03    0.530777E-03
     11.1557       -0.147451E-03    0.566501E-03
     11.1590       -0.764982E-04    0.581770E-03
     11.1599       -0.572986E-04    0.583995E-03
     11.1608       -0.380282E-04    0.585429E-03
     11.1642        0.344385E-04    0.583816E-03
     11.1685        0.127639E-03    0.565464E-03
     11.1719        0.196372E-03    0.539297E-03
     11.1728        0.214101E-03    0.530593E-03
     11.1737        0.231532E-03    0.521176E-03
     11.1771        0.293893E-03    0.479794E-03
     11.1815        0.366712E-03    0.412689E-03
     11.1848        0.414700E-03    0.352414E-03
     11.1857        0.426196E-03    0.335196E-03
     11.1866        0.437111E-03    0.317534E-03
     11.1900        0.472702E-03    0.247762E-03
     11.1944        0.505828E-03    0.150205E-03
     11.1978        0.520469E-03    0.721523E-04
     11.1987        0.522734E-03    0.510704E-04
     11.1996        0.524297E-03    0.299253E-04
     11.2030        0.523958E-03   -0.494826E-04
     11.2074        0.509093E-03   -0.151419E-03
     11.2108        0.486950E-03   -0.226509E-03
     11.2117        0.479510E-03   -0.245872E-03
     11.2126        0.471437E-03   -0.264907E-03
     11.2160        0.435763E-03   -0.333027E-03
     11.2204        0.377520E-03   -0.412663E-03
     11.2238        0.324960E-03   -0.465286E-03
     11.2247        0.309914E-03   -0.477923E-03
     11.2256        0.294468E-03   -0.489939E-03
     11.2290        0.233335E-03   -0.529293E-03
     11.2334        0.147574E-03   -0.566426E-03
     11.2368        0.787256E-04   -0.583423E-03
     11.2377        0.600933E-04   -0.586208E-03
     11.2386        0.413887E-04   -0.588246E-03
     11.2421       -0.290152E-04   -0.589282E-03
     11.2465       -0.119827E-03   -0.575245E-03
     11.2499       -0.187118E-03   -0.552996E-03
     11.2508       -0.204538E-03   -0.545420E-03
     11.2517       -0.221695E-03   -0.537165E-03
     11.2551       -0.283404E-03   -0.500405E-03
     11.2596       -0.356384E-03   -0.439798E-03
     11.2630       -0.405402E-03   -0.384707E-03
     11.2639       -0.417320E-03   -0.368884E-03
     11.2648       -0.428723E-03   -0.352615E-03
     11.2683       -0.466757E-03   -0.288014E-03
     11.2727       -0.504565E-03   -0.196820E-03
     11.2762       -0.523978E-03   -0.123118E-03
     11.2771       -0.527692E-03   -0.103092E-03
     11.2780       -0.530781E-03   -0.829516E-04
     11.2814       -0.536831E-03   -0.678999E-05
     11.2859       -0.531779E-03    0.924274E-04
     11.2893       -0.518195E-03    0.166860E-03
     11.2903       -0.513177E-03    0.186287E-03
     11.2912       -0.507581E-03    0.205494E-03
     11.2946       -0.481642E-03    0.275276E-03
     11.2991       -0.436879E-03    0.359755E-03
     11.3026       -0.394992E-03    0.418391E-03
     11.3035       -0.382812E-03    0.432997E-03
     11.3044       -0.370232E-03    0.447133E-03
     11.3078       -0.319761E-03    0.495813E-03
     11.3123       -0.247321E-03    0.548668E-03
     11.3158       -0.187864E-03    0.580744E-03
     11.3167       -0.171573E-03    0.588026E-03
     11.3176       -0.155131E-03    0.594736E-03
     11.3211       -0.924029E-04    0.614810E-03
     11.3256       -0.923948E-05    0.630288E-03
     11.3291        0.544254E-04    0.635329E-03
     11.3300        0.712539E-04    0.635830E-03
     11.3300        0.712702E-04    0.635865E-03
     11.3303        0.764715E-04    0.635726E-03
     11.3314        0.936282E-04    0.631592E-03
     11.3328        0.112857E-03    0.621386E-03
     11.3340        0.127596E-03    0.613576E-03
     11.3343        0.131799E-03    0.611918E-03
     11.3345        0.136062E-03    0.610351E-03
     11.3357        0.151658E-03    0.603864E-03
     11.3371        0.171464E-03    0.594587E-03
     11.3382        0.186635E-03    0.587477E-03
     11.3385        0.190723E-03    0.585653E-03
     11.3388        0.194820E-03    0.583843E-03
     11.3399        0.210122E-03    0.576949E-03
     11.3413        0.229980E-03    0.567811E-03
     11.3425        0.245187E-03    0.560801E-03
     11.3428        0.249244E-03    0.558944E-03
     11.3430        0.253303E-03    0.557088E-03
     11.3442        0.268513E-03    0.550104E-03
     11.3456        0.288321E-03    0.540955E-03
     11.3467        0.303484E-03    0.533932E-03
     11.3470        0.307523E-03    0.532060E-03
     11.3473        0.311561E-03    0.530189E-03
     11.3484        0.326702E-03    0.523155E-03
     11.3498        0.346427E-03    0.513955E-03
     11.3510        0.361524E-03    0.506889E-03
     11.3513        0.365543E-03    0.505004E-03
     11.3515        0.369561E-03    0.503118E-03
     11.3527        0.384627E-03    0.496030E-03
     11.3541        0.404252E-03    0.486757E-03
     11.3552        0.419268E-03    0.479631E-03
     11.3555        0.423265E-03    0.477729E-03
     11.3558        0.427260E-03    0.475826E-03
     11.3569        0.442240E-03    0.468672E-03
     11.3583        0.461749E-03    0.459308E-03
     11.3595        0.476672E-03    0.452108E-03
     11.3598        0.480644E-03    0.450186E-03
     11.3600        0.484614E-03    0.448262E-03
     11.3612        0.499497E-03    0.441029E-03
     11.3626        0.518875E-03    0.431557E-03
     11.3637        0.533695E-03    0.424269E-03
     11.3640        0.537639E-03    0.422323E-03
     11.3643        0.541581E-03    0.420376E-03
     11.3654        0.556356E-03    0.413050E-03
     11.3668        0.575589E-03    0.403451E-03
     11.3680        0.590295E-03    0.396063E-03
     11.3683        0.594209E-03    0.394090E-03
     11.3685        0.598120E-03    0.392115E-03
     11.3697        0.612778E-03    0.384683E-03
     11.3711        0.631853E-03    0.374942E-03
     11.3722        0.646436E-03    0.367440E-03
     11.3725        0.650316E-03    0.365436E-03
     11.3728        0.654193E-03    0.363430E-03
     11.3739        0.668724E-03    0.355879E-03
     11.3753        0.687629E-03    0.345978E-03
     11.3765        0.702079E-03    0.338350E-03
     11.3768        0.705923E-03    0.336312E-03
     11.3770        0.709764E-03    0.334271E-03
     11.3782        0.724157E-03    0.326589E-03
     11.3796        0.742881E-03    0.316511E-03
     11.3807        0.757188E-03    0.308744E-03
     11.3810        0.760993E-03    0.306667E-03
     11.3813        0.764796E-03    0.304589E-03
     11.3824        0.779043E-03    0.296762E-03
     11.3838        0.797572E-03    0.286491E-03
     11.3850        0.811727E-03    0.278571E-03
     11.3853        0.815492E-03    0.276454E-03
     11.3855        0.819254E-03    0.274334E-03
     11.3867        0.833346E-03    0.266350E-03
     11.3881        0.851668E-03    0.255869E-03
     11.3892        0.865663E-03    0.247784E-03
     11.3895        0.869384E-03    0.245623E-03
     11.3898        0.873103E-03    0.243458E-03
     11.3909        0.887030E-03    0.235304E-03
     11.3923        0.905135E-03    0.224596E-03
     11.3935        0.918960E-03    0.216334E-03
     11.3938        0.922636E-03    0.214124E-03
     11.3940        0.926308E-03    0.211911E-03
     11.3952        0.940063E-03    0.203575E-03
     11.3966        0.957938E-03    0.192623E-03
     11.3977        0.971584E-03    0.184170E-03
     11.3980        0.975212E-03    0.181909E-03
     11.3983        0.978837E-03    0.179645E-03
     11.3994        0.992409E-03    0.171113E-03
     11.4008        0.101004E-02    0.159901E-03
     11.4020        0.102350E-02    0.151245E-03
     11.4023        0.102708E-02    0.148929E-03
     11.4025        0.103065E-02    0.146610E-03
     11.4037        0.104403E-02    0.137869E-03
     11.4051        0.106142E-02    0.126380E-03
     11.4062        0.107468E-02    0.117508E-03
     11.4065        0.107820E-02    0.115135E-03
     11.4068        0.108172E-02    0.112757E-03
     11.4079        0.109490E-02    0.103795E-03
     11.4093        0.111202E-02    0.920120E-04
     11.4105        0.112508E-02    0.829110E-04
     11.4108        0.112855E-02    0.804756E-04
     11.4110        0.113201E-02    0.780358E-04
     11.4122        0.114498E-02    0.688396E-04
     11.4136        0.116182E-02    0.567461E-04
     11.4147        0.117466E-02    0.474029E-04
     11.4150        0.117808E-02    0.449025E-04
     11.4153        0.118148E-02    0.423973E-04
     11.4164        0.119424E-02    0.329538E-04
     11.4178        0.121079E-02    0.205324E-04
     11.4190        0.122340E-02    0.109340E-04
     11.4193        0.122676E-02    0.836498E-05
     11.4195        0.123010E-02    0.579102E-05
     11.4207        0.124263E-02   -0.391297E-05
     11.4221        0.125888E-02   -0.166794E-04
     11.4232        0.127126E-02   -0.265462E-04
     11.4235        0.127455E-02   -0.291874E-04
     11.4238        0.127783E-02   -0.318337E-04
     11.4249        0.129012E-02   -0.418114E-04
     11.4263        0.130605E-02   -0.549402E-04
     11.4275        0.131819E-02   -0.650887E-04
     11.4278        0.132141E-02   -0.678055E-04
     11.4280        0.132463E-02   -0.705277E-04
     11.4292        0.133667E-02   -0.807925E-04
     11.4306        0.135228E-02   -0.943010E-04
     11.4317        0.136416E-02   -0.104745E-03
     11.4320        0.136732E-02   -0.107541E-03
     11.4323        0.137047E-02   -0.110342E-03
     11.4334        0.138225E-02   -0.120908E-03
     11.4348        0.139751E-02   -0.134813E-03
     11.4360        0.140913E-02   -0.145566E-03
     11.4363        0.141222E-02   -0.148445E-03
     11.4365        0.141530E-02   -0.151329E-03
     11.4377        0.142681E-02   -0.162209E-03
     11.4391        0.144172E-02   -0.176529E-03
     11.4402        0.145306E-02   -0.187604E-03
     11.4405        0.145607E-02   -0.190569E-03
     11.4408        0.145908E-02   -0.193541E-03
     11.4419        0.147031E-02   -0.204747E-03
     11.4433        0.148485E-02   -0.219501E-03
     11.4445        0.149591E-02   -0.230911E-03
     11.4448        0.149884E-02   -0.233967E-03
     11.4450        0.150177E-02   -0.237028E-03
     11.4462        0.151271E-02   -0.248576E-03
     11.4476        0.152686E-02   -0.263781E-03
     11.4487        0.153762E-02   -0.275540E-03
     11.4490        0.154047E-02   -0.278689E-03
     11.4493        0.154332E-02   -0.281845E-03
     11.4504        0.155396E-02   -0.293748E-03
     11.4518        0.156771E-02   -0.309421E-03
     11.4530        0.157816E-02   -0.321544E-03
     11.4533        0.158093E-02   -0.324790E-03
     11.4535        0.158370E-02   -0.328044E-03
     11.4547        0.159402E-02   -0.340316E-03
     11.4561        0.160736E-02   -0.356475E-03
     11.4572        0.161748E-02   -0.368975E-03
     11.4575        0.162016E-02   -0.372322E-03
     11.4578        0.162284E-02   -0.375677E-03
     11.4589        0.163284E-02   -0.388331E-03
     11.4603        0.164574E-02   -0.404995E-03
     11.4615        0.165553E-02   -0.417886E-03
     11.4618        0.165812E-02   -0.421338E-03
     11.4620        0.166071E-02   -0.424797E-03
     11.4632        0.167036E-02   -0.437848E-03
     11.4646        0.168282E-02   -0.455034E-03
     11.4657        0.169226E-02   -0.468329E-03
     11.4660        0.169476E-02   -0.471889E-03
     11.4663        0.169725E-02   -0.475458E-03
     11.4674        0.170655E-02   -0.488918E-03
     11.4688        0.171854E-02   -0.506644E-03
     11.4700        0.172761E-02   -0.520357E-03
     11.4703        0.173002E-02   -0.524030E-03
     11.4705        0.173241E-02   -0.527710E-03
     11.4717        0.174134E-02   -0.541594E-03
     11.4731        0.175284E-02   -0.559877E-03
     11.4742        0.176154E-02   -0.574022E-03
     11.4745        0.176384E-02   -0.577810E-03
     11.4748        0.176614E-02   -0.581606E-03
     11.4759        0.177468E-02   -0.595927E-03
     11.4773        0.178567E-02   -0.614785E-03
     11.4785        0.179398E-02   -0.629374E-03
     11.4788        0.179618E-02   -0.633281E-03
     11.4790        0.179837E-02   -0.637197E-03
     11.4802        0.180651E-02   -0.651967E-03
     11.4816        0.181698E-02   -0.671418E-03
     11.4827        0.182488E-02   -0.686465E-03
     11.4830        0.182697E-02   -0.690494E-03
     11.4833        0.182905E-02   -0.694532E-03
     11.4844        0.183678E-02   -0.709766E-03
     11.4858        0.184670E-02   -0.729826E-03
     11.4870        0.185417E-02   -0.745341E-03
     11.4873        0.185615E-02   -0.749496E-03
     11.4875        0.185811E-02   -0.753659E-03
     11.4887        0.186541E-02   -0.769371E-03
     11.4901        0.187476E-02   -0.790061E-03
     11.4912        0.188180E-02   -0.806048E-03
     11.4915        0.188367E-02   -0.810325E-03
     11.4918        0.188552E-02   -0.814614E-03
     11.4929        0.189235E-02   -0.830830E-03
     11.4943        0.190109E-02   -0.852184E-03
     11.4955        0.190773E-02   -0.868607E-03
     11.4958        0.190950E-02   -0.872981E-03
     11.4960        0.191125E-02   -0.877378E-03
     11.4972        0.191752E-02   -0.894195E-03
     11.4986        0.192552E-02   -0.916340E-03
     11.4997        0.193200E-02   -0.932927E-03
     11.5000        0.193384E-02   -0.937228E-03
     11.5000        0.193384E-02   -0.937228E-03
     11.5003        0.192319E-02   -0.943941E-03
     11.5017        0.188399E-02   -0.968307E-03
     11.5033        0.183410E-02   -0.998703E-03
     11.5047        0.179631E-02   -0.102149E-02
     11.5050        0.178624E-02   -0.102755E-02
     11.5053        0.177619E-02   -0.103359E-02
     11.5067        0.173881E-02   -0.105589E-02
     11.5083        0.169074E-02   -0.108419E-02
     11.5097        0.165433E-02   -0.110538E-02
     11.5100        0.164468E-02   -0.111097E-02
     11.5103        0.163506E-02   -0.111652E-02
     11.5117        0.159920E-02   -0.113708E-02
     11.5133        0.155299E-02   -0.116324E-02
     11.5147        0.151801E-02   -0.118279E-02
     11.5150        0.150875E-02   -0.118793E-02
     11.5153        0.149951E-02   -0.119304E-02
     11.5167        0.146509E-02   -0.121195E-02
     11.5183        0.142072E-02   -0.123598E-02
     11.5197        0.138714E-02   -0.125392E-02
     11.5200        0.137825E-02   -0.125863E-02
     11.5203        0.136939E-02   -0.126331E-02
     11.5217        0.133636E-02   -0.128062E-02
     11.5233        0.129380E-02   -0.130258E-02
     11.5247        0.126159E-02   -0.131894E-02
     11.5250        0.125307E-02   -0.132323E-02
     11.5253        0.124457E-02   -0.132749E-02
     11.5267        0.121290E-02   -0.134323E-02
     11.5283        0.117210E-02   -0.136315E-02
     11.5297        0.114124E-02   -0.137797E-02
     11.5300        0.113307E-02   -0.138184E-02
     11.5303        0.112493E-02   -0.138570E-02
     11.5317        0.109459E-02   -0.139990E-02
     11.5333        0.105553E-02   -0.141783E-02
     11.5347        0.102598E-02   -0.143112E-02
     11.5350        0.101816E-02   -0.143460E-02
     11.5353        0.101037E-02   -0.143804E-02
     11.5367        0.981340E-03   -0.145074E-02
     11.5383        0.943971E-03   -0.146671E-02
     11.5397        0.915716E-03   -0.147851E-02
     11.5400        0.908244E-03   -0.148158E-02
     11.5403        0.900795E-03   -0.148464E-02
     11.5417        0.873051E-03   -0.149584E-02
     11.5433        0.837351E-03   -0.150989E-02
     11.5447        0.810370E-03   -0.152021E-02
     11.5450        0.803236E-03   -0.152290E-02
     11.5453        0.796126E-03   -0.152556E-02
     11.5467        0.769648E-03   -0.153530E-02
     11.5483        0.735594E-03   -0.154744E-02
     11.5497        0.709869E-03   -0.155631E-02
     11.5500        0.703069E-03   -0.155861E-02
     11.5503        0.696292E-03   -0.156088E-02
     11.5517        0.671064E-03   -0.156917E-02
     11.5533        0.638634E-03   -0.157943E-02
     11.5547        0.614150E-03   -0.158687E-02
     11.5550        0.607680E-03   -0.158878E-02
     11.5553        0.601233E-03   -0.159067E-02
     11.5567        0.577241E-03   -0.159753E-02
     11.5583        0.546419E-03   -0.160593E-02
     11.5597        0.523163E-03   -0.161193E-02
     11.5600        0.517020E-03   -0.161347E-02
     11.5603        0.510900E-03   -0.161498E-02
     11.5617        0.488132E-03   -0.162042E-02
     11.5633        0.458904E-03   -0.162697E-02
     11.5647        0.436867E-03   -0.163156E-02
     11.5650        0.431049E-03   -0.163272E-02
     11.5653        0.425253E-03   -0.163385E-02
     11.5667        0.403701E-03   -0.163788E-02
     11.5683        0.376056E-03   -0.164259E-02
     11.5697        0.355231E-03   -0.164577E-02
     11.5700        0.349736E-03   -0.164655E-02
     11.5703        0.344262E-03   -0.164731E-02
     11.5717        0.323920E-03   -0.164993E-02
     11.5733        0.297852E-03   -0.165280E-02
     11.5747        0.278235E-03   -0.165458E-02
     11.5750        0.273061E-03   -0.165499E-02
     11.5753        0.267909E-03   -0.165538E-02
     11.5767        0.248773E-03   -0.165660E-02
     11.5783        0.224279E-03   -0.165763E-02
     11.5797        0.205867E-03   -0.165801E-02
     11.5800        0.201014E-03   -0.165805E-02
     11.5803        0.196184E-03   -0.165806E-02
     11.5817        0.178253E-03   -0.165787E-02
     11.5833        0.155332E-03   -0.165708E-02
     11.5847        0.138126E-03   -0.165605E-02
     11.5850        0.133594E-03   -0.165571E-02
     11.5853        0.129085E-03   -0.165535E-02
     11.5867        0.112362E-03   -0.165376E-02
     11.5883        0.910165E-04   -0.165113E-02
     11.5897        0.750199E-04   -0.164870E-02
     11.5900        0.708108E-04   -0.164799E-02
     11.5903        0.666241E-04   -0.164725E-02
     11.5917        0.511118E-04   -0.164425E-02
     11.5933        0.313486E-04   -0.163978E-02
     11.5947        0.165666E-04   -0.163593E-02
     11.5950        0.126814E-04   -0.163484E-02
     11.5953        0.881887E-05   -0.163373E-02
     11.5967       -0.547591E-05   -0.162931E-02
     11.5983       -0.236474E-04   -0.162299E-02
     11.5997       -0.372068E-04   -0.161772E-02
     11.6000       -0.407658E-04   -0.161625E-02
     11.6003       -0.443020E-04   -0.161476E-02
     11.6017       -0.573703E-04   -0.160891E-02
     11.6033       -0.739375E-04   -0.160073E-02
     11.6047       -0.862638E-04   -0.159403E-02
     11.6050       -0.894937E-04   -0.159218E-02
     11.6053       -0.927006E-04   -0.159030E-02
     11.6067       -0.104531E-03   -0.158302E-02
     11.6083       -0.119478E-03   -0.157296E-02
     11.6097       -0.130558E-03   -0.156481E-02
     11.6100       -0.133456E-03   -0.156258E-02
     11.6103       -0.136330E-03   -0.156032E-02
     11.6117       -0.146908E-03   -0.155159E-02
     11.6133       -0.160216E-03   -0.153963E-02
     11.6147       -0.170035E-03   -0.153002E-02
     11.6150       -0.172596E-03   -0.152740E-02
     11.6153       -0.175133E-03   -0.152475E-02
     11.6167       -0.184443E-03   -0.151455E-02
     11.6183       -0.196090E-03   -0.150068E-02
     11.6197       -0.204630E-03   -0.148960E-02
     11.6200       -0.206849E-03   -0.148658E-02
     11.6203       -0.209044E-03   -0.148353E-02
     11.6217       -0.217068E-03   -0.147186E-02
     11.6233       -0.227027E-03   -0.145604E-02
     11.6247       -0.234268E-03   -0.144347E-02
     11.6250       -0.236140E-03   -0.144005E-02
     11.6253       -0.237987E-03   -0.143661E-02
     11.6267       -0.244703E-03   -0.142343E-02
     11.6283       -0.252947E-03   -0.140565E-02
     11.6297       -0.258866E-03   -0.139156E-02
     11.6300       -0.260385E-03   -0.138774E-02
     11.6303       -0.261879E-03   -0.138390E-02
     11.6317       -0.267263E-03   -0.136920E-02
     11.6333       -0.273760E-03   -0.134943E-02
     11.6347       -0.278332E-03   -0.133381E-02
     11.6350       -0.279490E-03   -0.132958E-02
     11.6353       -0.280624E-03   -0.132532E-02
     11.6367       -0.284650E-03   -0.130908E-02
     11.6383       -0.289365E-03   -0.128729E-02
     11.6397       -0.292562E-03   -0.127012E-02
     11.6400       -0.293353E-03   -0.126547E-02
     11.6403       -0.294118E-03   -0.126080E-02
     11.6417       -0.296759E-03   -0.124300E-02
     11.6433       -0.299653E-03   -0.121915E-02
     11.6447       -0.301446E-03   -0.120040E-02
     11.6450       -0.301861E-03   -0.119534E-02
     11.6453       -0.302250E-03   -0.119024E-02
     11.6467       -0.303473E-03   -0.117085E-02
     11.6483       -0.304505E-03   -0.114493E-02
     11.6497       -0.304860E-03   -0.112458E-02
     11.6500       -0.304891E-03   -0.111908E-02
     11.6503       -0.304895E-03   -0.111356E-02
     11.6517       -0.304667E-03   -0.109256E-02
     11.6533       -0.303792E-03   -0.106453E-02
     11.6547       -0.302675E-03   -0.104255E-02
     11.6550       -0.302312E-03   -0.103662E-02
     11.6553       -0.301921E-03   -0.103066E-02
     11.6567       -0.300206E-03   -0.100802E-02
     11.6583       -0.297376E-03   -0.977846E-03
     11.6597       -0.294749E-03   -0.954217E-03
     11.6600       -0.293982E-03   -0.947848E-03
     11.6603       -0.293186E-03   -0.941448E-03
     11.6617       -0.289945E-03   -0.917152E-03
     11.6633       -0.285108E-03   -0.884797E-03
     11.6647       -0.280931E-03   -0.859493E-03
     11.6650       -0.279749E-03   -0.852677E-03
     11.6653       -0.278538E-03   -0.845829E-03
     11.6667       -0.273729E-03   -0.819849E-03
     11.6683       -0.266831E-03   -0.785287E-03
     11.6697       -0.261061E-03   -0.758283E-03
     11.6700       -0.259452E-03   -0.751013E-03
     11.6703       -0.257813E-03   -0.743711E-03
     11.6717       -0.251394E-03   -0.716022E-03
     11.6733       -0.242376E-03   -0.679221E-03
     11.6747       -0.234967E-03   -0.650496E-03
     11.6750       -0.232919E-03   -0.642765E-03
     11.6753       -0.230841E-03   -0.635003E-03
     11.6767       -0.222764E-03   -0.605583E-03
     11.6783       -0.211564E-03   -0.566514E-03
     11.6797       -0.202468E-03   -0.536044E-03
     11.6800       -0.199969E-03   -0.527848E-03
     11.6803       -0.197438E-03   -0.519619E-03
     11.6817       -0.187655E-03   -0.488446E-03
     11.6833       -0.174208E-03   -0.447082E-03
     11.6847       -0.163374E-03   -0.414847E-03
     11.6850       -0.160410E-03   -0.406180E-03
     11.6853       -0.157413E-03   -0.397479E-03
     11.6867       -0.145870E-03   -0.364534E-03
     11.6883       -0.130108E-03   -0.320850E-03
     11.6897       -0.117483E-03   -0.286831E-03
     11.6900       -0.114039E-03   -0.277688E-03
     11.6903       -0.110561E-03   -0.268512E-03
     11.6917       -0.972049E-04   -0.233776E-03
     11.6933       -0.790544E-04   -0.187752E-03
     11.6947       -0.645821E-04   -0.151935E-03
     11.6950       -0.606432E-04   -0.142312E-03
     11.6953       -0.566694E-04   -0.132655E-03
     11.6967       -0.414428E-04   -0.961160E-04
     11.6983       -0.208283E-04   -0.477333E-04
     11.6997       -0.444953E-05   -0.101058E-04
     11.7000        0.986113E-16    0.419677E-16
