 Toroidal magnetic field
     8.70000        0.103481E-02    0.104706E-02
     8.70139        0.103310E-02    0.137708E-02
     8.70660        0.951792E-03    0.210585E-02
     8.71339        0.754559E-03    0.197633E-02
     8.71859        0.533046E-03    0.104596E-02
     8.71998        0.463666E-03    0.676052E-03
     8.72101        0.420773E-03    0.676456E-03
     8.72485        0.266472E-03    0.647072E-03
     8.72987        0.809341E-04    0.534024E-03
     8.73372       -0.492281E-04    0.389299E-03
     8.73474       -0.821524E-04    0.342173E-03
     8.73576       -0.113054E-03    0.342247E-03
     8.73961       -0.207961E-03    0.359261E-03
     8.74462       -0.283294E-03    0.419565E-03
     8.74845       -0.304938E-03    0.493874E-03
     8.74948       -0.305509E-03    0.517699E-03
     8.75050       -0.302535E-03    0.551435E-03
     8.75434       -0.263742E-03    0.688155E-03
     8.75934       -0.149506E-03    0.889516E-03
     8.76317       -0.147177E-04    0.106070E-02
     8.76419        0.279765E-04    0.110871E-02
     8.76521        0.752678E-04    0.115899E-02
     8.76904        0.278246E-03    0.134064E-02
     8.77404        0.601137E-03    0.156094E-02
     8.77787        0.891128E-03    0.171695E-02
     8.77889        0.974435E-03    0.175665E-02
     8.77991        0.106176E-02    0.179466E-02
     8.78373        0.140385E-02    0.191335E-02
     8.78872        0.188169E-02    0.201226E-02
     8.79254        0.226989E-02    0.204603E-02
     8.79356        0.237633E-02    0.204896E-02
     8.79458        0.248476E-02    0.204746E-02
     8.79840        0.288837E-02    0.200733E-02
     8.80338        0.340423E-02    0.187474E-02
     8.80719        0.378898E-02    0.171308E-02
     8.80821        0.388970E-02    0.166137E-02
     8.80923        0.398983E-02    0.160417E-02
     8.81304        0.434344E-02    0.135533E-02
     8.81801        0.474966E-02    0.951845E-03
     8.82182        0.501660E-02    0.584140E-03
     8.82284        0.508102E-02    0.477803E-03
     8.82385        0.514131E-02    0.366145E-03
     8.82766        0.532891E-02   -0.760270E-04
     8.83263        0.548191E-02   -0.704661E-03
     8.83643        0.552894E-02   -0.122335E-02
     8.83744        0.553120E-02   -0.136667E-02
     8.83846        0.552698E-02   -0.151301E-02
     8.84226        0.546535E-02   -0.206480E-02
     8.84722        0.527749E-02   -0.278820E-02
     8.85102        0.505235E-02   -0.334296E-02
     8.85203        0.498060E-02   -0.349058E-02
     8.85304        0.490180E-02   -0.363761E-02
     8.85684        0.456460E-02   -0.416771E-02
     8.86179        0.402851E-02   -0.480615E-02
     8.86558        0.354607E-02   -0.525319E-02
     8.86659        0.340726E-02   -0.536596E-02
     8.86760        0.326272E-02   -0.547428E-02
     8.87139        0.269427E-02   -0.583767E-02
     8.87634        0.189381E-02   -0.620905E-02
     8.88013        0.123785E-02   -0.641465E-02
     8.88113        0.105713E-02   -0.645784E-02
     8.88214        0.873664E-03   -0.649355E-02
     8.88593        0.182525E-03   -0.657209E-02
     8.89087       -0.722463E-03   -0.654392E-02
     8.89465       -0.141598E-02   -0.642320E-02
     8.89565       -0.160048E-02   -0.637663E-02
     8.89666       -0.178380E-02   -0.632131E-02
     8.90044       -0.244865E-02   -0.605903E-02
     8.90537       -0.325887E-02   -0.558934E-02
     8.90915       -0.383397E-02   -0.513376E-02
     8.91015       -0.398027E-02   -0.499860E-02
     8.91116       -0.412152E-02   -0.485565E-02
     8.91493       -0.460683E-02   -0.427920E-02
     8.91986       -0.513241E-02   -0.343533E-02
     8.92363       -0.545162E-02   -0.272106E-02
     8.92463       -0.552431E-02   -0.252116E-02
     8.92563       -0.558915E-02   -0.231652E-02
     8.92940       -0.577583E-02   -0.153425E-02
     8.93432       -0.588484E-02   -0.483080E-03
     8.93808       -0.586526E-02    0.342968E-03
     8.93909       -0.584495E-02    0.565736E-03
     8.94009       -0.581574E-02    0.788773E-03
     8.94385       -0.565069E-02    0.160933E-02
     8.94876       -0.530497E-02    0.263789E-02
     8.95252       -0.494121E-02    0.339142E-02
     8.95352       -0.482994E-02    0.358683E-02
     8.95452       -0.471087E-02    0.377770E-02
     8.95828       -0.422321E-02    0.444928E-02
     8.96318       -0.349218E-02    0.521740E-02
     8.96693       -0.286128E-02    0.572156E-02
     8.96793       -0.268306E-02    0.584334E-02
     8.96893       -0.250009E-02    0.595664E-02
     8.97268       -0.179738E-02    0.631861E-02
     8.97758       -0.845144E-03    0.664016E-02
     8.98133       -0.906452E-04    0.677059E-02
     8.98232        0.113739E-03    0.678831E-02
     8.98332        0.318535E-03    0.679558E-02
     8.98707        0.107389E-02    0.675589E-02
     8.99195        0.202546E-02    0.654584E-02
     8.99570        0.272643E-02    0.626423E-02
     8.99669        0.290881E-02    0.617161E-02
     8.99769        0.308700E-02    0.606911E-02
     9.00143        0.371569E-02    0.563004E-02
     9.00631        0.443893E-02    0.492984E-02
     9.01005        0.491713E-02    0.429730E-02
     9.01104        0.503320E-02    0.411491E-02
     9.01204        0.514146E-02    0.392566E-02
     9.01577        0.548993E-02    0.318728E-02
     9.02065        0.580635E-02    0.215961E-02
     9.02438        0.594199E-02    0.132499E-02
     9.02537        0.596239E-02    0.109598E-02
     9.02637        0.597309E-02    0.864933E-03
     9.03010        0.595125E-02    0.351273E-05
     9.03496        0.577575E-02   -0.110425E-02
     9.03869        0.552873E-02   -0.193845E-02
     9.03968        0.544645E-02   -0.215829E-02
     9.04067        0.535508E-02   -0.237449E-02
     9.04440        0.496070E-02   -0.314718E-02
     9.04925        0.432514E-02   -0.406135E-02
     9.05297        0.374635E-02   -0.468809E-02
     9.05397        0.357883E-02   -0.484406E-02
     9.05496        0.340488E-02   -0.499162E-02
     9.05868        0.272395E-02   -0.548268E-02
     9.06353        0.177070E-02   -0.597306E-02
     9.06724        0.992220E-03   -0.623245E-02
     9.06823        0.777984E-03   -0.628438E-02
     9.06922        0.561617E-03   -0.632522E-02
     9.07293       -0.248032E-03   -0.640709E-02
     9.07778       -0.129649E-02   -0.634415E-02
     9.08149       -0.209189E-02   -0.616553E-02
     9.08248       -0.230239E-02   -0.609882E-02
     9.08346       -0.251006E-02   -0.602100E-02
     9.08717       -0.325658E-02   -0.566690E-02
     9.09201       -0.415049E-02   -0.505836E-02
     9.09571       -0.477229E-02   -0.448033E-02
     9.09670       -0.492849E-02   -0.431004E-02
     9.09769       -0.507745E-02   -0.413145E-02
     9.10139       -0.558069E-02   -0.342452E-02
     9.10622       -0.610321E-02   -0.241671E-02
     9.10992       -0.639947E-02   -0.158024E-02
     9.11090       -0.646298E-02   -0.134815E-02
     9.11189       -0.651651E-02   -0.111272E-02
     9.11559       -0.665180E-02   -0.227646E-03
     9.12041       -0.667182E-02    0.928770E-03
     9.12410       -0.656660E-02    0.181448E-02
     9.12509       -0.652084E-02    0.205018E-02
     9.12607       -0.646477E-02    0.228318E-02
     9.12976       -0.619476E-02    0.312301E-02
     9.13458       -0.570131E-02    0.413462E-02
     9.13827       -0.521524E-02    0.484363E-02
     9.13925       -0.506997E-02    0.502262E-02
     9.14023       -0.491657E-02    0.519349E-02
     9.14392       -0.430197E-02    0.577234E-02
     9.14873       -0.340899E-02    0.637789E-02
     9.15241       -0.265591E-02    0.672582E-02
     9.15339       -0.244532E-02    0.680136E-02
     9.15437       -0.223084E-02    0.686534E-02
     9.15805       -0.141752E-02    0.703097E-02
     9.16286       -0.338286E-03    0.706942E-02
     9.16653        0.501010E-03    0.696198E-02
     9.16751        0.726229E-03    0.691322E-02
     9.16849        0.950058E-03    0.685243E-02
     9.17217        0.176562E-02    0.655685E-02
     9.17696        0.276957E-02    0.601118E-02
     9.18064        0.349105E-02    0.547036E-02
     9.18162        0.367605E-02    0.530831E-02
     9.18259        0.385461E-02    0.513689E-02
     9.18627        0.447328E-02    0.445079E-02
     9.19105        0.515645E-02    0.345498E-02
     9.19472        0.558329E-02    0.261542E-02
     9.19570        0.568267E-02    0.238063E-02
     9.19668        0.577214E-02    0.214163E-02
     9.20034        0.604225E-02    0.123799E-02
     9.20512        0.623743E-02    0.446047E-04
     9.20879        0.626535E-02   -0.879725E-03
     9.20976        0.625485E-02   -0.112728E-02
     9.21074        0.623342E-02   -0.137271E-02
     9.21440        0.608973E-02   -0.226224E-02
     9.21917        0.575152E-02   -0.334624E-02
     9.22283        0.537633E-02   -0.411678E-02
     9.22381        0.525933E-02   -0.431309E-02
     9.22478        0.513319E-02   -0.450141E-02
     9.22844        0.461516E-02   -0.514622E-02
     9.23320        0.383370E-02   -0.583902E-02
     9.23686        0.315419E-02   -0.625476E-02
     9.23783        0.296137E-02   -0.634851E-02
     9.23880        0.276360E-02   -0.643040E-02
     9.24245        0.200707E-02   -0.666144E-02
     9.24721        0.987184E-03   -0.678070E-02
     9.25086        0.181361E-03   -0.673153E-02
     9.25183       -0.367748E-04   -0.669774E-02
     9.25280       -0.254336E-03   -0.665132E-02
     9.25645       -0.105086E-02   -0.640639E-02
     9.26121       -0.204118E-02   -0.591856E-02
     9.26485       -0.276129E-02   -0.541542E-02
     9.26582       -0.294731E-02   -0.526239E-02
     9.26679       -0.312730E-02   -0.509929E-02
     9.27043       -0.375362E-02   -0.444074E-02
     9.27518       -0.445254E-02   -0.347163E-02
     9.27881       -0.489611E-02   -0.264503E-02
     9.27978       -0.500065E-02   -0.241255E-02
     9.28075       -0.509521E-02   -0.217525E-02
     9.28439       -0.538473E-02   -0.127497E-02
     9.28913       -0.560593E-02   -0.783896E-04
     9.29276       -0.565429E-02    0.854610E-03
     9.29373       -0.564930E-02    0.110543E-02
     9.29470       -0.563301E-02    0.135449E-02
     9.29833       -0.550776E-02    0.225921E-02
     9.30306       -0.519139E-02    0.336709E-02
     9.30669       -0.483098E-02    0.415939E-02
     9.30766       -0.471760E-02    0.436205E-02
     9.30863       -0.459467E-02    0.455674E-02
     9.31225       -0.408801E-02    0.522539E-02
     9.31698       -0.331929E-02    0.594928E-02
     9.32060       -0.264754E-02    0.638910E-02
     9.32157       -0.245645E-02    0.648932E-02
     9.32253       -0.226009E-02    0.657742E-02
     9.32615       -0.150932E-02    0.683039E-02
     9.33088       -0.497361E-03    0.697509E-02
     9.33450        0.302572E-03    0.694308E-02
     9.33546        0.519222E-03    0.691353E-02
     9.33642        0.735173E-03    0.687091E-02
     9.34004        0.152373E-02    0.663840E-02
     9.34476        0.249963E-02    0.616244E-02
     9.34837        0.320617E-02    0.566501E-02
     9.34933        0.338826E-02    0.551301E-02
     9.35029        0.356382E-02    0.535050E-02
     9.35391        0.417043E-02    0.469292E-02
     9.35862        0.483670E-02    0.372203E-02
     9.36223        0.525044E-02    0.289160E-02
     9.36319        0.534638E-02    0.265772E-02
     9.36415        0.543169E-02    0.241877E-02
     9.36776        0.568309E-02    0.151260E-02
     9.37246        0.584706E-02    0.308667E-03
     9.37606        0.584617E-02   -0.629940E-03
     9.37702        0.582731E-02   -0.882276E-03
     9.37798        0.579651E-02   -0.113274E-02
     9.38159        0.561459E-02   -0.204073E-02
     9.38628        0.521939E-02   -0.314839E-02
     9.38988        0.479509E-02   -0.393735E-02
     9.39084        0.466421E-02   -0.413869E-02
     9.39180        0.452348E-02   -0.433159E-02
     9.39540        0.394989E-02   -0.499022E-02
     9.40009        0.309370E-02   -0.569351E-02
     9.40369        0.235484E-02   -0.611208E-02
     9.40464        0.214588E-02   -0.620586E-02
     9.40560        0.193195E-02   -0.628684E-02
     9.40919        0.111786E-02   -0.650961E-02
     9.41388        0.295773E-04   -0.660700E-02
     9.41747       -0.824034E-03   -0.653293E-02
     9.41843       -0.105428E-02   -0.649136E-02
     9.41938       -0.128297E-02   -0.643607E-02
     9.42297       -0.211383E-02   -0.615397E-02
     9.42765       -0.313195E-02   -0.560870E-02
     9.43124       -0.386091E-02   -0.505484E-02
     9.43219       -0.404752E-02   -0.488735E-02
     9.43315       -0.422668E-02   -0.470904E-02
     9.43673       -0.483991E-02   -0.399293E-02
     9.44141       -0.549874E-02   -0.294777E-02
     9.44499       -0.589464E-02   -0.206216E-02
     9.44594       -0.598407E-02   -0.181386E-02
     9.44690       -0.606185E-02   -0.156074E-02
     9.45047       -0.627859E-02   -0.605681E-03
     9.45514       -0.638234E-02    0.651659E-03
     9.45872       -0.632413E-02    0.162317E-02
     9.45967       -0.628839E-02    0.188309E-02
     9.46063       -0.623973E-02    0.214028E-02
     9.46420       -0.598663E-02    0.306607E-02
     9.46886       -0.548912E-02    0.417932E-02
     9.47244       -0.497959E-02    0.495908E-02
     9.47339       -0.482506E-02    0.515599E-02
     9.47434       -0.466040E-02    0.534311E-02
     9.47791       -0.399645E-02    0.597112E-02
     9.48257       -0.302141E-02    0.661345E-02
     9.48614       -0.219114E-02    0.696931E-02
     9.48709       -0.195782E-02    0.704407E-02
     9.48804       -0.171937E-02    0.710456E-02
     9.49160       -0.817275E-03    0.724245E-02
     9.49626        0.375718E-03    0.721031E-02
     9.49982        0.130141E-02    0.702282E-02
     9.50077        0.154961E-02    0.694898E-02
     9.50172        0.179545E-02    0.686027E-02
     9.50528        0.268415E-02    0.644815E-02
     9.50993        0.376217E-02    0.572271E-02
     9.51349        0.452503E-02    0.502306E-02
     9.51444        0.471891E-02    0.481563E-02
     9.51538        0.490370E-02    0.459693E-02
     9.51894        0.552944E-02    0.372986E-02
     9.52358        0.618394E-02    0.248955E-02
     9.52714        0.656055E-02    0.145617E-02
     9.52809        0.664249E-02    0.116879E-02
     9.52903        0.671133E-02    0.877086E-03
     9.53259        0.688626E-02   -0.216550E-03
     9.53722        0.691578E-02   -0.163946E-02
     9.54077        0.678547E-02   -0.272579E-02
     9.54172        0.672828E-02   -0.301449E-02
     9.54267        0.665759E-02   -0.329906E-02
     9.54622        0.631636E-02   -0.431699E-02
     9.55085        0.569060E-02   -0.552488E-02
     9.55439        0.507235E-02   -0.635725E-02
     9.55534        0.488729E-02   -0.656522E-02
     9.55628        0.469393E-02   -0.676129E-02
     9.55983        0.391909E-02   -0.741032E-02
     9.56445        0.279046E-02   -0.804995E-02
     9.56800        0.183425E-02   -0.838042E-02
     9.56894        0.156601E-02   -0.844497E-02
     9.56989        0.131373E-02   -0.849318E-02
     9.57343        0.357523E-03   -0.857375E-02
     9.57805       -0.916525E-03   -0.844022E-02
     9.58159       -0.191734E-02   -0.815455E-02
     9.58253       -0.218803E-02   -0.805155E-02
     9.58347       -0.245311E-02   -0.793205E-02
     9.58701       -0.340461E-02   -0.739752E-02
     9.59163       -0.454160E-02   -0.649613E-02
     9.59516       -0.533146E-02   -0.564927E-02
     9.59610       -0.552980E-02   -0.540082E-02
     9.59705       -0.571736E-02   -0.514056E-02
     9.60058       -0.634318E-02   -0.411674E-02
     9.60519       -0.697351E-02   -0.267039E-02
     9.60872       -0.731305E-02   -0.147821E-02
     9.60966       -0.738241E-02   -0.114843E-02
     9.61060       -0.743640E-02   -0.814923E-03
     9.61413       -0.754676E-02    0.429812E-03
     9.61874       -0.747088E-02    0.203574E-02
     9.62227       -0.724349E-02    0.325111E-02
     9.62321       -0.715805E-02    0.357250E-02
     9.62415       -0.705715E-02    0.388825E-02
     9.62767       -0.659825E-02    0.501246E-02
     9.63227       -0.580906E-02    0.633299E-02
     9.63580       -0.505819E-02    0.723127E-02
     9.63674       -0.483674E-02    0.745375E-02
     9.63768       -0.460408E-02    0.766241E-02
     9.64120       -0.368626E-02    0.834613E-02
     9.64579       -0.238342E-02    0.900067E-02
     9.64932       -0.130475E-02    0.931884E-02
     9.65025       -0.100567E-02    0.937658E-02
     9.65119       -0.702870E-03    0.941589E-02
     9.65471        0.428219E-03    0.945206E-02
     9.65930        0.189008E-02    0.923405E-02
     9.66282        0.299866E-02    0.886293E-02
     9.66376        0.329218E-02    0.873408E-02
     9.66469        0.358070E-02    0.858724E-02
     9.66821        0.460770E-02    0.794374E-02
     9.67279        0.581367E-02    0.688485E-02
     9.67631        0.663384E-02    0.590532E-02
     9.67724        0.683697E-02    0.561975E-02
     9.67818        0.702742E-02    0.532171E-02
     9.68169        0.764987E-02    0.415638E-02
     9.68627        0.824145E-02    0.252590E-02
     9.68978        0.852453E-02    0.119296E-02
     9.69072        0.857486E-02    0.825721E-03
     9.69166        0.860820E-02    0.455144E-03
     9.69516        0.862963E-02   -0.922349E-03
     9.69974        0.841055E-02   -0.268625E-02
     9.70325        0.805248E-02   -0.401087E-02
     9.70418        0.792914E-02   -0.435963E-02
     9.70512        0.778893E-02   -0.470099E-02
     9.70862        0.717696E-02   -0.591052E-02
     9.71320        0.617482E-02   -0.731654E-02
     9.71670        0.525056E-02   -0.826028E-02
     9.71763        0.498141E-02   -0.849191E-02
     9.71857        0.470062E-02   -0.870749E-02
     9.72207        0.360424E-02   -0.940485E-02
     9.72664        0.207356E-02   -0.100476E-01
     9.73014        0.824302E-03   -0.103337E-01
     9.73107        0.480380E-03   -0.103795E-01
     9.73200        0.133352E-03   -0.104047E-01
     9.73550       -0.115448E-02   -0.103775E-01
     9.74007       -0.279874E-02   -0.100520E-01
     9.74356       -0.402999E-02   -0.957899E-02
     9.74450       -0.435367E-02   -0.942013E-02
     9.74543       -0.467023E-02   -0.924184E-02
     9.74892       -0.578883E-02   -0.847482E-02
     9.75348       -0.708160E-02   -0.724143E-02
     9.75698       -0.794305E-02   -0.611764E-02
     9.75791       -0.815346E-02   -0.579206E-02
     9.75884       -0.834845E-02   -0.545378E-02
     9.76233       -0.897320E-02   -0.413821E-02
     9.76689       -0.953257E-02   -0.231332E-02
     9.77038       -0.976375E-02   -0.832297E-03
     9.77131       -0.979626E-02   -0.425703E-03
     9.77224       -0.980917E-02   -0.167709E-04
     9.77573       -0.974223E-02    0.149753E-02
     9.78028       -0.937989E-02    0.342305E-02
     9.78377       -0.889045E-02    0.485869E-02
     9.78470       -0.872893E-02    0.523515E-02
     9.78563       -0.854914E-02    0.560278E-02
     9.78912       -0.778293E-02    0.689938E-02
     9.79367       -0.656594E-02    0.839151E-02
     9.79715       -0.546644E-02    0.938004E-02
     9.79808       -0.514903E-02    0.962049E-02
     9.79901       -0.482090E-02    0.984384E-02
     9.80249       -0.354850E-02    0.105576E-01
     9.80704       -0.179162E-02    0.111910E-01
     9.81052       -0.371306E-03    0.114459E-01
     9.81145        0.178929E-04    0.114799E-01
     9.81237        0.408568E-03    0.114914E-01
     9.81586        0.185109E-02    0.114028E-01
     9.82040        0.367540E-02    0.109730E-01
     9.82388        0.502784E-02    0.104012E-01
     9.82480        0.538133E-02    0.102132E-01
     9.82573        0.572567E-02    0.100045E-01
     9.82921        0.693470E-02    0.911873E-02
     9.83375        0.831255E-02    0.771851E-02
     9.83723        0.921378E-02    0.645750E-02
     9.83815        0.943104E-02    0.609395E-02
     9.83908        0.963042E-02    0.571737E-02
     9.84255        0.102574E-01    0.425972E-02
     9.84709        0.107859E-01    0.225323E-02
     9.85056        0.109672E-01    0.635765E-03
     9.85149        0.109826E-01    0.193202E-03
     9.85241        0.109762E-01   -0.250933E-03
     9.85589        0.108258E-01   -0.188992E-02
     9.86042        0.103287E-01   -0.396064E-02
     9.86389        0.971579E-02   -0.549433E-02
     9.86482        0.951841E-02   -0.589499E-02
     9.86574        0.930135E-02   -0.628498E-02
     9.86921        0.839083E-02   -0.765467E-02
     9.87374        0.697496E-02   -0.921663E-02
     9.87721        0.571483E-02   -0.102392E-01
     9.87814        0.535341E-02   -0.104859E-01
     9.87906        0.498007E-02   -0.107124E-01
     9.88253        0.354121E-02   -0.114272E-01
     9.88705        0.157509E-02   -0.120365E-01
     9.89052        0.793955E-06   -0.122536E-01
     9.89144       -0.428471E-03   -0.122747E-01
     9.89237       -0.858332E-03   -0.122714E-01
     9.89583       -0.243901E-02   -0.121195E-01
     9.90036       -0.442243E-02   -0.115878E-01
     9.90382       -0.588064E-02   -0.109231E-01
     9.90474       -0.625995E-02   -0.107081E-01
     9.90567       -0.662805E-02   -0.104715E-01
     9.90913       -0.791396E-02   -0.947809E-02
     9.91365       -0.936283E-02   -0.793085E-02
     9.91711       -0.102960E-01   -0.655190E-02
     9.91804       -0.105184E-01   -0.615614E-02
     9.91896       -0.107208E-01   -0.574726E-02
     9.92242       -0.113471E-01   -0.417164E-02
     9.92694       -0.118459E-01   -0.201874E-02
     9.93040       -0.119825E-01   -0.294623E-03
     9.93132       -0.119826E-01    0.175564E-03
     9.93224       -0.119592E-01    0.646236E-03
     9.93570       -0.117367E-01    0.237692E-02
     9.94022       -0.111256E-01    0.454872E-02
     9.94367       -0.104100E-01    0.614581E-02
     9.94460       -0.101830E-01    0.656133E-02
     9.94552       -0.993546E-02    0.696443E-02
     9.94897       -0.890818E-02    0.837327E-02
     9.95349       -0.733431E-02    0.996255E-02
     9.95694       -0.594857E-02    0.109880E-01
     9.95786       -0.555301E-02    0.112328E-01
     9.95878       -0.514577E-02    0.114556E-01
     9.96224       -0.358371E-02    0.121475E-01
     9.96675       -0.146623E-02    0.127056E-01
     9.97020        0.217057E-03    0.128672E-01
     9.97112        0.674350E-03    0.128711E-01
     9.97204        0.113098E-02    0.128493E-01
     9.97550        0.280340E-02    0.126229E-01
     9.98001        0.488586E-02    0.119818E-01
     9.98346        0.640421E-02    0.112238E-01
     9.98438        0.679724E-02    0.109827E-01
     9.98530        0.717719E-02    0.107194E-01
     9.98875        0.849717E-02    0.962631E-02
     9.99325        0.996587E-02    0.794968E-02
     9.99671        0.108954E-01    0.647197E-02
     9.99763        0.111141E-01    0.604994E-02
     9.99855        0.113109E-01    0.561553E-02
     10.0020        0.119074E-01    0.394969E-02
     10.0065        0.123470E-01    0.169222E-02
     10.0099        0.124224E-01   -0.102100E-03
     10.0109        0.124039E-01   -0.589553E-03
     10.0118        0.123606E-01   -0.107614E-02
     10.0152        0.120596E-01   -0.285765E-02
     10.0197        0.113365E-01   -0.507471E-02
     10.0232        0.105278E-01   -0.669050E-02
     10.0241        0.102748E-01   -0.710867E-02
     10.0250        0.100011E-01   -0.751274E-02
     10.0285        0.887748E-02   -0.891615E-02
     10.0330        0.718230E-02   -0.104769E-01
     10.0364        0.570680E-02   -0.114641E-01
     10.0373        0.528778E-02   -0.116964E-01
     10.0383        0.485791E-02   -0.119051E-01
     10.0417        0.321797E-02   -0.125382E-01
     10.0462        0.101546E-02   -0.130054E-01
     10.0496       -0.720411E-03   -0.130865E-01
     10.0506       -0.118989E-02   -0.130673E-01
     10.0515       -0.165711E-02   -0.130217E-01
     10.0549       -0.335955E-02   -0.127051E-01
     10.0594       -0.545817E-02   -0.119443E-01
     10.0629       -0.697144E-02   -0.110932E-01
     10.0638       -0.736057E-02   -0.108270E-01
     10.0647       -0.773486E-02   -0.105390E-01
     10.0681       -0.902466E-02   -0.935785E-02
     10.0726       -0.104328E-01   -0.757806E-02
     10.0761       -0.112998E-01   -0.603022E-02
     10.0770       -0.114995E-01   -0.559080E-02
     10.0779       -0.116760E-01   -0.514032E-02
     10.0814       -0.121912E-01   -0.342314E-02
     10.0858       -0.125126E-01   -0.112000E-02
     10.0893       -0.124882E-01    0.693102E-03
     10.0902       -0.124419E-01    0.118319E-02
     10.0911       -0.123708E-01    0.167016E-02
     10.0946       -0.119657E-01    0.344322E-02
     10.0991       -0.111075E-01    0.562602E-02
     10.1025       -0.101957E-01    0.719789E-02
     10.1034       -0.991540E-02    0.760179E-02
     10.1042       -0.964863E-02    0.794913E-02
     10.1073       -0.857206E-02    0.915739E-02
     10.1114       -0.698798E-02    0.105064E-01
     10.1145       -0.563587E-02    0.113647E-01
     10.1153       -0.525533E-02    0.115676E-01
     10.1161       -0.486701E-02    0.117516E-01
     10.1192       -0.338710E-02    0.123198E-01
     10.1232       -0.140285E-02    0.127694E-01
     10.1263        0.158764E-03    0.128891E-01
     10.1271        0.580820E-03    0.128879E-01
     10.1280        0.100163E-02    0.128664E-01
     10.1311        0.254563E-02    0.126651E-01
     10.1351        0.447566E-02    0.121151E-01
     10.1382        0.588951E-02    0.114721E-01
     10.1390        0.625658E-02    0.112683E-01
     10.1398        0.661350E-02    0.110469E-01
     10.1429        0.786805E-02    0.101250E-01
     10.1469        0.930206E-02    0.870557E-02
     10.1500        0.102446E-01    0.745090E-02
     10.1509        0.104728E-01    0.709209E-02
     10.1517        0.106841E-01    0.672250E-02
     10.1548        0.113625E-01    0.529504E-02
     10.1588        0.119734E-01    0.333651E-02
     10.1619        0.122302E-01    0.176157E-02
     10.1627        0.122675E-01    0.133109E-02
     10.1635        0.122854E-01    0.899030E-03
     10.1666        0.122342E-01   -0.703138E-03
     10.1707        0.118853E-01   -0.274717E-02
     10.1737        0.114005E-01   -0.427791E-02
     10.1746        0.112393E-01   -0.468048E-02
     10.1754        0.110606E-01   -0.507511E-02
     10.1785        0.102953E-01   -0.648177E-02
     10.1825        0.907191E-02   -0.813954E-02
     10.1856        0.796122E-02   -0.927323E-02
     10.1864        0.763985E-02   -0.955517E-02
     10.1872        0.730669E-02   -0.982141E-02
     10.1903        0.600779E-02   -0.107087E-01
     10.1944        0.419757E-02   -0.115995E-01
     10.1975        0.272134E-02   -0.120765E-01
     10.1983        0.231497E-02   -0.121734E-01
     10.1991        0.190540E-02   -0.122506E-01
     10.2022        0.376747E-03   -0.124168E-01
     10.2062       -0.159742E-02   -0.123395E-01
     10.2093       -0.309468E-02   -0.120539E-01
     10.2101       -0.349128E-02   -0.119445E-01
     10.2110       -0.388174E-02   -0.118159E-01
     10.2140       -0.528390E-02   -0.112277E-01
     10.2181       -0.696250E-02   -0.102079E-01
     10.2212       -0.813272E-02   -0.923200E-02
     10.2220       -0.842742E-02   -0.894344E-02
     10.2228       -0.870807E-02   -0.864078E-02
     10.2259       -0.965839E-02   -0.744121E-02
     10.2299       -0.106528E-01   -0.572446E-02
     10.2330       -0.112258E-01   -0.429199E-02
     10.2338       -0.113507E-01   -0.389316E-02
     10.2347       -0.114569E-01   -0.348860E-02
     10.2378       -0.117374E-01   -0.196354E-02
     10.2418       -0.118213E-01    0.421314E-04
     10.2449       -0.116684E-01    0.159150E-02
     10.2457       -0.115958E-01    0.200610E-02
     10.2465       -0.115044E-01    0.241677E-02
     10.2496       -0.110556E-01    0.390650E-02
     10.2536       -0.102183E-01    0.572739E-02
     10.2567       -0.938275E-02    0.702836E-02
     10.2575       -0.913163E-02    0.736109E-02
     10.2584       -0.886603E-02    0.768116E-02
     10.2615       -0.780110E-02    0.878528E-02
     10.2655       -0.624941E-02    0.999441E-02
     10.2686       -0.493526E-02    0.107429E-01
     10.2694       -0.456676E-02    0.109161E-01
     10.2702       -0.419149E-02    0.110711E-01
     10.2733       -0.276836E-02    0.115332E-01
     10.2773       -0.876528E-03    0.118518E-01
     10.2804        0.600350E-03    0.118770E-01
     10.2813        0.997810E-03    0.118515E-01
     10.2821        0.139278E-02    0.118065E-01
     10.2852        0.283351E-02    0.115245E-01
     10.2892        0.461402E-02    0.108873E-01
     10.2923        0.590221E-02    0.101916E-01
     10.2931        0.623421E-02    0.997577E-02
     10.2939        0.655514E-02    0.974384E-02
     10.2970        0.767211E-02    0.879339E-02
     10.3011        0.892095E-02    0.736281E-02
     10.3041        0.971759E-02    0.611980E-02
     10.3050        0.990627E-02    0.576708E-02
     10.3058        0.100780E-01    0.540545E-02
     10.3089        0.106106E-01    0.402011E-02
     10.3129        0.110385E-01    0.214566E-02
     10.3160        0.111610E-01    0.657556E-03
     10.3168        0.111634E-01    0.253501E-03
     10.3177        0.111472E-01   -0.150222E-03
     10.3207        0.109768E-01   -0.163552E-02
     10.3248        0.104935E-01   -0.350221E-02
     10.3279        0.992226E-02   -0.487805E-02
     10.3287        0.974057E-02   -0.523658E-02
     10.3295        0.954288E-02   -0.558564E-02
     10.3326        0.872012E-02   -0.681544E-02
     10.3366        0.745411E-02   -0.822883E-02
     10.3397        0.633563E-02   -0.916500E-02
     10.3406        0.601585E-02   -0.939284E-02
     10.3414        0.568662E-02   -0.960445E-02
     10.3445        0.441803E-02   -0.102877E-01
     10.3485        0.268436E-02   -0.109150E-01
     10.3516        0.129517E-02   -0.111925E-01
     10.3524        0.916144E-03   -0.112366E-01
     10.3533        0.536407E-03   -0.112616E-01
     10.3564       -0.866311E-03   -0.112408E-01
     10.3604       -0.264306E-02   -0.109408E-01
     10.3635       -0.396378E-02   -0.105009E-01
     10.3643       -0.430967E-02   -0.103529E-01
     10.3651       -0.464739E-02   -0.101875E-01
     10.3682       -0.584299E-02   -0.947642E-02
     10.3723       -0.723180E-02   -0.833294E-02
     10.3754       -0.816463E-02   -0.729067E-02
     10.3762       -0.839387E-02   -0.698861E-02
     10.3770       -0.860811E-02   -0.667522E-02
     10.3801       -0.930886E-02   -0.545430E-02
     10.3841       -0.997719E-02   -0.375484E-02
     10.3872       -0.103003E-01   -0.237043E-02
     10.3881       -0.103586E-01   -0.198954E-02
     10.3889       -0.103988E-01   -0.160602E-02
     10.3920       -0.104405E-01   -0.178222E-03
     10.3960       -0.102353E-01    0.165703E-02
     10.3991       -0.987813E-02    0.304234E-02
     10.3999       -0.975364E-02    0.340833E-02
     10.4008       -0.961241E-02    0.376766E-02
     10.4039       -0.899439E-02    0.505172E-02
     10.4079       -0.797852E-02    0.657338E-02
     10.4110       -0.703880E-02    0.762139E-02
     10.4118       -0.676475E-02    0.788326E-02
     10.4127       -0.647946E-02    0.813092E-02
     10.4158       -0.536342E-02    0.895928E-02
     10.4198       -0.379932E-02    0.979933E-02
     10.4229       -0.251750E-02    0.102580E-01
     10.4237       -0.216377E-02    0.103531E-01
     10.4246       -0.180703E-02    0.104299E-01
     10.4277       -0.476277E-03    0.106058E-01
     10.4317        0.124070E-02    0.105678E-01
     10.4348        0.254185E-02    0.103330E-01
     10.4356        0.288636E-02    0.102402E-01
     10.4365        0.322499E-02    0.101298E-01
     10.4396        0.443687E-02    0.961948E-02
     10.4436        0.587767E-02    0.872582E-02
     10.4467        0.687407E-02    0.786568E-02
     10.4475        0.712373E-02    0.761079E-02
     10.4484        0.736014E-02    0.734312E-02
     10.4515        0.815282E-02    0.628297E-02
     10.4555        0.896197E-02    0.476752E-02
     10.4586        0.940917E-02    0.350438E-02
     10.4594        0.950294E-02    0.315291E-02
     10.4603        0.957950E-02    0.279671E-02
     10.4634        0.976071E-02    0.145780E-02
     10.4674        0.974470E-02   -0.293963E-03
     10.4705        0.953845E-02   -0.164025E-02
     10.4714        0.945504E-02   -0.199950E-02
     10.4722        0.935480E-02   -0.235434E-02
     10.4753        0.888776E-02   -0.363472E-02
     10.4793        0.806239E-02   -0.518303E-02
     10.4825        0.726386E-02   -0.627567E-02
     10.4833        0.702675E-02   -0.655301E-02
     10.4841        0.677744E-02   -0.681798E-02
     10.4872        0.578901E-02   -0.772117E-02
     10.4913        0.437399E-02   -0.868238E-02
     10.4944        0.319319E-02   -0.925208E-02
     10.4952        0.286445E-02   -0.937937E-02
     10.4960        0.253117E-02   -0.948952E-02
     10.4991        0.127873E-02   -0.979519E-02
     10.5032       -0.359236E-03   -0.993757E-02
     10.5063       -0.161753E-02   -0.984957E-02
     10.5071       -0.195322E-02   -0.979720E-02
     10.5080       -0.228469E-02   -0.972729E-02
     10.5111       -0.347929E-02   -0.936805E-02
     10.5151       -0.492041E-02   -0.866882E-02
     10.5183       -0.593462E-02   -0.795576E-02
     10.5191       -0.619160E-02   -0.773977E-02
     10.5199       -0.643673E-02   -0.751028E-02
     10.5230       -0.726935E-02   -0.658741E-02
     10.5271       -0.814786E-02   -0.523682E-02
     10.5302       -0.866156E-02   -0.408912E-02
     10.5310       -0.877502E-02   -0.376680E-02
     10.5319       -0.887209E-02   -0.343840E-02
     10.5350       -0.913372E-02   -0.219489E-02
     10.5391       -0.923097E-02   -0.546246E-03
     10.5422       -0.911808E-02    0.737424E-03
     10.5430       -0.906051E-02    0.108240E-02
     10.5438       -0.898625E-02    0.142455E-02
     10.5470       -0.861612E-02    0.266688E-02
     10.5510       -0.791588E-02    0.418832E-02
     10.5541       -0.721243E-02    0.527796E-02
     10.5550       -0.700056E-02    0.555707E-02
     10.5558       -0.677598E-02    0.582525E-02
     10.5589       -0.587647E-02    0.674843E-02
     10.5630       -0.456832E-02    0.775474E-02
     10.5661       -0.346255E-02    0.837370E-02
     10.5670       -0.315281E-02    0.851627E-02
     10.5678       -0.283764E-02    0.864267E-02
     10.5709       -0.164736E-02    0.901417E-02
     10.5750       -0.769301E-04    0.925407E-02
     10.5781        0.113990E-02    0.924981E-02
     10.5789        0.146604E-02    0.922107E-02
     10.5798        0.178898E-02    0.917516E-02
     10.5829        0.295750E-02    0.890717E-02
     10.5870        0.437858E-02    0.832992E-02
     10.5901        0.538811E-02    0.771261E-02
     10.5909        0.564541E-02    0.752247E-02
     10.5918        0.589174E-02    0.731860E-02
     10.5949        0.673346E-02    0.648983E-02
     10.5990        0.763490E-02    0.525706E-02
     10.6021        0.817466E-02    0.419587E-02
     10.6029        0.829631E-02    0.389605E-02
     10.6038        0.840211E-02    0.358951E-02
     10.6069        0.869904E-02    0.242367E-02
     10.6110        0.884844E-02    0.866060E-03
     10.6141        0.878027E-02   -0.355789E-03
     10.6150        0.873533E-02   -0.685460E-03
     10.6158        0.867383E-02   -0.101314E-02
     10.6189        0.835190E-02   -0.220643E-02
     10.6230        0.771536E-02   -0.367644E-02
     10.6262        0.706145E-02   -0.473631E-02
     10.6270        0.686290E-02   -0.500890E-02
     10.6278        0.665145E-02   -0.527138E-02
     10.6310        0.579972E-02   -0.617811E-02
     10.6351        0.455050E-02   -0.717475E-02
     10.6382        0.348741E-02   -0.779536E-02
     10.6390        0.318869E-02   -0.793970E-02
     10.6399        0.288413E-02   -0.806851E-02
     10.6430        0.173126E-02   -0.845278E-02
     10.6471        0.203917E-03   -0.871829E-02
     10.6502       -0.984170E-03   -0.874054E-02
     10.6511       -0.130326E-02   -0.871987E-02
     10.6519       -0.161960E-02   -0.868241E-02
     10.6551       -0.276593E-02   -0.844828E-02
     10.6592       -0.416410E-02   -0.792035E-02
     10.6623       -0.516063E-02   -0.734482E-02
     10.6631       -0.541512E-02   -0.716640E-02
     10.6640       -0.565900E-02   -0.697438E-02
     10.6671       -0.649364E-02   -0.619063E-02
     10.6712       -0.739073E-02   -0.501808E-02
     10.6744       -0.793087E-02   -0.400420E-02
     10.6752       -0.805316E-02   -0.371716E-02
     10.6761       -0.815983E-02   -0.342331E-02
     10.6792       -0.846132E-02   -0.230452E-02
     10.6833       -0.861977E-02   -0.806819E-03
     10.6865       -0.856091E-02    0.370184E-03
     10.6873       -0.851880E-02    0.688058E-03
     10.6881       -0.846022E-02    0.100414E-02
     10.6913       -0.814981E-02    0.215534E-02
     10.6954       -0.752977E-02    0.357380E-02
     10.6986       -0.688966E-02    0.459670E-02
     10.6994       -0.669495E-02    0.485982E-02
     10.7002       -0.648734E-02    0.511306E-02
     10.7034       -0.565017E-02    0.598701E-02
     10.7075       -0.442039E-02    0.694526E-02
     10.7107       -0.337260E-02    0.753977E-02
     10.7115       -0.307802E-02    0.767764E-02
     10.7124       -0.277757E-02    0.780024E-02
     10.7155       -0.164015E-02    0.816324E-02
     10.7196       -0.133176E-03    0.840578E-02
     10.7228        0.103911E-02    0.841409E-02
     10.7236        0.135395E-02    0.839026E-02
     10.7245        0.166604E-02    0.834987E-02
     10.7276        0.279628E-02    0.810686E-02
     10.7318        0.417308E-02    0.757230E-02
     10.7349        0.515290E-02    0.699549E-02
     10.7358        0.540289E-02    0.681730E-02
     10.7366        0.564220E-02    0.662576E-02
     10.7398        0.645953E-02    0.584593E-02
     10.7439        0.733362E-02    0.468344E-02
     10.7471        0.785577E-02    0.368114E-02
     10.7479        0.797321E-02    0.339776E-02
     10.7488        0.807494E-02    0.310787E-02
     10.7520        0.835801E-02    0.200585E-02
     10.7561        0.849264E-02    0.534745E-03
     10.7593        0.841566E-02   -0.618182E-03
     10.7601        0.836874E-02   -0.929092E-03
     10.7610        0.830532E-02   -0.123792E-02
     10.7641        0.797751E-02   -0.236031E-02
     10.7683        0.733646E-02   -0.373740E-02
     10.7715        0.668154E-02   -0.472559E-02
     10.7723        0.648308E-02   -0.497900E-02
     10.7731        0.627182E-02   -0.522232E-02
     10.7763        0.542255E-02   -0.605823E-02
     10.7805        0.418070E-02   -0.696495E-02
     10.7837        0.312648E-02   -0.751844E-02
     10.7845        0.283059E-02   -0.764515E-02
     10.7853        0.252913E-02   -0.775649E-02
     10.7885        0.139021E-02   -0.807768E-02
     10.7927       -0.113305E-03   -0.826662E-02
     10.7959       -0.127879E-02   -0.823453E-02
     10.7967       -0.159122E-02   -0.820003E-02
     10.7976       -0.190047E-02   -0.814910E-02
     10.8008       -0.301753E-02   -0.786833E-02
     10.8049       -0.437114E-02   -0.728876E-02
     10.8081       -0.532859E-02   -0.668072E-02
     10.8090       -0.557195E-02   -0.649468E-02
     10.8098       -0.580418E-02   -0.629567E-02
     10.8130       -0.659291E-02   -0.549080E-02
     10.8172       -0.742485E-02   -0.430287E-02
     10.8204       -0.791096E-02   -0.328665E-02
     10.8212       -0.801826E-02   -0.300038E-02
     10.8221       -0.810951E-02   -0.270816E-02
     10.8253       -0.835249E-02   -0.160113E-02
     10.8294       -0.843295E-02   -0.132396E-03
     10.8326       -0.831297E-02    0.101180E-02
     10.8335       -0.825437E-02    0.131936E-02
     10.8343       -0.817920E-02    0.162419E-02
     10.8375       -0.780829E-02    0.272803E-02
     10.8417       -0.711342E-02    0.407231E-02
     10.8449       -0.641899E-02    0.502867E-02
     10.8458       -0.621025E-02    0.527261E-02
     10.8466       -0.598898E-02    0.550588E-02
     10.8498       -0.510503E-02    0.630165E-02
     10.8540       -0.382472E-02    0.715004E-02
     10.8572       -0.274618E-02    0.765416E-02
     10.8581       -0.244457E-02    0.776702E-02
     10.8589       -0.213796E-02    0.786420E-02
     10.8621       -0.983954E-03    0.813170E-02
     10.8663        0.529240E-03    0.824927E-02
     10.8695        0.169452E-02    0.816140E-02
     10.8704        0.200579E-02    0.811185E-02
     10.8712        0.231309E-02    0.804596E-02
     10.8745        0.341835E-02    0.771081E-02
     10.8787        0.474588E-02    0.706450E-02
     10.8819        0.567516E-02    0.640853E-02
     10.8827        0.590981E-02    0.621018E-02
     10.8836        0.613259E-02    0.599934E-02
     10.8868        0.688239E-02    0.515389E-02
     10.8910        0.765531E-02    0.392214E-02
     10.8942        0.808987E-02    0.287934E-02
     10.8951        0.818249E-02    0.258702E-02
     10.8960        0.825860E-02    0.228953E-02
     10.8992        0.844347E-02    0.116765E-02
     10.9034        0.844513E-02   -0.308713E-03
     10.9066        0.826242E-02   -0.144967E-02
     10.9075        0.818676E-02   -0.175504E-02
     10.9083        0.809449E-02   -0.205679E-02
     10.9116        0.766096E-02   -0.314443E-02
     10.9158        0.688799E-02   -0.445646E-02
     10.9190        0.613645E-02   -0.537949E-02
     10.9199        0.591289E-02   -0.561328E-02
     10.9207        0.567725E-02   -0.583569E-02
     10.9240        0.474348E-02   -0.658770E-02
     10.9282        0.340788E-02   -0.737183E-02
     10.9314        0.229434E-02   -0.782113E-02
     10.9323        0.198448E-02   -0.791856E-02
     10.9332        0.167047E-02   -0.799998E-02
     10.9364        0.494328E-03   -0.820798E-02
     10.9406       -0.103443E-02   -0.824701E-02
     10.9439       -0.220145E-02   -0.809820E-02
     10.9447       -0.251170E-02   -0.803230E-02
     10.9456       -0.281696E-02   -0.795023E-02
     10.9489       -0.390899E-02   -0.755684E-02
     10.9531       -0.520600E-02   -0.684045E-02
     10.9563       -0.610173E-02   -0.613524E-02
     10.9572       -0.632595E-02   -0.592442E-02
     10.9581       -0.653742E-02   -0.570176E-02
     10.9613       -0.724085E-02   -0.481665E-02
     10.9656       -0.794397E-02   -0.354433E-02
     10.9688       -0.831786E-02   -0.247898E-02
     10.9697       -0.839327E-02   -0.218190E-02
     10.9706       -0.845167E-02   -0.188060E-02
     10.9738       -0.856911E-02   -0.749968E-03
     10.9781       -0.848031E-02    0.724571E-03
     10.9813       -0.822635E-02    0.185399E-02
     10.9822       -0.813142E-02    0.215480E-02
     10.9831       -0.801996E-02    0.245103E-02
     10.9863       -0.751669E-02    0.351321E-02
     10.9906       -0.665809E-02    0.478077E-02
     10.9939       -0.584499E-02    0.566109E-02
     10.9947       -0.560561E-02    0.588223E-02
     10.9956       -0.535481E-02    0.609130E-02
     10.9989       -0.436910E-02    0.679092E-02
     11.0031       -0.297751E-02    0.750106E-02
     11.0064       -0.183008E-02    0.788930E-02
     11.0073       -0.151250E-02    0.796982E-02
     11.0082       -0.119181E-02    0.803416E-02
     11.0114        0.322976E-05    0.817892E-02
     11.0157        0.154188E-02    0.813743E-02
     11.0190        0.270517E-02    0.792839E-02
     11.0199        0.301275E-02    0.784667E-02
     11.0207        0.331427E-02    0.774918E-02
     11.0240        0.438667E-02    0.730183E-02
     11.0283        0.564481E-02    0.652427E-02
     11.0316        0.650057E-02    0.577922E-02
     11.0325        0.671264E-02    0.555881E-02
     11.0333        0.691114E-02    0.532744E-02
     11.0366        0.756270E-02    0.441545E-02
     11.0409        0.819047E-02    0.312172E-02
     11.0442        0.850069E-02    0.205040E-02
     11.0451        0.855827E-02    0.175325E-02
     11.0460        0.859855E-02    0.145296E-02
     11.0493        0.864808E-02    0.331936E-03
     11.0536        0.847094E-02   -0.111630E-02
     11.0569        0.814940E-02   -0.221508E-02
     11.0577        0.803648E-02   -0.250619E-02
     11.0586        0.790737E-02   -0.279181E-02
     11.0619        0.734119E-02   -0.381021E-02
     11.0662        0.640846E-02   -0.501138E-02
     11.0695        0.554459E-02   -0.583375E-02
     11.0704        0.529257E-02   -0.603844E-02
     11.0713        0.502997E-02   -0.623060E-02
     11.0746        0.400541E-02   -0.686603E-02
     11.0789        0.257605E-02   -0.749088E-02
     11.0822        0.140955E-02   -0.781261E-02
     11.0831        0.108835E-02   -0.787525E-02
     11.0840        0.765096E-03   -0.792189E-02
     11.0873       -0.433859E-03   -0.800309E-02
     11.0916       -0.196411E-02   -0.788560E-02
     11.0950       -0.311058E-02   -0.762362E-02
     11.0959       -0.341216E-02   -0.752856E-02
     11.0967       -0.370674E-02   -0.741852E-02
     11.1001       -0.474908E-02   -0.692967E-02
     11.1044       -0.595845E-02   -0.611119E-02
     11.1077       -0.676944E-02   -0.534490E-02
     11.1086       -0.696851E-02   -0.512032E-02
     11.1095       -0.715352E-02   -0.488589E-02
     11.1128       -0.775344E-02   -0.396886E-02
     11.1172       -0.831136E-02   -0.268371E-02
     11.1205       -0.856610E-02   -0.163051E-02
     11.1214       -0.860861E-02   -0.133987E-02
     11.1223       -0.863396E-02   -0.104718E-02
     11.1256       -0.862970E-02    0.403067E-04
     11.1300       -0.838756E-02    0.143302E-02
     11.1333       -0.802017E-02    0.248034E-02
     11.1342       -0.789561E-02    0.275644E-02
     11.1351       -0.775556E-02    0.302639E-02
     11.1384       -0.715282E-02    0.398423E-02
     11.1428       -0.618297E-02    0.510234E-02
     11.1461       -0.529877E-02    0.585808E-02
     11.1470       -0.504252E-02    0.604459E-02
     11.1479       -0.477668E-02    0.621860E-02
     11.1513       -0.374485E-02    0.678815E-02
     11.1557       -0.231759E-02    0.733243E-02
     11.1590       -0.116160E-02    0.759668E-02
     11.1599       -0.844495E-03    0.764464E-02
     11.1608       -0.526225E-03    0.767734E-02
     11.1642        0.650808E-03    0.771175E-02
     11.1685        0.214480E-02    0.754636E-02
     11.1719        0.325758E-02    0.725786E-02
     11.1728        0.354932E-02    0.715724E-02
     11.1737        0.383366E-02    0.704284E-02
     11.1771        0.483751E-02    0.654446E-02
     11.1815        0.599648E-02    0.572974E-02
     11.1848        0.676870E-02    0.497876E-02
     11.1857        0.695741E-02    0.476008E-02
     11.1866        0.713235E-02    0.453281E-02
     11.1900        0.769784E-02    0.364808E-02
     11.1944        0.821883E-02    0.241800E-02
     11.1978        0.845135E-02    0.141685E-02
     11.1987        0.848883E-02    0.114151E-02
     11.1996        0.851007E-02    0.864916E-03
     11.2030        0.849597E-02   -0.160451E-03
     11.2074        0.825429E-02   -0.146816E-02
     11.2108        0.789740E-02   -0.244743E-02
     11.2117        0.777712E-02   -0.270499E-02
     11.2126        0.764258E-02   -0.295644E-02
     11.2160        0.706596E-02   -0.384810E-02
     11.2204        0.614309E-02   -0.488771E-02
     11.2238        0.530477E-02   -0.558952E-02
     11.2247        0.506218E-02   -0.576259E-02
     11.2256        0.481104E-02   -0.592413E-02
     11.2290        0.383685E-02   -0.645453E-02
     11.2334        0.249067E-02   -0.696604E-02
     11.2368        0.140131E-02   -0.721940E-02
     11.2377        0.110261E-02   -0.726657E-02
     11.2386        0.803087E-03   -0.730013E-02
     11.2421       -0.306271E-03   -0.734746E-02
     11.2465       -0.171830E-02   -0.722205E-02
     11.2499       -0.277312E-02   -0.698204E-02
     11.2508       -0.305013E-02   -0.689698E-02
     11.2517       -0.332041E-02   -0.679996E-02
     11.2551       -0.427997E-02   -0.637496E-02
     11.2596       -0.540130E-02   -0.567547E-02
     11.2630       -0.616009E-02   -0.502779E-02
     11.2639       -0.634749E-02   -0.483884E-02
     11.2648       -0.652271E-02   -0.464262E-02
     11.2683       -0.710235E-02   -0.387743E-02
     11.2727       -0.767284E-02   -0.281044E-02
     11.2762       -0.796708E-02   -0.193967E-02
     11.2771       -0.802447E-02   -0.169986E-02
     11.2780       -0.806746E-02   -0.145906E-02
     11.2814       -0.815016E-02   -0.563215E-03
     11.2859       -0.807033E-02    0.586962E-03
     11.2893       -0.786432E-02    0.145427E-02
     11.2903       -0.778811E-02    0.168328E-02
     11.2912       -0.769788E-02    0.190728E-02
     11.2946       -0.730308E-02    0.270900E-02
     11.2991       -0.665238E-02    0.366241E-02
     11.3026       -0.604756E-02    0.432202E-02
     11.3035       -0.587063E-02    0.448735E-02
     11.3044       -0.567803E-02    0.464322E-02
     11.3078       -0.494724E-02    0.517283E-02
     11.3123       -0.396347E-02    0.573219E-02
     11.3158       -0.317511E-02    0.605993E-02
     11.3167       -0.295877E-02    0.613246E-02
     11.3176       -0.270669E-02    0.619302E-02
     11.3211       -0.186825E-02    0.636872E-02
     11.3256       -0.937272E-03    0.648168E-02
     11.3291       -0.258123E-03    0.648526E-02
     11.3300       -0.719671E-04    0.647476E-02
     11.3300       -0.256031E-04    0.645353E-02
     11.3303       -0.692333E-04    0.646164E-02
     11.3314       -0.188707E-03    0.648314E-02
     11.3328       -0.239893E-03    0.649130E-02
     11.3340       -0.199294E-03    0.648360E-02
     11.3343       -0.176835E-03    0.647965E-02
     11.3345       -0.184658E-03    0.648095E-02
     11.3357       -0.206453E-03    0.648439E-02
     11.3371       -0.216995E-03    0.648572E-02
     11.3382       -0.211431E-03    0.648455E-02
     11.3385       -0.207959E-03    0.648394E-02
     11.3388       -0.209662E-03    0.648418E-02
     11.3399       -0.214763E-03    0.648488E-02
     11.3413       -0.218359E-03    0.648535E-02
     11.3425       -0.218784E-03    0.648541E-02
     11.3428       -0.218557E-03    0.648539E-02
     11.3430       -0.219215E-03    0.648550E-02
     11.3442       -0.221463E-03    0.648594E-02
     11.3456       -0.223873E-03    0.648651E-02
     11.3467       -0.225322E-03    0.648695E-02
     11.3470       -0.225651E-03    0.648707E-02
     11.3473       -0.226130E-03    0.648722E-02
     11.3484       -0.227891E-03    0.648779E-02
     11.3498       -0.230101E-03    0.648862E-02
     11.3510       -0.231726E-03    0.648930E-02
     11.3513       -0.232150E-03    0.648949E-02
     11.3515       -0.232599E-03    0.648969E-02
     11.3527       -0.234278E-03    0.649047E-02
     11.3541       -0.236455E-03    0.649157E-02
     11.3552       -0.238112E-03    0.649247E-02
     11.3555       -0.238552E-03    0.649273E-02
     11.3558       -0.238997E-03    0.649298E-02
     11.3569       -0.240664E-03    0.649397E-02
     11.3583       -0.242837E-03    0.649535E-02
     11.3595       -0.244501E-03    0.649647E-02
     11.3598       -0.244945E-03    0.649678E-02
     11.3600       -0.245389E-03    0.649709E-02
     11.3612       -0.247055E-03    0.649830E-02
     11.3626       -0.249230E-03    0.649996E-02
     11.3637       -0.250898E-03    0.650130E-02
     11.3640       -0.251342E-03    0.650166E-02
     11.3643       -0.251786E-03    0.650203E-02
     11.3654       -0.253455E-03    0.650345E-02
     11.3668       -0.255633E-03    0.650539E-02
     11.3680       -0.257303E-03    0.650694E-02
     11.3683       -0.257748E-03    0.650736E-02
     11.3685       -0.258193E-03    0.650779E-02
     11.3697       -0.259864E-03    0.650943E-02
     11.3711       -0.262045E-03    0.651164E-02
     11.3722       -0.263717E-03    0.651341E-02
     11.3725       -0.264163E-03    0.651388E-02
     11.3728       -0.264609E-03    0.651437E-02
     11.3739       -0.266282E-03    0.651622E-02
     11.3753       -0.268467E-03    0.651871E-02
     11.3765       -0.270142E-03    0.652069E-02
     11.3768       -0.270589E-03    0.652122E-02
     11.3770       -0.271035E-03    0.652176E-02
     11.3782       -0.272712E-03    0.652382E-02
     11.3796       -0.274900E-03    0.652660E-02
     11.3807       -0.276579E-03    0.652879E-02
     11.3810       -0.277026E-03    0.652938E-02
     11.3813       -0.277474E-03    0.652997E-02
     11.3824       -0.279153E-03    0.653225E-02
     11.3838       -0.281346E-03    0.653530E-02
     11.3850       -0.283027E-03    0.653770E-02
     11.3853       -0.283476E-03    0.653835E-02
     11.3855       -0.283924E-03    0.653900E-02
     11.3867       -0.285607E-03    0.654148E-02
     11.3881       -0.287804E-03    0.654481E-02
     11.3892       -0.289489E-03    0.654742E-02
     11.3895       -0.289938E-03    0.654812E-02
     11.3898       -0.290388E-03    0.654883E-02
     11.3909       -0.292074E-03    0.655153E-02
     11.3923       -0.294276E-03    0.655513E-02
     11.3935       -0.295965E-03    0.655795E-02
     11.3938       -0.296415E-03    0.655871E-02
     11.3940       -0.296865E-03    0.655948E-02
     11.3952       -0.298555E-03    0.656238E-02
     11.3966       -0.300762E-03    0.656626E-02
     11.3977       -0.302455E-03    0.656929E-02
     11.3980       -0.302906E-03    0.657011E-02
     11.3983       -0.303357E-03    0.657093E-02
     11.3994       -0.305052E-03    0.657404E-02
     11.4008       -0.307264E-03    0.657819E-02
     11.4020       -0.308961E-03    0.658143E-02
     11.4023       -0.309413E-03    0.658231E-02
     11.4025       -0.309865E-03    0.658318E-02
     11.4037       -0.311564E-03    0.658651E-02
     11.4051       -0.313781E-03    0.659093E-02
     11.4062       -0.315482E-03    0.659438E-02
     11.4065       -0.315936E-03    0.659531E-02
     11.4068       -0.316389E-03    0.659624E-02
     11.4079       -0.318092E-03    0.659978E-02
     11.4093       -0.320316E-03    0.660447E-02
     11.4105       -0.322021E-03    0.660813E-02
     11.4108       -0.322476E-03    0.660911E-02
     11.4110       -0.322930E-03    0.661010E-02
     11.4122       -0.324638E-03    0.661385E-02
     11.4136       -0.326867E-03    0.661881E-02
     11.4147       -0.328577E-03    0.662268E-02
     11.4150       -0.329033E-03    0.662372E-02
     11.4153       -0.329489E-03    0.662476E-02
     11.4164       -0.331201E-03    0.662871E-02
     11.4178       -0.333437E-03    0.663395E-02
     11.4190       -0.335152E-03    0.663802E-02
     11.4193       -0.335609E-03    0.663912E-02
     11.4195       -0.336066E-03    0.664021E-02
     11.4207       -0.337783E-03    0.664437E-02
     11.4221       -0.340026E-03    0.664988E-02
     11.4232       -0.341746E-03    0.665416E-02
     11.4235       -0.342204E-03    0.665531E-02
     11.4238       -0.342663E-03    0.665646E-02
     11.4249       -0.344385E-03    0.666083E-02
     11.4263       -0.346634E-03    0.666660E-02
     11.4275       -0.348359E-03    0.667109E-02
     11.4278       -0.348819E-03    0.667229E-02
     11.4280       -0.349279E-03    0.667350E-02
     11.4292       -0.351006E-03    0.667807E-02
     11.4306       -0.353262E-03    0.668411E-02
     11.4317       -0.354993E-03    0.668880E-02
     11.4320       -0.355454E-03    0.669006E-02
     11.4323       -0.355916E-03    0.669133E-02
     11.4334       -0.357648E-03    0.669610E-02
     11.4348       -0.359911E-03    0.670241E-02
     11.4360       -0.361647E-03    0.670731E-02
     11.4363       -0.362110E-03    0.670862E-02
     11.4365       -0.362573E-03    0.670994E-02
     11.4377       -0.364311E-03    0.671492E-02
     11.4391       -0.366582E-03    0.672149E-02
     11.4402       -0.368323E-03    0.672659E-02
     11.4405       -0.368788E-03    0.672796E-02
     11.4408       -0.369252E-03    0.672933E-02
     11.4419       -0.370996E-03    0.673452E-02
     11.4433       -0.373274E-03    0.674136E-02
     11.4445       -0.375021E-03    0.674666E-02
     11.4448       -0.375487E-03    0.674808E-02
     11.4450       -0.375953E-03    0.674951E-02
     11.4462       -0.377703E-03    0.675489E-02
     11.4476       -0.379988E-03    0.676200E-02
     11.4487       -0.381741E-03    0.676750E-02
     11.4490       -0.382209E-03    0.676898E-02
     11.4493       -0.382676E-03    0.677046E-02
     11.4504       -0.384432E-03    0.677604E-02
     11.4518       -0.386725E-03    0.678341E-02
     11.4530       -0.388484E-03    0.678911E-02
     11.4533       -0.388953E-03    0.679064E-02
     11.4535       -0.389422E-03    0.679218E-02
     11.4547       -0.391184E-03    0.679796E-02
     11.4561       -0.393485E-03    0.680559E-02
     11.4572       -0.395250E-03    0.681150E-02
     11.4575       -0.395721E-03    0.681308E-02
     11.4578       -0.396192E-03    0.681466E-02
     11.4589       -0.397959E-03    0.682065E-02
     11.4603       -0.400268E-03    0.682854E-02
     11.4615       -0.402039E-03    0.683464E-02
     11.4618       -0.402512E-03    0.683628E-02
     11.4620       -0.402984E-03    0.683791E-02
     11.4632       -0.404758E-03    0.684410E-02
     11.4646       -0.407075E-03    0.685224E-02
     11.4657       -0.408852E-03    0.685854E-02
     11.4660       -0.409326E-03    0.686023E-02
     11.4663       -0.409800E-03    0.686192E-02
     11.4674       -0.411580E-03    0.686830E-02
     11.4688       -0.413905E-03    0.687670E-02
     11.4700       -0.415689E-03    0.688320E-02
     11.4703       -0.416164E-03    0.688494E-02
     11.4705       -0.416640E-03    0.688668E-02
     11.4717       -0.418426E-03    0.689325E-02
     11.4731       -0.420759E-03    0.690191E-02
     11.4742       -0.422548E-03    0.690860E-02
     11.4745       -0.423026E-03    0.691039E-02
     11.4748       -0.423503E-03    0.691218E-02
     11.4759       -0.425295E-03    0.691895E-02
     11.4773       -0.427636E-03    0.692786E-02
     11.4785       -0.429432E-03    0.693474E-02
     11.4788       -0.429911E-03    0.693658E-02
     11.4790       -0.430390E-03    0.693843E-02
     11.4802       -0.432188E-03    0.694538E-02
     11.4816       -0.434537E-03    0.695454E-02
     11.4827       -0.436339E-03    0.696162E-02
     11.4830       -0.436820E-03    0.696351E-02
     11.4833       -0.437300E-03    0.696540E-02
     11.4844       -0.439103E-03    0.697254E-02
     11.4858       -0.441461E-03    0.698195E-02
     11.4870       -0.443272E-03    0.698923E-02
     11.4873       -0.443755E-03    0.699119E-02
     11.4875       -0.444233E-03    0.699310E-02
     11.4887       -0.446036E-03    0.700038E-02
     11.4901       -0.448409E-03    0.701009E-02
     11.4912       -0.450242E-03    0.701768E-02
     11.4915       -0.450732E-03    0.701972E-02
     11.4918       -0.451193E-03    0.702155E-02
     11.4929       -0.452970E-03    0.702877E-02
     11.4943       -0.455389E-03    0.703901E-02
     11.4955       -0.457312E-03    0.704740E-02
     11.4958       -0.457834E-03    0.704971E-02
     11.4960       -0.458196E-03    0.705084E-02
     11.4972       -0.459804E-03    0.705696E-02
     11.4986       -0.462442E-03    0.706900E-02
     11.4997       -0.464828E-03    0.708096E-02
     11.5000       -0.465511E-03    0.708451E-02
     11.5000        0.134353E-02   -0.630526E-02
     11.5003        0.134272E-02   -0.630101E-02
     11.5017        0.133990E-02   -0.628676E-02
     11.5033        0.133672E-02   -0.627182E-02
     11.5047        0.133462E-02   -0.626279E-02
     11.5050        0.133410E-02   -0.626070E-02
     11.5053        0.133347E-02   -0.625775E-02
     11.5067        0.133115E-02   -0.624700E-02
     11.5083        0.132822E-02   -0.623364E-02
     11.5097        0.132604E-02   -0.622386E-02
     11.5100        0.132547E-02   -0.622131E-02
     11.5103        0.132488E-02   -0.621864E-02
     11.5117        0.132269E-02   -0.620869E-02
     11.5133        0.131987E-02   -0.619593E-02
     11.5147        0.131774E-02   -0.618629E-02
     11.5150        0.131718E-02   -0.618375E-02
     11.5153        0.131661E-02   -0.618118E-02
     11.5167        0.131450E-02   -0.617163E-02
     11.5183        0.131177E-02   -0.615930E-02
     11.5197        0.130970E-02   -0.614995E-02
     11.5200        0.130916E-02   -0.614747E-02
     11.5203        0.130861E-02   -0.614499E-02
     11.5217        0.130657E-02   -0.613576E-02
     11.5233        0.130393E-02   -0.612383E-02
     11.5247        0.130192E-02   -0.611479E-02
     11.5250        0.130139E-02   -0.611239E-02
     11.5253        0.130086E-02   -0.611000E-02
     11.5267        0.129888E-02   -0.610107E-02
     11.5283        0.129633E-02   -0.608955E-02
     11.5297        0.129439E-02   -0.608080E-02
     11.5300        0.129388E-02   -0.607849E-02
     11.5303        0.129337E-02   -0.607618E-02
     11.5317        0.129146E-02   -0.606755E-02
     11.5333        0.128899E-02   -0.605642E-02
     11.5347        0.128711E-02   -0.604798E-02
     11.5350        0.128662E-02   -0.604575E-02
     11.5353        0.128612E-02   -0.604352E-02
     11.5367        0.128428E-02   -0.603520E-02
     11.5383        0.128189E-02   -0.602446E-02
     11.5397        0.128008E-02   -0.601632E-02
     11.5400        0.127960E-02   -0.601416E-02
     11.5403        0.127913E-02   -0.601201E-02
     11.5417        0.127734E-02   -0.600399E-02
     11.5433        0.127504E-02   -0.599365E-02
     11.5447        0.127330E-02   -0.598580E-02
     11.5450        0.127283E-02   -0.598373E-02
     11.5453        0.127237E-02   -0.598166E-02
     11.5467        0.127065E-02   -0.597393E-02
     11.5483        0.126843E-02   -0.596397E-02
     11.5497        0.126675E-02   -0.595643E-02
     11.5500        0.126631E-02   -0.595443E-02
     11.5503        0.126586E-02   -0.595244E-02
     11.5517        0.126421E-02   -0.594501E-02
     11.5533        0.126207E-02   -0.593543E-02
     11.5547        0.126045E-02   -0.592818E-02
     11.5550        0.126002E-02   -0.592626E-02
     11.5553        0.125960E-02   -0.592434E-02
     11.5567        0.125800E-02   -0.591721E-02
     11.5583        0.125595E-02   -0.590801E-02
     11.5597        0.125439E-02   -0.590105E-02
     11.5600        0.125398E-02   -0.589920E-02
     11.5603        0.125357E-02   -0.589737E-02
     11.5617        0.125203E-02   -0.589052E-02
     11.5633        0.125006E-02   -0.588170E-02
     11.5647        0.124856E-02   -0.587503E-02
     11.5650        0.124817E-02   -0.587326E-02
     11.5653        0.124777E-02   -0.587150E-02
     11.5667        0.124630E-02   -0.586494E-02
     11.5683        0.124441E-02   -0.585650E-02
     11.5697        0.124297E-02   -0.585011E-02
     11.5700        0.124259E-02   -0.584842E-02
     11.5703        0.124222E-02   -0.584674E-02
     11.5717        0.124081E-02   -0.584047E-02
     11.5733        0.123899E-02   -0.583239E-02
     11.5747        0.123762E-02   -0.582629E-02
     11.5750        0.123725E-02   -0.582468E-02
     11.5753        0.123689E-02   -0.582307E-02
     11.5767        0.123554E-02   -0.581708E-02
     11.5783        0.123380E-02   -0.580937E-02
     11.5797        0.123249E-02   -0.580355E-02
     11.5800        0.123214E-02   -0.580201E-02
     11.5803        0.123179E-02   -0.580048E-02
     11.5817        0.123050E-02   -0.579477E-02
     11.5833        0.122884E-02   -0.578743E-02
     11.5847        0.122759E-02   -0.578189E-02
     11.5850        0.122726E-02   -0.578042E-02
     11.5853        0.122693E-02   -0.577897E-02
     11.5867        0.122570E-02   -0.577353E-02
     11.5883        0.122411E-02   -0.576656E-02
     11.5897        0.122292E-02   -0.576129E-02
     11.5900        0.122260E-02   -0.575990E-02
     11.5903        0.122229E-02   -0.575851E-02
     11.5917        0.122112E-02   -0.575336E-02
     11.5933        0.121961E-02   -0.574674E-02
     11.5947        0.121847E-02   -0.574175E-02
     11.5950        0.121817E-02   -0.574043E-02
     11.5953        0.121787E-02   -0.573912E-02
     11.5967        0.121676E-02   -0.573424E-02
     11.5983        0.121533E-02   -0.572797E-02
     11.5997        0.121425E-02   -0.572325E-02
     11.6000        0.121396E-02   -0.572200E-02
     11.6003        0.121368E-02   -0.572076E-02
     11.6017        0.121262E-02   -0.571615E-02
     11.6033        0.121127E-02   -0.571024E-02
     11.6047        0.121024E-02   -0.570579E-02
     11.6050        0.120997E-02   -0.570461E-02
     11.6053        0.120970E-02   -0.570344E-02
     11.6067        0.120870E-02   -0.569910E-02
     11.6083        0.120742E-02   -0.569353E-02
     11.6097        0.120646E-02   -0.568934E-02
     11.6100        0.120620E-02   -0.568824E-02
     11.6103        0.120595E-02   -0.568714E-02
     11.6117        0.120501E-02   -0.568306E-02
     11.6133        0.120380E-02   -0.567784E-02
     11.6147        0.120289E-02   -0.567391E-02
     11.6150        0.120265E-02   -0.567288E-02
     11.6153        0.120241E-02   -0.567185E-02
     11.6167        0.120152E-02   -0.566803E-02
     11.6183        0.120038E-02   -0.566314E-02
     11.6197        0.119953E-02   -0.565947E-02
     11.6200        0.119930E-02   -0.565851E-02
     11.6203        0.119908E-02   -0.565755E-02
     11.6217        0.119825E-02   -0.565398E-02
     11.6233        0.119718E-02   -0.564943E-02
     11.6247        0.119638E-02   -0.564602E-02
     11.6250        0.119617E-02   -0.564512E-02
     11.6253        0.119596E-02   -0.564423E-02
     11.6267        0.119518E-02   -0.564092E-02
     11.6283        0.119419E-02   -0.563669E-02
     11.6297        0.119344E-02   -0.563353E-02
     11.6300        0.119325E-02   -0.563270E-02
     11.6303        0.119305E-02   -0.563187E-02
     11.6317        0.119233E-02   -0.562881E-02
     11.6333        0.119140E-02   -0.562491E-02
     11.6347        0.119071E-02   -0.562199E-02
     11.6350        0.119053E-02   -0.562122E-02
     11.6353        0.119035E-02   -0.562046E-02
     11.6367        0.118967E-02   -0.561764E-02
     11.6383        0.118882E-02   -0.561406E-02
     11.6397        0.118818E-02   -0.561138E-02
     11.6400        0.118801E-02   -0.561068E-02
     11.6403        0.118784E-02   -0.560998E-02
     11.6417        0.118722E-02   -0.560740E-02
     11.6433        0.118643E-02   -0.560412E-02
     11.6447        0.118584E-02   -0.560168E-02
     11.6450        0.118569E-02   -0.560104E-02
     11.6453        0.118554E-02   -0.560041E-02
     11.6467        0.118497E-02   -0.559806E-02
     11.6483        0.118424E-02   -0.559508E-02
     11.6497        0.118371E-02   -0.559287E-02
     11.6500        0.118356E-02   -0.559229E-02
     11.6503        0.118342E-02   -0.559172E-02
     11.6517        0.118291E-02   -0.558960E-02
     11.6533        0.118225E-02   -0.558691E-02
     11.6547        0.118176E-02   -0.558493E-02
     11.6550        0.118163E-02   -0.558441E-02
     11.6553        0.118150E-02   -0.558389E-02
     11.6567        0.118103E-02   -0.558199E-02
     11.6583        0.118044E-02   -0.557959E-02
     11.6597        0.118000E-02   -0.557782E-02
     11.6600        0.117988E-02   -0.557736E-02
     11.6603        0.117977E-02   -0.557690E-02
     11.6617        0.117935E-02   -0.557521E-02
     11.6633        0.117882E-02   -0.557308E-02
     11.6647        0.117842E-02   -0.557152E-02
     11.6650        0.117832E-02   -0.557111E-02
     11.6653        0.117822E-02   -0.557071E-02
     11.6667        0.117784E-02   -0.556922E-02
     11.6683        0.117737E-02   -0.556736E-02
     11.6697        0.117703E-02   -0.556599E-02
     11.6700        0.117693E-02   -0.556564E-02
     11.6703        0.117685E-02   -0.556529E-02
     11.6717        0.117652E-02   -0.556400E-02
     11.6733        0.117610E-02   -0.556239E-02
     11.6747        0.117580E-02   -0.556121E-02
     11.6750        0.117572E-02   -0.556090E-02
     11.6753        0.117564E-02   -0.556060E-02
     11.6767        0.117536E-02   -0.555950E-02
     11.6783        0.117500E-02   -0.555812E-02
     11.6797        0.117474E-02   -0.555712E-02
     11.6800        0.117467E-02   -0.555687E-02
     11.6803        0.117461E-02   -0.555661E-02
     11.6817        0.117437E-02   -0.555568E-02
     11.6833        0.117406E-02   -0.555453E-02
     11.6847        0.117384E-02   -0.555369E-02
     11.6850        0.117379E-02   -0.555348E-02
     11.6853        0.117373E-02   -0.555327E-02
     11.6867        0.117353E-02   -0.555250E-02
     11.6883        0.117328E-02   -0.555155E-02
     11.6897        0.117310E-02   -0.555087E-02
     11.6900        0.117306E-02   -0.555070E-02
     11.6903        0.117301E-02   -0.555053E-02
     11.6917        0.117285E-02   -0.554991E-02
     11.6933        0.117265E-02   -0.554914E-02
     11.6947        0.117250E-02   -0.554860E-02
     11.6950        0.117247E-02   -0.554847E-02
     11.6953        0.117243E-02   -0.554833E-02
     11.6967        0.117230E-02   -0.554784E-02
     11.6983        0.117215E-02   -0.554725E-02
     11.6997        0.117204E-02   -0.554683E-02
     11.7000        0.117202E-02   -0.554673E-02
