 Inward Poynting flux differences across each element and boundary:
 Element, block, rho at elt. centre, real, imag
         284           5
           1           1   1.0000000000000002E-002  -2.7744002719500082E-005   2.8627082919534942E-005
           2           2   2.7400000000000001E-002  -2.2433894789660759E-005  -8.0029305909300050E-005
           3           3   4.2200000000000001E-002  -2.1060457545312027E-005  -1.0395131763683270E-004
           4           4   5.7000000000000009E-002  -3.0156375269975739E-005   1.1493736637212436E-004
           5           5   7.1800000000000003E-002  -4.6577592763288986E-005   6.0372723106627622E-004
           6           6   8.6600000000000010E-002  -6.9795985283415394E-005   1.2558965372264077E-003
           7           7  0.10140000000000000       -9.9675610457685917E-005   1.8458178552040181E-003
           8           8  0.11620000000000000       -1.3467580269036796E-004   2.0867406842763393E-003
           9           9  0.13099999999999998       -1.6997428869203397E-004   1.7337057279778051E-003
          10          10  0.14579999999999999       -1.9706138247815213E-004   7.3157621814083293E-004
          11          11  0.16059999999999997       -2.0620389226952158E-004  -6.5331855632862115E-004
          12          12  0.17539999999999997       -1.9103406133156382E-004  -1.8501074725956997E-003
          13          13  0.19019999999999998       -1.5214912371111803E-004  -2.2455738863616896E-003
          14          14  0.20499999999999996       -9.7174652872367498E-005  -1.5997618708381075E-003
          15          15  0.21979999999999997       -3.7643267566644370E-005  -3.1162253267658460E-004
          16          16  0.23459999999999995        1.5146739748282765E-005   7.6386770071909266E-004
          17          17  0.24939999999999996        5.3180653662540439E-005   9.2126724690021460E-004
          18          18  0.26419999999999993        7.3238334841368383E-005   1.8377279497886184E-004
          19          19  0.27899999999999991        7.8042738536547411E-005  -6.8969700130805910E-004
          20          20  0.29379999999999995        7.6189303246585556E-005  -8.6826925214132460E-004
          21          21  0.30859999999999993        7.8390246554560635E-005  -2.2026147891113083E-004
          22          22  0.32339999999999991        9.0824091311367955E-005   5.6922532467660551E-004
          23          23  0.33819999999999989        1.0966996979114296E-004   7.0273130601922239E-004
          24          24  0.35299999999999987        1.2314450176081427E-004   1.0294722815207659E-004
          25          25  0.36779999999999990        1.2214018863244492E-004  -5.1759723802148301E-004
          26          26  0.38259999999999988        1.0889445032297466E-004  -4.4618169816072100E-004
          27          27  0.39739999999999986        9.5171207865417222E-005   2.4974713475207347E-004
          28          28  0.41219999999999984        9.0872549731730386E-005   8.2436772522620624E-004
          29          29  0.42699999999999988        9.3537877390705319E-005   7.0767096961797324E-004
          30          30  0.44179999999999986        9.2293793531130229E-005   1.1611061681924629E-004
          31          31  0.45659999999999984        8.0250222932793888E-005  -2.6890050936112173E-004
          32          32  0.47139999999999982        6.2323974046241213E-005  -1.2572272661671383E-004
          33          33  0.48619999999999980        5.2592859719806651E-005   1.6520181910535670E-004
          34          34  0.50099999999999978        6.1296253534590868E-005   4.1150669796862719E-005
          35          35  0.51579999999999981        8.6816641683586722E-005  -5.0090720368229117E-004
          36          36  0.53059999999999985        1.1721952392785103E-004  -8.3889830456976766E-004
          37          37  0.54539999999999977        1.3814594294172833E-004  -4.4087518063075587E-004
          38          38  0.56019999999999981        1.4511777024274491E-004   4.3626817276783787E-004
          39          39  0.57499999999999973        1.4536580280287122E-004   9.1054136533990802E-004
          40          40  0.58979999999999977        1.4943106223381315E-004   4.2543550935591297E-004
          41          41  0.60459999999999980        1.6034349501156361E-004  -5.6141735223486826E-004
          42          42  0.61939999999999973        1.7048777242875397E-004  -1.0144589511934354E-003
          43          43  0.63419999999999976        1.7414045942597419E-004  -4.7687427043371683E-004
          44          44  0.64899999999999969        1.7628590875778320E-004   3.9746313887999043E-004
          45          45  0.66379999999999972        1.8638402855638918E-004   6.2143450188906603E-004
          46          46  0.67859999999999976        2.0554826858684987E-004   3.2311903505298067E-005
          47          47  0.69339999999999968        2.2290666022543545E-004  -5.7760668715954372E-004
          48          48  0.70819999999999983        2.2826622779745752E-004  -4.6080871639637435E-004
          49          49  0.72299999999999975        2.2315958121676754E-004   2.3762847346307250E-004
          50          50  0.73779999999999979        2.1749417214376445E-004   7.5338169096501742E-004
          51          51  0.75259999999999971        2.1875312152545498E-004   6.0440169996278659E-004
          52          52  0.76739999999999975        2.2659599677157154E-004   7.8368758482886408E-006
          53          53  0.78219999999999978        2.3645849854252686E-004  -4.7937682701244128E-004
          54          54  0.79699999999999971        2.4394677802042379E-004  -4.9638486678030497E-004
          55          55  0.81179999999999974        2.4619029247817219E-004  -7.5417568884965109E-005
          56          56  0.82659999999999978        2.4374358041364362E-004   4.5800802155467621E-004
          57          57  0.84139999999999970        2.4266389811289195E-004   6.7590073838401550E-004
          58          58  0.85619999999999974        2.5099983595571352E-004   3.4270153939343568E-004
          59          59  0.87099999999999966        2.6984061808953564E-004  -3.0996011135476934E-004
          60          60  0.88579999999999970        2.8953965813185642E-004  -6.5911628218600846E-004
          61          61  0.90059999999999973        2.9857036519641885E-004  -2.8954040938292775E-004
          62          62  0.91539999999999966        2.9995792714837804E-004   4.4534558606383612E-004
          63          63  0.93019999999999969        3.1143867346065252E-004   7.0635505610864993E-004
          64          64  0.94499999999999962        3.4589538301091523E-004   1.2218840805879819E-004
          65          65  0.95979999999999965        3.9039219424264002E-004  -6.7952833589932397E-004
          66          66  0.97459999999999969        4.1932200099477259E-004  -7.6269965319018980E-004
          67          67  0.98939999999999961        4.3058238280912174E-004  -2.8925331785044275E-005
          68          68   1.0041999999999995        4.5020075072103958E-004   6.6546112635769341E-004
          69          69   1.0189999999999997        4.9834595732736395E-004   6.0939159063757176E-004
          70          70   1.0337999999999996        5.6574064285106612E-004   8.8096058419471265E-005
          71          71   1.0485999999999995        6.1709562058894114E-004  -1.3427043279809134E-004
          72          72   1.0633999999999997        6.4516328660386459E-004   1.0300561843994529E-004
          73          73   1.0781999999999996        6.6692198164049893E-004   2.9339907756892976E-004
          74          74   1.0929999999999995        7.1685894564927667E-004   8.2826384704852429E-005
          75          75   1.1077999999999997        7.8700483750761621E-004  -2.1408599603937959E-004
          76          76   1.1225999999999996        8.5785278859083249E-004  -1.4362909557019948E-004
          77          77   1.1373999999999995        9.0151737767082962E-004   1.5560694997050284E-004
          78          78   1.1521999999999997        9.3582710922364247E-004   1.7106286979739734E-004
          79          79   1.1669999999999996        9.7544512947492570E-004  -2.5597901560592924E-004
          80          80   1.1817999999999995        1.0243401491011259E-003  -6.4371979942370481E-004
          81          81   1.1965999999999994        1.0633944721392743E-003  -4.6175572610279931E-004
          82          82   1.2113999999999996        1.0796770990021375E-003   1.9428474537041716E-004
          83          83   1.2261999999999995        1.0801317920063752E-003   6.4470536919627921E-004
          84          84   1.2409999999999994        1.0819703313935600E-003   3.7308009537218544E-004
          85          85   1.2557999999999996        1.0932936305381204E-003  -3.6055825288089718E-004
          86          86   1.2705999999999995        1.1042254691102892E-003  -7.7620043239091724E-004
          87          87   1.2853999999999994        1.1012731288280904E-003  -4.1353129214855705E-004
          88          88   1.3001999999999996        1.0843216313963615E-003   3.5738875813156592E-004
          89          89   1.3149999999999995        1.0663634467131221E-003   7.2861590649998679E-004
          90          90   1.3297999999999994        1.0593356729626698E-003   3.0953802186243964E-004
          91          91   1.3445999999999996        1.0607886233833137E-003  -4.7168669937250720E-004
          92          92   1.3593999999999995        1.0564330484557037E-003  -8.2805483444910481E-004
          93          93   1.3741999999999994        1.0324439440761585E-003  -4.2348264164272309E-004
          94          94   1.3889999999999993        9.9069008649609047E-004   2.9019654579762058E-004
          95          95   1.4037999999999995        9.4752325425682266E-004   5.8301821864551731E-004
          96          96   1.4185999999999996        9.1793124953026828E-004   2.4050714205836989E-004
          97          97   1.4333999999999993        8.9975679528505464E-004  -2.6477946001505007E-004
          98          98   1.4481999999999995        8.7896196673210164E-004  -4.0452292530747131E-004
          99          99   1.4629999999999992        8.4652176564118525E-004  -1.9292934041928358E-004
         100         100   1.4777999999999996        8.0706853637105280E-004  -8.1451469302854136E-006
         101         101   1.4925999999999999        7.7309006355374965E-004  -1.5150452070169292E-005
         102         102   1.5066500000000000        6.7598634209293379E-004   1.2417346846908209E-005
         103         103   1.5199499999999999        6.6840499778040435E-004   1.1294371238688029E-004
         104         104   1.5332499999999998        6.5966695458454655E-004   2.3501567700917906E-004
         105         105   1.5465499999999996        6.4587604118952757E-004   1.9763156043115654E-004
         106         106   1.5598499999999997        6.2864282222763190E-004  -6.2855833971083713E-005
         107         107   1.5731499999999996        6.1279019869892731E-004  -4.1274428392658758E-004
         108         108   1.5864499999999995        6.0249072222281347E-004  -5.7859469004227764E-004
         109         109   1.5997499999999993        5.9751435726442675E-004  -3.2244294429687229E-004
         110         110   1.6130499999999994        5.9387024049122050E-004   3.1502393395297442E-004
         111         111   1.6263499999999993        5.8795564954141483E-004   9.0012398288148330E-004
         112         112   1.6396499999999992        5.8024127660125102E-004   8.6344323729505793E-004
         113         113   1.6529499999999990        5.7314894247727927E-004   4.9106298149870393E-005
         114         114   1.6662499999999989        5.6733895692567815E-004  -9.8249581083254163E-004
         115         115   1.6795499999999990        5.6153943682859392E-004  -1.3462195910619622E-003
         116         116   1.6928499999999989        5.5554292267211147E-004  -6.4184792590277098E-004
         117         117   1.7061499999999987        5.5113252026278009E-004   6.2877214368576781E-004
         118         118   1.7194499999999986        5.4884325185916571E-004   1.4774354871236435E-003
         119         119   1.7327499999999987        5.4697417387094410E-004   1.2561347743752457E-003
         120         120   1.7460499999999985        5.4381875389947903E-004   1.3266823762891769E-004
         121         121   1.7593499999999984        5.3987866533768136E-004  -1.0959834229929545E-003
         122         122   1.7726499999999983        5.3613544630570081E-004  -1.5832188773163020E-003
         123         123   1.7859499999999984        5.3211316635517342E-004  -9.8579302549033445E-004
         124         124   1.7992499999999982        5.2561395127227739E-004   3.0148567407433871E-004
         125         125   1.8125499999999981        5.1577080320316243E-004   1.3826256267643487E-003
         126         126   1.8258499999999980        5.0476083428419027E-004   1.4928845918113489E-003
         127         127   1.8391499999999978        4.9636589350167404E-004   5.8854847674044263E-004
         128         128   1.8524499999999979        4.9302881306786256E-004  -6.3237041589274314E-004
         129         129   1.8657499999999978        4.9378851426594428E-004  -1.3229152165805677E-003
         130         130   1.8790499999999977        4.9401081916838202E-004  -1.1309079571982443E-003
         131         131   1.8923499999999975        4.8749313357598911E-004  -3.2829081039269345E-004
         132         132   1.9056499999999976        4.7099600823031357E-004   5.4228815629835873E-004
         133         133   1.9189499999999975        4.4828382423815760E-004   1.0417378952943552E-003
         134         134   1.9322499999999974        4.2941679890234896E-004   9.6578579764372867E-004
         135         135   1.9455499999999972        4.2400650104311433E-004   3.6195467253925763E-004
         136         136   1.9588499999999973        4.3240720264618726E-004  -4.4190725962895078E-004
         137         137   1.9721499999999972        4.4306552606677985E-004  -9.3763381612156031E-004
         138         138   1.9854499999999971        4.4058763607948692E-004  -7.7878535898342018E-004
         139         139   1.9987499999999969        4.1851496661510224E-004  -1.1149653801781714E-004
         140         140   2.0120499999999968        3.8517287561245367E-004   5.0210073221399658E-004
         141         141   2.0253499999999969        3.5690958212521856E-004   5.7572463461342139E-004
         142         142   2.0386499999999965        3.4509306593936279E-004   1.3860303631071155E-004
         143         143   2.0519499999999966        3.4867446378650246E-004  -3.1375335089630025E-004
         144         144   2.0652499999999967        3.5691312992359309E-004  -2.9690973370724506E-004
         145         145   2.0785499999999963        3.5766388713810715E-004   2.1373434389279351E-004
         146         146   2.0918499999999964        3.4525484080874524E-004   7.4574335691926551E-004
         147         147   2.1051499999999965        3.2382974438847911E-004   7.1530089536306308E-004
         148         148   2.1184499999999962        3.0353756077033250E-004  -6.2539403150540206E-005
         149         149   2.1317499999999963        2.9183402268902203E-004  -1.1248784639726669E-003
         150         150   2.1450499999999959        2.8742687403258277E-004  -1.6206564249480549E-003
         151         151   2.1583499999999960        2.8204366908562983E-004  -9.7572220069593930E-004
         152         152   2.1716499999999961        2.6820718914985497E-004   5.3656901034456557E-004
         153         153   2.1849499999999957        2.4676782590821178E-004   1.8735855163882500E-003
         154         154   2.1982499999999958        2.2699306102651196E-004   2.0063846170293737E-003
         155         155   2.2115499999999955        2.1812676231544592E-004   7.8972266108471353E-004
         156         156   2.2248499999999956        2.2142110488913846E-004  -8.6565262763154890E-004
         157         157   2.2381499999999956        2.2981118149845159E-004  -1.7205723986971977E-003
         158         158   2.2514499999999953        2.3264177898908722E-004  -1.2199960515808252E-003
         159         159   2.2647499999999954        2.2246471775105858E-004   8.6246820477191288E-005
         160         160   2.2780499999999955        2.0110962953287514E-004   1.0496491812051695E-003
         161         161   2.2913499999999951        1.7821043553700733E-004   8.8837510731563799E-004
         162         162   2.3046499999999952        1.6241273757476582E-004  -1.9802496886032767E-004
         163         163   2.3179499999999948        1.5550532088319524E-004  -1.2368186298173428E-003
         164         164   2.3312499999999949        1.5375438596557101E-004  -1.3085711071340101E-003
         165         165   2.3445499999999950        1.5148904107381567E-004  -3.0523433058866282E-004
         166         166   2.3578499999999947        1.4455479046147912E-004   9.9243347456922119E-004
         167         167   2.3711499999999948        1.3338025374143303E-004   1.5643563614252249E-003
         168         168   2.3844499999999944        1.2246083804569319E-004   9.8078890074394581E-004
         169         169   2.3977499999999945        1.1573766930363105E-004  -2.6898521831045978E-004
         170         170   2.4110499999999946        1.1319130676257227E-004  -1.2015012092769142E-003
         171         171   2.4243499999999942        1.1222827123703871E-004  -1.1391924512181926E-003
         172         172   2.4376499999999943        1.1073517830866020E-004  -2.1127297602155327E-004
         173         173   2.4509499999999944        1.0792087243283177E-004   8.2612186215839391E-004
         174         174   2.4642499999999941        1.0383587675616424E-004   1.2290138651485294E-003
         175         175   2.4775499999999941        9.9008936642219769E-005   7.9330863946967724E-004
         176         176   2.4908499999999938        9.4219876313139661E-005  -1.0592725240232952E-004
         177         177   2.5041499999999939        9.1079074940977889E-005  -8.7089198105141583E-004
         178         178   2.5174499999999940        9.1677154225991431E-005  -1.0721155072781490E-003
         179         179   2.5307499999999936        9.5855023139426732E-005  -6.2654653139401274E-004
         180         180   2.5440499999999937        9.9251358344806806E-005   2.2218971423175016E-004
         181         181   2.5573499999999934        9.6501150471661745E-005   1.0116640019228597E-003
         182         182   2.5706499999999934        8.7009814682556530E-005   1.2454026444878139E-003
         183         183   2.5839499999999935        7.5959493662333677E-005   6.8153997456035223E-004
         184         184   2.5972499999999932        6.9206365372415091E-005  -4.1199454930143349E-004
         185         185   2.6105499999999933        6.8572375792080864E-005  -1.3164361437854434E-003
         186         186   2.6238499999999934        7.2099787246482361E-005  -1.3339792072895687E-003
         187         187   2.6371499999999930        7.6669935935094746E-005  -3.5672083280433389E-004
         188         188   2.6504499999999931        7.9302807679607068E-005   9.6917483556842267E-004
         189         189   2.6637499999999927        7.7579620743006839E-005   1.6820517325854985E-003
         190         190   2.6770499999999928        7.0697237697009419E-005   1.2280794941305429E-003
         191         191   2.6903499999999929        6.0488062234631546E-005  -9.3178701510881687E-005
         192         192   2.7036499999999926        5.1221770913656428E-005  -1.3180438550034253E-003
         193         193   2.7169499999999926        4.7309487265459471E-005  -1.5288475952464780E-003
         194         194   2.7302499999999923        4.9440969694003467E-005  -5.5075511073795352E-004
         195         195   2.7435499999999924        5.0976244504785662E-005   9.3614200967944111E-004
         196         196   2.7568499999999925        4.1292074866763895E-005   1.9573674957852082E-003
         197         197   2.7701499999999921        2.2184027468549750E-005   1.9438754913611803E-003
         198         198   2.7834499999999922        1.7171949085709182E-005   9.9615743015479211E-004
         199         199   2.7967499999999923        4.0613937731290295E-005  -1.7101653477721076E-004
         200         200   2.8100499999999919        8.6687947575769808E-005  -1.8458029784453739E-004
         201         201   2.8233499999999960        1.0444504591110293E-004   3.4136699323558091E-003
         202         202   2.8321250000000000        4.6138110322696546E-006  -2.1622056084018293E-006
         202         204   2.8321250000000000        9.8079631468475648E-005   1.1436737266191288E-002
         203         205   2.8363750000000008        6.9557165981136426E-004   1.0902881753180042E-002
         204         206   2.8406250000000002        7.5910777016689746E-004   1.0759159734795104E-002
         205         207   2.8448750000000009        7.6347283408212396E-004   1.0745556341704550E-002
         206         208   2.8491250000000004        7.6820484129917765E-004   1.0773289689003124E-002
         207         209   2.8533750000000011        7.7691107293964556E-004   1.0816956755747564E-002
         208         210   2.8576250000000010        7.8901145597289057E-004   1.0870363239811248E-002
         209         211   2.8618750000000017        8.0423294589922201E-004   1.0932145472517238E-002
         210         212   2.8661250000000011        8.2254760519130665E-004   1.1002054151815960E-002
         211         213   2.8703750000000019        8.4401617717443089E-004   1.1080097535671990E-002
         212         214   2.8746250000000013        8.6873624792489779E-004   1.1166356095964183E-002
         213         215   2.8788750000000021        8.9682941659073590E-004   1.1260944015424296E-002
         214         216   2.8831250000000015        9.2843894966483653E-004   1.1364001581892158E-002
         215         217   2.8873750000000027        9.6373004283371866E-004   1.1475694081502508E-002
         216         218   2.8916250000000021        1.0028908323990726E-003   1.1596212220881946E-002
         217         219   2.8958750000000029        1.0461337645189667E-003   1.1725773093822833E-002
         218         220   2.9001250000000023        1.0936972632220043E-003   1.1864621512509776E-002
         219         221   2.9043750000000030        1.1458477164519587E-003   1.2013031690972509E-002
         220         222   2.9086250000000025        1.2028818250977846E-003   1.2171309312132478E-002
         221         223   2.9128750000000032        1.2651293782439538E-003   1.2339794032273005E-002
         222         224   2.9171250000000031        1.3329565367550533E-003   1.2518862497252786E-002
         223         225   2.9213750000000038        1.4067697325000489E-003   1.2708931970383752E-002
         224         226   2.9256250000000033        1.4870203223340539E-003   1.2910464703789204E-002
         225         227   2.9298750000000040        1.5742101764334993E-003   1.3123973225322438E-002
         226         228   2.9341250000000034        1.6688984362975695E-003   1.3350026767979417E-002
         227         229   2.9383750000000042        1.7717097468663151E-003   1.3589259136634224E-002
         228         230   2.9426250000000040        1.8833443610741102E-003   1.3842378399428534E-002
         229         231   2.9468750000000048        2.0045906370167038E-003   1.4110178911762528E-002
         230         232   2.9511250000000042        2.1363406046806116E-003   1.4393556343315683E-002
         231         233   2.9553750000000050        2.2796094730079264E-003   1.4693526618687724E-002
         232         234   2.9596250000000044        2.4355601038241192E-003   1.5011250137494769E-002
         233         235   2.9638750000000051        2.6055331017225958E-003   1.5348064063045952E-002
         234         236   2.9681250000000050        2.7910790186031348E-003   1.5705532047413651E-002
         235         237   2.9723750000000058        2.9939610805115591E-003   1.6085556359697606E-002
         236         238   2.9766250000000052        3.2159195121268247E-003   1.6490797617569553E-002
         237         239   2.9808750000000059        3.4568839855714656E-003   1.6926778897714712E-002
         238         240   2.9851250000000054        3.7034547159044834E-003   1.7413417145608567E-002
         239         241   2.9893750000000061        3.8567714591921237E-003   1.8049259201077528E-002
         240         242   2.9936250000000060        3.2832695060519834E-003   1.9368239757947880E-002
         241         243   2.9978750000000027       -1.9705060992006862E-003   2.4312946124829926E-002
         242         244   3.0024999999999999       -7.3312568200251393E-002  -1.0156916712275543     
         242         246   3.0024999999999999       -7.1339133662795540E-003   2.0278684490439847E-002
         243         247   3.0075000000000003       -2.9899272952607012E-003   1.5466635800556905E-002
         244         248   3.0125000000000002       -2.5709404770039301E-003   1.4144459576905077E-002
         245         249   3.0175000000000001       -2.7750840524223969E-003   1.3391521023557951E-002
         246         250   3.0225000000000004       -3.0608350821804547E-003   1.2761577252984269E-002
         247         251   3.0275000000000003       -3.3351316167064063E-003   1.2185990286219361E-002
         248         252   3.0325000000000002       -3.5831768878861539E-003   1.1653019024697620E-002
         249         253   3.0375000000000001       -3.8036838510908805E-003   1.1159460546843636E-002
         250         254   3.0425000000000004       -3.9975083716189096E-003   1.0703548016296194E-002
         251         255   3.0475000000000003       -4.1656475654122532E-003   1.0283946257177212E-002
         252         256   3.0525000000000002       -4.3088883090765633E-003   9.8996159603112477E-003
         253         257   3.0575000000000006       -4.4277466519278951E-003   9.5497957622165397E-003
         254         258   3.0625000000000004       -4.5224571002175917E-003   9.2340003780865820E-003
         255         259   3.0675000000000003       -4.5929686583804728E-003   8.9520224114231772E-003
         256         260   3.0725000000000007       -4.6389397178379296E-003   8.7039368132991179E-003
         257         261   3.0775000000000006       -4.6597301467856478E-003   8.4901082081664803E-003
         258         262   3.0825000000000005       -4.6543899759707861E-003   8.3112014636875231E-003
         259         263   3.0875000000000008       -4.6216441855646256E-003   8.1681959622781353E-003
         260         264   3.0925000000000007       -4.5598729520117225E-003   8.0624041990054462E-003
         261         265   3.0975000000000006       -4.4670865320130086E-003   7.9954955152400087E-003
         262         266   3.1025000000000009       -4.3408936562332051E-003   7.9695260727813133E-003
         263         267   3.1075000000000008       -4.1784619296207706E-003   7.9869765388306813E-003
         264         268   3.1125000000000007       -3.9764681941216740E-003   8.0507994824130791E-003
         265         269   3.1175000000000010       -3.7310360857851152E-003   8.1644791885246148E-003
         266         270   3.1225000000000009       -3.4376570214638205E-003   8.3321075722586346E-003
         267         271   3.1275000000000008       -3.0910894835107991E-003   8.5584812121241305E-003
         268         272   3.1325000000000012       -2.6852295798295359E-003   8.8492263760091838E-003
         269         273   3.1375000000000011       -2.2129432769563417E-003   9.2109614395586847E-003
         270         274   3.1425000000000010       -1.6658471324294544E-003   9.6515096033245318E-003
         271         275   3.1475000000000013       -1.0340194444837941E-003   1.0180179630856961E-002
         272         276   3.1525000000000012       -3.0561699077755883E-004   1.0808138958368352E-002
         273         277   3.1575000000000011        5.3363677113425767E-004   1.1548912668569444E-002
         274         278   3.1625000000000010        1.5011389311363824E-003   1.2419054374695149E-002
         275         279   3.1675000000000013        2.6183342326778977E-003   1.3439052345016800E-002
         276         280   3.1725000000000012        3.9119706063810641E-003   1.4634557911478552E-002
         277         281   3.1775000000000011        5.4158047878090296E-003   1.6038055734815510E-002
         278         282   3.1825000000000014        7.1729250086308219E-003   1.7691139862186650E-002
         279         283   3.1875000000000013        9.2389187511817093E-003   1.9647619464539988E-002
         280         284   3.1925000000000012        1.1686189705882678E-002   2.1977763034358357E-002
         281         285   3.1975000000000007        1.4609816127353873E-002   2.4774203919939647E-002
