 Inward Poynting flux at element nodes
 rho at elt. node, real, imag
         284           3
   2.0000000000000004E-002  -2.7744002719500082E-005   2.8627082919534942E-005
   3.4800000000000005E-002  -5.0177897509160840E-005  -5.1402222989765101E-005
   4.9599999999999998E-002  -7.1238355054472867E-005  -1.5535354062659780E-004
   6.4399999999999999E-002  -1.0139473032444861E-004  -4.0416174254473441E-005
   7.9200000000000007E-002  -1.4797232308773759E-004   5.6331105681180281E-004
   9.4000000000000000E-002  -2.1776830837115299E-004   1.8192075940382105E-003
  0.10879999999999999       -3.1744391882883890E-004   3.6650254492422286E-003
  0.12359999999999999       -4.5211972151920686E-004   5.7517661335185679E-003
  0.13840000000000000       -6.2209401021124083E-004   7.4854718614963730E-003
  0.15319999999999998       -8.1915539268939295E-004   8.2170480796372059E-003
  0.16799999999999995       -1.0253592849589145E-003   7.5637295233085848E-003
  0.18279999999999999       -1.2163933462904784E-003   5.7136220507128851E-003
  0.19759999999999997       -1.3685424700015964E-003   3.4680481643511955E-003
  0.21239999999999998       -1.4657171228739639E-003   1.8682862935130880E-003
  0.22719999999999996       -1.5033603904406083E-003   1.5566637608365034E-003
  0.24199999999999994       -1.4882136506923255E-003   2.3205314615555961E-003
  0.25679999999999992       -1.4350329970297851E-003   3.2417987084558107E-003
  0.27159999999999995       -1.3617946621884167E-003   3.4255715034346725E-003
  0.28639999999999993       -1.2837519236518693E-003   2.7358745021266134E-003
  0.30119999999999991       -1.2075626204052837E-003   1.8676052499852888E-003
  0.31599999999999989       -1.1291723738507231E-003   1.6473437710741580E-003
  0.33079999999999993       -1.0383482825393551E-003   2.2165690957507635E-003
  0.34559999999999991       -9.2867831274821215E-004   2.9193004017699859E-003
  0.36039999999999989       -8.0553381098739788E-004   3.0222476299220625E-003
  0.37519999999999987       -6.8339362235495297E-004   2.5046503919005795E-003
  0.38999999999999990       -5.7449917203197831E-004   2.0584686937398585E-003
  0.40479999999999988       -4.7932796416656108E-004   2.3082158284919319E-003
  0.41959999999999986       -3.8845541443483070E-004   3.1325835537181382E-003
  0.43439999999999984       -2.9491753704412538E-004   3.8402545233361114E-003
  0.44919999999999982       -2.0262374351299515E-004   3.9563651401553577E-003
  0.46399999999999986       -1.2237352058020126E-004   3.6874646307942360E-003
  0.47879999999999984       -6.0049546533960043E-005   3.5617419041775221E-003
  0.49359999999999982       -7.4566868141533934E-006   3.7269437232828788E-003
  0.50839999999999985        5.3839566720437475E-005   3.7680943930797415E-003
  0.52319999999999978        1.4065620840402420E-004   3.2671871893974504E-003
  0.53799999999999981        2.5787573233187523E-004   2.4282888848276827E-003
  0.55279999999999974        3.9602167527360356E-004   1.9874137041969268E-003
  0.56759999999999977        5.4113944551634847E-004   2.4236818769647647E-003
  0.58239999999999981        6.8650524831921969E-004   3.3342232423046727E-003
  0.59719999999999973        8.3593631055303285E-004   3.7596587516605857E-003
  0.61199999999999977        9.9627980556459645E-004   3.1982413994257174E-003
  0.62679999999999980        1.1667675779933504E-003   2.1837824482322820E-003
  0.64159999999999973        1.3409080374193246E-003   1.7069081777985652E-003
  0.65639999999999976        1.5171939461771078E-003   2.1043713166785556E-003
  0.67119999999999969        1.7035779747334970E-003   2.7258058185676217E-003
  0.68599999999999972        1.9091262433203469E-003   2.7581177220729197E-003
  0.70079999999999976        2.1320329035457823E-003   2.1805110349133760E-003
  0.71559999999999979        2.3602991313432398E-003   1.7197023185170017E-003
  0.73039999999999983        2.5834587125600074E-003   1.9573307919800742E-003
  0.74519999999999975        2.8009528847037718E-003   2.7107124829450916E-003
  0.75999999999999979        3.0197060062292268E-003   3.3151141829078782E-003
  0.77479999999999971        3.2463020030007983E-003   3.3229510587561668E-003
  0.78959999999999975        3.4827605015433252E-003   2.8435742317437255E-003
  0.80439999999999978        3.7267072795637490E-003   2.3471893649634206E-003
  0.81919999999999971        3.9728975720419212E-003   2.2717717960784554E-003
  0.83399999999999974        4.2166411524555648E-003   2.7297798176331317E-003
  0.84879999999999967        4.4593050505684568E-003   3.4056805560171472E-003
  0.86359999999999970        4.7103048865241703E-003   3.7483820954105828E-003
  0.87839999999999974        4.9801455046137059E-003   3.4384219840558135E-003
  0.89319999999999966        5.2696851627455623E-003   2.7793057018698050E-003
  0.90799999999999970        5.5682555279419812E-003   2.4897652924868773E-003
  0.92279999999999973        5.8682134550903592E-003   2.9351108785507134E-003
  0.93759999999999966        6.1796521285510117E-003   3.6414659346593633E-003
  0.95239999999999969        6.5255475115619270E-003   3.7636543427181615E-003
  0.96719999999999962        6.9159397058045670E-003   3.0841260068188376E-003
  0.98199999999999965        7.3352617067993396E-003   2.3214263536286478E-003
  0.99679999999999969        7.7658440896084613E-003   2.2925010218436035E-003
   1.0115999999999996        8.2160448403295009E-003   2.9579621482012969E-003
   1.0263999999999995        8.7143907976568648E-003   3.5673537388388687E-003
   1.0411999999999997        9.2801314405079310E-003   3.6554497972583399E-003
   1.0559999999999996        9.8972270610968721E-003   3.5211793644602486E-003
   1.0707999999999995        1.0542390347700737E-002   3.6241849829001939E-003
   1.0855999999999997        1.1209312329341236E-002   3.9175840604691236E-003
   1.1003999999999996        1.1926171274990512E-002   4.0004104451739761E-003
   1.1151999999999995        1.2713176112498129E-002   3.7863244491345965E-003
   1.1299999999999997        1.3571028901088961E-002   3.6426953535643970E-003
   1.1447999999999996        1.4472546278759791E-002   3.7983023035348998E-003
   1.1595999999999995        1.5408373387983433E-002   3.9693651733322972E-003
   1.1743999999999994        1.6383818517458359E-002   3.7133861577263679E-003
   1.1891999999999996        1.7408158666559485E-002   3.0696663583026631E-003
   1.2039999999999995        1.8471553138698759E-002   2.6079106321998638E-003
   1.2187999999999994        1.9551230237700896E-002   2.8021953775702810E-003
   1.2335999999999996        2.0631362029707272E-002   3.4469007467665602E-003
   1.2483999999999995        2.1713332361100832E-002   3.8199808421387456E-003
   1.2631999999999994        2.2806625991638952E-002   3.4594225892578484E-003
   1.2779999999999996        2.3910851460749241E-002   2.6832221568669312E-003
   1.2927999999999995        2.5012124589577332E-002   2.2696908647183742E-003
   1.3075999999999994        2.6096446220973693E-002   2.6270796228499401E-003
   1.3223999999999996        2.7162809667686815E-002   3.3556955293499269E-003
   1.3371999999999995        2.8222145340649485E-002   3.6652335512123665E-003
   1.3519999999999994        2.9282933964032799E-002   3.1935468518398593E-003
   1.3667999999999993        3.0339367012488502E-002   2.3654920173907545E-003
   1.3815999999999995        3.1371810956564661E-002   1.9420093757480314E-003
   1.3963999999999994        3.2362501043060751E-002   2.2322059215456520E-003
   1.4111999999999993        3.3310024297317574E-002   2.8152241401911693E-003
   1.4259999999999995        3.4227955546847842E-002   3.0557312822495392E-003
   1.4407999999999994        3.5127712342132897E-002   2.7909518222344891E-003
   1.4555999999999993        3.6006674308864998E-002   2.3864288969270178E-003
   1.4703999999999995        3.6853196074506184E-002   2.1934995565077342E-003
   1.4851999999999994        3.7660264610877237E-002   2.1853544095774488E-003
   1.5000000000000000        3.8433354674430986E-002   2.1702039575072795E-003
   1.5132999999999999        3.9109341016523920E-002   2.1826213043541877E-003
   1.5266000000000000        3.9777746014304324E-002   2.2955650167410680E-003
   1.5398999999999998        4.0437412968888871E-002   2.5305806937502471E-003
   1.5531999999999997        4.1083289010078398E-002   2.7282122541814036E-003
   1.5664999999999996        4.1711931832306030E-002   2.6653564202103199E-003
   1.5797999999999994        4.2324722031004958E-002   2.2526121362837323E-003
   1.5930999999999995        4.2927212753227771E-002   1.6740174462414547E-003
   1.6063999999999994        4.3524727110492198E-002   1.3515745019445824E-003
   1.6196999999999993        4.4118597350983418E-002   1.6665984358975568E-003
   1.6329999999999991        4.4706553000524833E-002   2.5667224187790401E-003
   1.6462999999999992        4.5286794277126084E-002   3.4301656560740980E-003
   1.6595999999999991        4.5859943219603364E-002   3.4792719542239684E-003
   1.6728999999999989        4.6427282176529042E-002   2.4967761433914268E-003
   1.6861999999999988        4.6988821613357636E-002   1.1505565523294646E-003
   1.6994999999999989        4.7544364536029747E-002   5.0870862642669358E-004
   1.7127999999999988        4.8095497056292527E-002   1.1374807701124614E-003
   1.7260999999999986        4.8644340308151693E-002   2.6149162572361049E-003
   1.7393999999999985        4.9191314482022637E-002   3.8710510316113506E-003
   1.7526999999999984        4.9735133235922116E-002   4.0037192692402683E-003
   1.7659999999999985        5.0275011901259797E-002   2.9077358462473138E-003
   1.7792999999999983        5.0811147347565498E-002   1.3245169689310118E-003
   1.7925999999999982        5.1343260513920672E-002   3.3872394344067728E-004
   1.8058999999999981        5.1868874465192949E-002   6.4020961751501599E-004
   1.8191999999999982        5.2384645268396111E-002   2.0228352442793647E-003
   1.8324999999999980        5.2889406102680302E-002   3.5157198360907136E-003
   1.8457999999999979        5.3385771996181976E-002   4.1042683128311563E-003
   1.8590999999999978        5.3878800809249838E-002   3.4718978969384131E-003
   1.8723999999999978        5.4372589323515783E-002   2.1489826803578454E-003
   1.8856999999999977        5.4866600142684165E-002   1.0180747231596011E-003
   1.8989999999999976        5.5354093276260154E-002   6.8978391276690765E-004
   1.9122999999999974        5.5825089284490467E-002   1.2320720690652664E-003
   1.9255999999999973        5.6273373108728625E-002   2.2738099643596216E-003
   1.9388999999999974        5.6702789907630974E-002   3.2395957620033502E-003
   1.9521999999999973        5.7126796408674088E-002   3.6015504345426079E-003
   1.9654999999999971        5.7559203611320275E-002   3.1596431749136571E-003
   1.9787999999999970        5.8002269137387055E-002   2.2220093587920968E-003
   1.9920999999999971        5.8442856773466542E-002   1.4432239998086766E-003
   2.0053999999999967        5.8861371740081644E-002   1.3317274617908595E-003
   2.0186999999999968        5.9246544615694098E-002   1.8338281940048560E-003
   2.0319999999999969        5.9603454197819317E-002   2.4095528286182774E-003
   2.0452999999999966        5.9948547263758679E-002   2.5481558649289890E-003
   2.0585999999999967        6.0297221727545182E-002   2.2344025140326887E-003
   2.0718999999999967        6.0654134857468775E-002   1.9374927803254437E-003
   2.0851999999999964        6.1011798744606882E-002   2.1512271242182372E-003
   2.0984999999999965        6.1357053585415627E-002   2.8969704811375027E-003
   2.1117999999999961        6.1680883329804106E-002   3.6122713765005658E-003
   2.1250999999999962        6.1984420890574439E-002   3.5497319733500256E-003
   2.1383999999999963        6.2276254913263461E-002   2.4248535093773587E-003
   2.1516999999999959        6.2563681787296044E-002   8.0419708442930381E-004
   2.1649999999999960        6.2845725456381674E-002  -1.7152511626663554E-004
   2.1782999999999957        6.3113932645531529E-002   3.6504389407793003E-004
   2.1915999999999958        6.3360700471439740E-002   2.2386294104661799E-003
   2.2048999999999959        6.3587693532466252E-002   4.2450140274955537E-003
   2.2181999999999955        6.3805820294781698E-002   5.0347366885802672E-003
   2.2314999999999956        6.4027241399670837E-002   4.1690840609487183E-003
   2.2447999999999957        6.4257052581169288E-002   2.4485116622515206E-003
   2.2580999999999953        6.4489694360158376E-002   1.2285156106706953E-003
   2.2713999999999954        6.4712159077909434E-002   1.3147624311478866E-003
   2.2846999999999951        6.4913268707442309E-002   2.3644116123530561E-003
   2.2979999999999952        6.5091479142979317E-002   3.2527867196686941E-003
   2.3112999999999952        6.5253891880554082E-002   3.0547617508083665E-003
   2.3245999999999949        6.5409397201437278E-002   1.8179431209910237E-003
   2.3378999999999950        6.5563151587402849E-002   5.0937201385701342E-004
   2.3511999999999946        6.5714640628476664E-002   2.0413768326835063E-004
   2.3644999999999947        6.5859195418938143E-002   1.1965711578375718E-003
   2.3777999999999948        6.5992575672679576E-002   2.7609275192627966E-003
   2.3910999999999945        6.6115036510725270E-002   3.7417164200067425E-003
   2.4043999999999945        6.6230774180028901E-002   3.4727312016962827E-003
   2.4176999999999946        6.6343965486791473E-002   2.2712299924193685E-003
   2.4309999999999943        6.6456193758028512E-002   1.1320375412011759E-003
   2.4442999999999944        6.6566928936337172E-002   9.2076456517962263E-004
   2.4575999999999940        6.6674849808770004E-002   1.7468864273380165E-003
   2.4708999999999941        6.6778685685526168E-002   2.9759002924865459E-003
   2.4841999999999942        6.6877694622168388E-002   3.7692089319562232E-003
   2.4974999999999938        6.6971914498481527E-002   3.6632816795538936E-003
   2.5107999999999939        6.7062993573422505E-002   2.7923896985024778E-003
   2.5240999999999936        6.7154670727648497E-002   1.7202741912243288E-003
   2.5373999999999937        6.7250525750787923E-002   1.0937276598303161E-003
   2.5506999999999938        6.7349777109132730E-002   1.3159173740620663E-003
   2.5639999999999934        6.7446278259604392E-002   2.3275813759849259E-003
   2.5772999999999935        6.7533288074286948E-002   3.5729840204727398E-003
   2.5905999999999936        6.7609247567949282E-002   4.2545239950330920E-003
   2.6038999999999932        6.7678453933321697E-002   3.8425294457316585E-003
   2.6171999999999933        6.7747026309113778E-002   2.5260933019462151E-003
   2.6304999999999930        6.7819126096360260E-002   1.1921140946566464E-003
   2.6437999999999930        6.7895796032295355E-002   8.3539326185231254E-004
   2.6570999999999931        6.7975098839974962E-002   1.8045680974207352E-003
   2.6703999999999928        6.8052678460717969E-002   3.4866198300062337E-003
   2.6836999999999929        6.8123375698414979E-002   4.7146993241367766E-003
   2.6969999999999925        6.8183863760649610E-002   4.6215206226258949E-003
   2.7102999999999926        6.8235085531563267E-002   3.3034767676224696E-003
   2.7235999999999927        6.8282395018828726E-002   1.7746291723759915E-003
   2.7368999999999923        6.8331835988522729E-002   1.2238740616380380E-003
   2.7501999999999924        6.8382812233027515E-002   2.1600160713174791E-003
   2.7634999999999925        6.8424104307894279E-002   4.1173835671026874E-003
   2.7767999999999922        6.8446288335362829E-002   6.0612590584638677E-003
   2.7900999999999923        6.8463460284448538E-002   7.0574164886186598E-003
   2.8033999999999919        6.8504074222179828E-002   6.8863999538414490E-003
   2.8166999999999920        6.8590762169755598E-002   6.7018196559969117E-003
   2.8300000000000001        6.8695207215666701E-002   1.0115489588352721E-002
   2.8342500000000004        6.8699821026698971E-002   1.0113327382744319E-002
   2.8342500000000004        6.8797900658167446E-002   2.1550064648935607E-002
   2.8385000000000002        6.9493472317978811E-002   3.2452946402115650E-002
   2.8427500000000006        7.0252580088145708E-002   4.3212106136910754E-002
   2.8470000000000009        7.1016052922227832E-002   5.3957662478615304E-002
   2.8512500000000007        7.1784257763527010E-002   6.4730952167618427E-002
   2.8555000000000010        7.2561168836466655E-002   7.5547908923365992E-002
   2.8597500000000013        7.3350180292439546E-002   8.6418272163177240E-002
   2.8640000000000012        7.4154413238338768E-002   9.7350417635694478E-002
   2.8682500000000015        7.4976960843530074E-002  0.10835247178751044     
   2.8725000000000018        7.5820977020704505E-002  0.11943256932318243     
   2.8767500000000017        7.6689713268629403E-002  0.13059892541914661     
   2.8810000000000020        7.7586542685220139E-002  0.14185986943457091     
   2.8852500000000023        7.8514981634884976E-002  0.15322387101646306     
   2.8895000000000022        7.9478711677718694E-002  0.16469956509796557     
   2.8937500000000025        8.0481602510117767E-002  0.17629577731884752     
   2.8980000000000024        8.1527736274636733E-002  0.18802155041267035     
   2.9022500000000027        8.2621433537858738E-002  0.19988617192518013     
   2.9065000000000030        8.3767281254310696E-002  0.21189920361615264     
   2.9107500000000028        8.4970163079408481E-002  0.22407051292828511     
   2.9150000000000031        8.6235292457652435E-002  0.23641030696055812     
   2.9192500000000035        8.7568248994407488E-002  0.24892916945781091     
   2.9235000000000033        8.8975018726907537E-002  0.26163810142819466     
   2.9277500000000036        9.0462039049241591E-002  0.27454856613198386     
   2.9320000000000039        9.2036249225675090E-002  0.28767253935730630     
   2.9362500000000038        9.3705147661972660E-002  0.30102256612528572     
   2.9405000000000041        9.5476857408838975E-002  0.31461182526191994     
   2.9447500000000044        9.7360201769913085E-002  0.32845420366134848     
   2.9490000000000043        9.9364792406929789E-002  0.34256438257311100     
   2.9532500000000046       0.10150113301161040       0.35695793891642669     
   2.9575000000000049       0.10378074248461833       0.37165146553511441     
   2.9617500000000048       0.10621630258844245       0.38666271567260918     
   2.9660000000000051       0.10882183569016504       0.40201077973565513     
   2.9702500000000054       0.11161291470876818       0.41771631178306878     
   2.9745000000000053       0.11460687578927974       0.43380186814276639     
   2.9787500000000056       0.11782279530140656       0.45029266576033594     
   2.9830000000000059       0.12127967928697803       0.46721944465805065     
   2.9872500000000057       0.12498313400288251       0.48463286180365922     
   2.9915000000000060       0.12883990546207463       0.50268212100473675     
   2.9957500000000064       0.13212317496812662       0.52205036076268463     
   3.0000000000000000       0.13015266886892593       0.54636330688751455     
   3.0049999999999999        5.6840100668674530E-002 -0.46932836434003988     
   3.0049999999999999        4.9706187302394976E-002 -0.44904967984960004     
   3.0100000000000002        4.6716260007134275E-002 -0.43358304404904313     
   3.0150000000000001        4.4145319530130345E-002 -0.41943858447213805     
   3.0200000000000000        4.1370235477707948E-002 -0.40604706344858010     
   3.0250000000000004        3.8309400395527493E-002 -0.39328548619559583     
   3.0300000000000002        3.4974268778821087E-002 -0.38109949590937647     
   3.0350000000000001        3.1391091890934933E-002 -0.36944647688467885     
   3.0400000000000005        2.7587408039844052E-002 -0.35828701633783522     
   3.0450000000000004        2.3589899668225143E-002 -0.34758346832153902     
   3.0500000000000003        1.9424252102812890E-002 -0.33729952206436181     
   3.0550000000000006        1.5115363793736326E-002 -0.32739990610405056     
   3.0600000000000005        1.0687617141808431E-002 -0.31785011034183402     
   3.0650000000000004        6.1651600415908395E-003 -0.30861610996374744     
   3.0700000000000007        1.5721913832103663E-003 -0.29966408755232427     
   3.0750000000000006       -3.0667483346275629E-003 -0.29096015073902515     
   3.0800000000000005       -7.7264784814132107E-003 -0.28247004253085867     
   3.0850000000000009       -1.2380868457383997E-002 -0.27415884106717114     
   3.0900000000000007       -1.7002512642948622E-002 -0.26599064510489301     
   3.0950000000000006       -2.1562385594960345E-002 -0.25792824090588756     
   3.1000000000000005       -2.6029472126973353E-002 -0.24993274539064755     
   3.1050000000000009       -3.0370365783206558E-002 -0.24196321931786624     
   3.1100000000000008       -3.4548827712827329E-002 -0.23397624277903556     
   3.1150000000000007       -3.8525295906949003E-002 -0.22592544329662248     
   3.1200000000000010       -4.2256331992734118E-002 -0.21776096410809787     
   3.1250000000000009       -4.5693989014197939E-002 -0.20942885653583923     
   3.1300000000000008       -4.8785078497708738E-002 -0.20087037532371510     
   3.1350000000000011       -5.1470308077538274E-002 -0.19202114894770592     
   3.1400000000000010       -5.3683251354494615E-002 -0.18281018750814723     
   3.1450000000000009       -5.5349098486924070E-002 -0.17315867790482270     
   3.1500000000000012       -5.6383117931407864E-002 -0.16297849827396574     
   3.1550000000000011       -5.6688734922185423E-002 -0.15217035931559739     
   3.1600000000000010       -5.6155098151051165E-002 -0.14062144664702794     
   3.1650000000000014       -5.4653959219914783E-002 -0.12820239227233279     
   3.1700000000000013       -5.2035624987236885E-002 -0.11476333992731599     
   3.1750000000000012       -4.8123654380855821E-002 -0.10012878201583744     
   3.1800000000000015       -4.2707849593046791E-002  -8.4090726281021932E-002
   3.1850000000000014       -3.5534924584415969E-002  -6.6399586418835282E-002
   3.1900000000000013       -2.6296005833234260E-002  -4.6751966954295295E-002
   3.1950000000000016       -1.4609816127351582E-002  -2.4774203919936937E-002
   3.2000000000000002        2.2918406270408814E-015   2.7098155581115257E-015
