 Elongation kappa
  rad  pla 
 1408 1006
 rho(m) kappa 
     0.00000         1.00000    
    0.138864E-02     1.00001    
    0.660019E-02     1.00015    
    0.133998E-01     1.00062    
    0.186114E-01     1.00119    
    0.200000E-01     1.00137    
    0.210276E-01     1.00152    
    0.248841E-01     1.00212    
    0.299159E-01     1.00306    
    0.337724E-01     1.00390    
    0.348000E-01     1.00414    
    0.358276E-01     1.00439    
    0.396841E-01     1.00538    
    0.447159E-01     1.00682    
    0.485724E-01     1.00804    
    0.496000E-01     1.00838    
    0.506276E-01     1.00873    
    0.544841E-01     1.01010    
    0.595159E-01     1.01203    
    0.633724E-01     1.01362    
    0.644000E-01     1.01406    
    0.654276E-01     1.01450    
    0.692841E-01     1.01624    
    0.743159E-01     1.01864    
    0.781724E-01     1.02059    
    0.792000E-01     1.02112    
    0.802276E-01     1.02166    
    0.840841E-01     1.02375    
    0.891159E-01     1.02660    
    0.929724E-01     1.02889    
    0.940000E-01     1.02952    
    0.950276E-01     1.03015    
    0.988841E-01     1.03257    
    0.103916         1.03586    
    0.107772         1.03847    
    0.108800         1.03918    
    0.109828         1.03990    
    0.113684         1.04263    
    0.118716         1.04632    
    0.122572         1.04924    
    0.123600         1.05003    
    0.124628         1.05083    
    0.128484         1.05386    
    0.133516         1.05793    
    0.137372         1.06113    
    0.138400         1.06199    
    0.139428         1.06286    
    0.143284         1.06616    
    0.148316         1.07058    
    0.152172         1.07403    
    0.153200         1.07496    
    0.154228         1.07590    
    0.158084         1.07945    
    0.163116         1.08417    
    0.166972         1.08786    
    0.168000         1.08885    
    0.169028         1.08985    
    0.172884         1.09362    
    0.177916         1.09862    
    0.181772         1.10252    
    0.182800         1.10356    
    0.183828         1.10461    
    0.187684         1.10858    
    0.192716         1.11382    
    0.196572         1.11789    
    0.197600         1.11898    
    0.198628         1.12007    
    0.202484         1.12421    
    0.207516         1.12966    
    0.211372         1.13387    
    0.212400         1.13500    
    0.213428         1.13614    
    0.217284         1.14041    
    0.222316         1.14602    
    0.226172         1.15036    
    0.227200         1.15152    
    0.228228         1.15268    
    0.232084         1.15706    
    0.237116         1.16281    
    0.240972         1.16724    
    0.242000         1.16843    
    0.243028         1.16961    
    0.246884         1.17407    
    0.251916         1.17992    
    0.255772         1.18441    
    0.256800         1.18561    
    0.257828         1.18682    
    0.261684         1.19133    
    0.266716         1.19723    
    0.270572         1.20177    
    0.271600         1.20298    
    0.272628         1.20419    
    0.276484         1.20873    
    0.281516         1.21466    
    0.285372         1.21920    
    0.286400         1.22042    
    0.287428         1.22163    
    0.291284         1.22617    
    0.296316         1.23209    
    0.300172         1.23663    
    0.301200         1.23783    
    0.302228         1.23904    
    0.306084         1.24356    
    0.311116         1.24944    
    0.314972         1.25394    
    0.316000         1.25514    
    0.317028         1.25633    
    0.320884         1.26081    
    0.325916         1.26662    
    0.329772         1.27106    
    0.330800         1.27224    
    0.331828         1.27342    
    0.335684         1.27783    
    0.340716         1.28355    
    0.344572         1.28791    
    0.345600         1.28907    
    0.346628         1.29023    
    0.350484         1.29455    
    0.355516         1.30015    
    0.359372         1.30442    
    0.360400         1.30555    
    0.361428         1.30668    
    0.365284         1.31090    
    0.370316         1.31636    
    0.374172         1.32051    
    0.375200         1.32161    
    0.376228         1.32271    
    0.380084         1.32681    
    0.385116         1.33211    
    0.388972         1.33613    
    0.390000         1.33720    
    0.391028         1.33826    
    0.394884         1.34223    
    0.399916         1.34736    
    0.403772         1.35124    
    0.404800         1.35227    
    0.405828         1.35329    
    0.409684         1.35712    
    0.414716         1.36205    
    0.418572         1.36578    
    0.419600         1.36677    
    0.420628         1.36776    
    0.424484         1.37143    
    0.429516         1.37615    
    0.433372         1.37973    
    0.434400         1.38067    
    0.435428         1.38162    
    0.439284         1.38512    
    0.444316         1.38964    
    0.448172         1.39305    
    0.449200         1.39395    
    0.450228         1.39485    
    0.454084         1.39819    
    0.459116         1.40248    
    0.462972         1.40572    
    0.464000         1.40657    
    0.465028         1.40743    
    0.468884         1.41060    
    0.473916         1.41467    
    0.477772         1.41773    
    0.478800         1.41854    
    0.479828         1.41935    
    0.483684         1.42234    
    0.488716         1.42618    
    0.492572         1.42907    
    0.493600         1.42984    
    0.494628         1.43060    
    0.498484         1.43342    
    0.503516         1.43703    
    0.507372         1.43975    
    0.508400         1.44046    
    0.509428         1.44117    
    0.513284         1.44382    
    0.518316         1.44721    
    0.522172         1.44975    
    0.523200         1.45042    
    0.524228         1.45109    
    0.528084         1.45356    
    0.533116         1.45672    
    0.536972         1.45910    
    0.538000         1.45972    
    0.539028         1.46034    
    0.542884         1.46265    
    0.547916         1.46559    
    0.551772         1.46780    
    0.552800         1.46838    
    0.553828         1.46895    
    0.557684         1.47109    
    0.562716         1.47382    
    0.566572         1.47587    
    0.567600         1.47640    
    0.568628         1.47694    
    0.572484         1.47892    
    0.577516         1.48144    
    0.581372         1.48333    
    0.582400         1.48382    
    0.583428         1.48432    
    0.587284         1.48614    
    0.592316         1.48846    
    0.596172         1.49020    
    0.597200         1.49066    
    0.598228         1.49111    
    0.602084         1.49279    
    0.607116         1.49492    
    0.610972         1.49651    
    0.612000         1.49693    
    0.613028         1.49735    
    0.616884         1.49888    
    0.621916         1.50083    
    0.625772         1.50229    
    0.626800         1.50267    
    0.627828         1.50305    
    0.631684         1.50445    
    0.636716         1.50623    
    0.640572         1.50756    
    0.641600         1.50790    
    0.642628         1.50825    
    0.646484         1.50952    
    0.651516         1.51114    
    0.655372         1.51235    
    0.656400         1.51266    
    0.657428         1.51297    
    0.661284         1.51413    
    0.666316         1.51560    
    0.670172         1.51669    
    0.671200         1.51697    
    0.672228         1.51726    
    0.676084         1.51830    
    0.681116         1.51962    
    0.684972         1.52061    
    0.686000         1.52086    
    0.687028         1.52112    
    0.690884         1.52206    
    0.695916         1.52325    
    0.699772         1.52414    
    0.700800         1.52437    
    0.701828         1.52460    
    0.705684         1.52544    
    0.710716         1.52651    
    0.714572         1.52731    
    0.715600         1.52751    
    0.716628         1.52772    
    0.720484         1.52848    
    0.725516         1.52943    
    0.729372         1.53014    
    0.730400         1.53033    
    0.731428         1.53051    
    0.735284         1.53118    
    0.740316         1.53204    
    0.744172         1.53267    
    0.745200         1.53283    
    0.746228         1.53300    
    0.750084         1.53360    
    0.755116         1.53436    
    0.758972         1.53492    
    0.760000         1.53506    
    0.761028         1.53521    
    0.764884         1.53574    
    0.769916         1.53641    
    0.773772         1.53691    
    0.774800         1.53704    
    0.775828         1.53717    
    0.779684         1.53764    
    0.784716         1.53823    
    0.788572         1.53867    
    0.789600         1.53878    
    0.790628         1.53889    
    0.794484         1.53931    
    0.799516         1.53983    
    0.803372         1.54022    
    0.804400         1.54032    
    0.805428         1.54042    
    0.809284         1.54078    
    0.814316         1.54124    
    0.818172         1.54158    
    0.819200         1.54167    
    0.820228         1.54175    
    0.824084         1.54207    
    0.829116         1.54247    
    0.832972         1.54277    
    0.834000         1.54285    
    0.835028         1.54292    
    0.838884         1.54320    
    0.843916         1.54355    
    0.847772         1.54381    
    0.848800         1.54388    
    0.849828         1.54394    
    0.853684         1.54419    
    0.858716         1.54449    
    0.862572         1.54471    
    0.863600         1.54477    
    0.864628         1.54483    
    0.868484         1.54504    
    0.873516         1.54531    
    0.877372         1.54550    
    0.878400         1.54555    
    0.879428         1.54560    
    0.883284         1.54578    
    0.888316         1.54601    
    0.892172         1.54618    
    0.893200         1.54622    
    0.894228         1.54627    
    0.898084         1.54642    
    0.903116         1.54662    
    0.906972         1.54676    
    0.908000         1.54680    
    0.909028         1.54684    
    0.912884         1.54697    
    0.917916         1.54714    
    0.921772         1.54727    
    0.922800         1.54730    
    0.923828         1.54733    
    0.927684         1.54745    
    0.932716         1.54759    
    0.936572         1.54770    
    0.937600         1.54773    
    0.938628         1.54775    
    0.942484         1.54785    
    0.947516         1.54798    
    0.951372         1.54807    
    0.952400         1.54809    
    0.953428         1.54811    
    0.957284         1.54820    
    0.962316         1.54830    
    0.966172         1.54838    
    0.967200         1.54840    
    0.968228         1.54842    
    0.972084         1.54849    
    0.977116         1.54858    
    0.980972         1.54865    
    0.982000         1.54866    
    0.983028         1.54868    
    0.986884         1.54874    
    0.991916         1.54882    
    0.995772         1.54887    
    0.996800         1.54889    
    0.997828         1.54890    
     1.00168         1.54895    
     1.00672         1.54902    
     1.01057         1.54906    
     1.01160         1.54908    
     1.01263         1.54909    
     1.01648         1.54913    
     1.02152         1.54919    
     1.02537         1.54922    
     1.02640         1.54923    
     1.02743         1.54924    
     1.03128         1.54928    
     1.03632         1.54933    
     1.04017         1.54936    
     1.04120         1.54937    
     1.04223         1.54938    
     1.04608         1.54941    
     1.05112         1.54944    
     1.05497         1.54947    
     1.05600         1.54948    
     1.05703         1.54949    
     1.06088         1.54951    
     1.06592         1.54954    
     1.06977         1.54957    
     1.07080         1.54957    
     1.07183         1.54958    
     1.07568         1.54960    
     1.08072         1.54963    
     1.08457         1.54964    
     1.08560         1.54965    
     1.08663         1.54965    
     1.09048         1.54967    
     1.09552         1.54969    
     1.09937         1.54971    
     1.10040         1.54971    
     1.10143         1.54972    
     1.10528         1.54973    
     1.11032         1.54975    
     1.11417         1.54976    
     1.11520         1.54977    
     1.11623         1.54977    
     1.12008         1.54978    
     1.12512         1.54980    
     1.12897         1.54981    
     1.13000         1.54981    
     1.13103         1.54981    
     1.13488         1.54982    
     1.13992         1.54984    
     1.14377         1.54984    
     1.14480         1.54985    
     1.14583         1.54985    
     1.14968         1.54986    
     1.15472         1.54987    
     1.15857         1.54987    
     1.15960         1.54988    
     1.16063         1.54988    
     1.16448         1.54988    
     1.16952         1.54989    
     1.17337         1.54990    
     1.17440         1.54990    
     1.17543         1.54990    
     1.17928         1.54991    
     1.18432         1.54991    
     1.18817         1.54992    
     1.18920         1.54992    
     1.19023         1.54992    
     1.19408         1.54993    
     1.19912         1.54993    
     1.20297         1.54993    
     1.20400         1.54994    
     1.20503         1.54994    
     1.20888         1.54994    
     1.21392         1.54994    
     1.21777         1.54995    
     1.21880         1.54995    
     1.21983         1.54995    
     1.22368         1.54995    
     1.22872         1.54996    
     1.23257         1.54996    
     1.23360         1.54996    
     1.23463         1.54996    
     1.23848         1.54996    
     1.24352         1.54996    
     1.24737         1.54997    
     1.24840         1.54997    
     1.24943         1.54997    
     1.25328         1.54997    
     1.25832         1.54997    
     1.26217         1.54997    
     1.26320         1.54997    
     1.26423         1.54997    
     1.26808         1.54998    
     1.27312         1.54998    
     1.27697         1.54998    
     1.27800         1.54998    
     1.27903         1.54998    
     1.28288         1.54998    
     1.28792         1.54998    
     1.29177         1.54998    
     1.29280         1.54998    
     1.29383         1.54998    
     1.29768         1.54999    
     1.30272         1.54999    
     1.30657         1.54999    
     1.30760         1.54999    
     1.30863         1.54999    
     1.31248         1.54999    
     1.31752         1.54999    
     1.32137         1.54999    
     1.32240         1.54999    
     1.32343         1.54999    
     1.32728         1.54999    
     1.33232         1.54999    
     1.33617         1.54999    
     1.33720         1.54999    
     1.33823         1.54999    
     1.34208         1.54999    
     1.34712         1.54999    
     1.35097         1.54999    
     1.35200         1.54999    
     1.35303         1.54999    
     1.35688         1.54999    
     1.36192         1.54999    
     1.36577         1.55000    
     1.36680         1.55000    
     1.36783         1.55000    
     1.37168         1.55000    
     1.37672         1.55000    
     1.38057         1.55000    
     1.38160         1.55000    
     1.38263         1.55000    
     1.38648         1.55000    
     1.39152         1.55000    
     1.39537         1.55000    
     1.39640         1.55000    
     1.39743         1.55000    
     1.40128         1.55000    
     1.40632         1.55000    
     1.41017         1.55000    
     1.41120         1.55000    
     1.41223         1.55000    
     1.41608         1.55000    
     1.42112         1.55000    
     1.42497         1.55000    
     1.42600         1.55000    
     1.42703         1.55000    
     1.43088         1.55000    
     1.43592         1.55000    
     1.43977         1.55000    
     1.44080         1.55000    
     1.44183         1.55000    
     1.44568         1.55000    
     1.45072         1.55000    
     1.45457         1.55000    
     1.45560         1.55000    
     1.45663         1.55000    
     1.46048         1.55000    
     1.46552         1.55000    
     1.46937         1.55000    
     1.47040         1.55000    
     1.47143         1.55000    
     1.47528         1.55000    
     1.48032         1.55000    
     1.48417         1.55000    
     1.48520         1.55000    
     1.48623         1.55000    
     1.49008         1.55000    
     1.49512         1.55000    
     1.49897         1.55000    
     1.50000         1.55000    
     1.50092         1.55000    
     1.50439         1.55000    
     1.50891         1.55000    
     1.51238         1.55000    
     1.51330         1.55000    
     1.51422         1.55000    
     1.51769         1.55000    
     1.52221         1.55000    
     1.52568         1.55000    
     1.52660         1.55000    
     1.52752         1.55000    
     1.53099         1.55000    
     1.53551         1.55000    
     1.53898         1.55000    
     1.53990         1.55000    
     1.54082         1.55000    
     1.54429         1.55000    
     1.54881         1.55000    
     1.55228         1.55000    
     1.55320         1.55000    
     1.55412         1.55000    
     1.55759         1.55000    
     1.56211         1.55000    
     1.56558         1.55000    
     1.56650         1.55000    
     1.56742         1.55000    
     1.57089         1.55000    
     1.57541         1.55000    
     1.57888         1.55000    
     1.57980         1.55000    
     1.58072         1.55000    
     1.58419         1.55000    
     1.58871         1.55000    
     1.59218         1.55000    
     1.59310         1.55000    
     1.59402         1.55000    
     1.59749         1.55000    
     1.60201         1.55000    
     1.60548         1.55000    
     1.60640         1.55000    
     1.60732         1.55000    
     1.61079         1.55000    
     1.61531         1.55000    
     1.61878         1.55000    
     1.61970         1.55000    
     1.62062         1.55000    
     1.62409         1.55000    
     1.62861         1.55000    
     1.63208         1.55000    
     1.63300         1.55000    
     1.63392         1.55000    
     1.63739         1.55000    
     1.64191         1.55000    
     1.64538         1.55000    
     1.64630         1.55000    
     1.64722         1.55000    
     1.65069         1.55000    
     1.65521         1.55000    
     1.65868         1.55000    
     1.65960         1.55000    
     1.66052         1.55000    
     1.66399         1.55000    
     1.66851         1.55000    
     1.67198         1.55000    
     1.67290         1.55000    
     1.67382         1.55000    
     1.67729         1.55000    
     1.68181         1.55000    
     1.68528         1.55000    
     1.68620         1.55000    
     1.68712         1.55000    
     1.69059         1.55000    
     1.69511         1.55000    
     1.69858         1.55000    
     1.69950         1.55000    
     1.70042         1.55000    
     1.70389         1.55000    
     1.70841         1.55000    
     1.71188         1.55000    
     1.71280         1.55000    
     1.71372         1.55000    
     1.71719         1.55000    
     1.72171         1.55000    
     1.72518         1.55000    
     1.72610         1.55000    
     1.72702         1.55000    
     1.73049         1.55000    
     1.73501         1.55000    
     1.73848         1.55000    
     1.73940         1.55000    
     1.74032         1.55000    
     1.74379         1.55000    
     1.74831         1.55000    
     1.75178         1.55000    
     1.75270         1.55000    
     1.75362         1.55000    
     1.75709         1.55000    
     1.76161         1.55000    
     1.76508         1.55000    
     1.76600         1.55000    
     1.76692         1.55000    
     1.77039         1.55000    
     1.77491         1.55000    
     1.77838         1.55000    
     1.77930         1.55000    
     1.78022         1.55000    
     1.78369         1.55000    
     1.78821         1.55000    
     1.79168         1.55000    
     1.79260         1.55000    
     1.79352         1.55000    
     1.79699         1.55000    
     1.80151         1.55000    
     1.80498         1.55000    
     1.80590         1.55000    
     1.80682         1.55000    
     1.81029         1.55000    
     1.81481         1.55000    
     1.81828         1.55000    
     1.81920         1.55000    
     1.82012         1.55000    
     1.82359         1.55000    
     1.82811         1.55000    
     1.83158         1.55000    
     1.83250         1.55000    
     1.83342         1.55000    
     1.83689         1.55000    
     1.84141         1.55000    
     1.84488         1.55000    
     1.84580         1.55000    
     1.84672         1.55000    
     1.85019         1.55000    
     1.85471         1.55000    
     1.85818         1.55000    
     1.85910         1.55000    
     1.86002         1.55000    
     1.86349         1.55000    
     1.86801         1.55000    
     1.87148         1.55000    
     1.87240         1.55000    
     1.87332         1.55000    
     1.87679         1.55000    
     1.88131         1.55000    
     1.88478         1.55000    
     1.88570         1.55000    
     1.88662         1.55000    
     1.89009         1.55000    
     1.89461         1.55000    
     1.89808         1.55000    
     1.89900         1.55000    
     1.89992         1.55000    
     1.90339         1.55000    
     1.90791         1.55000    
     1.91138         1.55000    
     1.91230         1.55000    
     1.91322         1.55000    
     1.91669         1.55000    
     1.92121         1.55000    
     1.92468         1.55000    
     1.92560         1.55000    
     1.92652         1.55000    
     1.92999         1.55000    
     1.93451         1.55000    
     1.93798         1.55000    
     1.93890         1.55000    
     1.93982         1.55000    
     1.94329         1.55000    
     1.94781         1.55000    
     1.95128         1.55000    
     1.95220         1.55000    
     1.95312         1.55000    
     1.95659         1.55000    
     1.96111         1.55000    
     1.96458         1.55000    
     1.96550         1.55000    
     1.96642         1.55000    
     1.96989         1.55000    
     1.97441         1.55000    
     1.97788         1.55000    
     1.97880         1.55000    
     1.97972         1.55000    
     1.98319         1.55000    
     1.98771         1.55000    
     1.99118         1.55000    
     1.99210         1.55000    
     1.99302         1.55000    
     1.99649         1.55000    
     2.00101         1.55000    
     2.00448         1.55000    
     2.00540         1.55000    
     2.00632         1.55000    
     2.00979         1.55000    
     2.01431         1.55000    
     2.01778         1.55000    
     2.01870         1.55000    
     2.01962         1.55000    
     2.02309         1.55000    
     2.02761         1.55000    
     2.03108         1.55000    
     2.03200         1.55000    
     2.03292         1.55000    
     2.03639         1.55000    
     2.04091         1.55000    
     2.04438         1.55000    
     2.04530         1.55000    
     2.04622         1.55000    
     2.04969         1.55000    
     2.05421         1.55000    
     2.05768         1.55000    
     2.05860         1.55000    
     2.05952         1.55000    
     2.06299         1.55000    
     2.06751         1.55000    
     2.07098         1.55000    
     2.07190         1.55000    
     2.07282         1.55000    
     2.07629         1.55000    
     2.08081         1.55000    
     2.08428         1.55000    
     2.08520         1.55000    
     2.08612         1.55000    
     2.08959         1.55000    
     2.09411         1.55000    
     2.09758         1.55000    
     2.09850         1.55000    
     2.09942         1.55000    
     2.10289         1.55000    
     2.10741         1.55000    
     2.11088         1.55000    
     2.11180         1.55000    
     2.11272         1.55000    
     2.11619         1.55000    
     2.12071         1.55000    
     2.12418         1.55000    
     2.12510         1.55000    
     2.12602         1.55000    
     2.12949         1.55000    
     2.13401         1.55000    
     2.13748         1.55000    
     2.13840         1.55000    
     2.13932         1.55000    
     2.14279         1.55000    
     2.14731         1.55000    
     2.15078         1.55000    
     2.15170         1.55000    
     2.15262         1.55000    
     2.15609         1.55000    
     2.16061         1.55000    
     2.16408         1.55000    
     2.16500         1.55000    
     2.16592         1.55000    
     2.16939         1.55000    
     2.17391         1.55000    
     2.17738         1.55000    
     2.17830         1.55000    
     2.17922         1.55000    
     2.18269         1.55000    
     2.18721         1.55000    
     2.19068         1.55000    
     2.19160         1.55000    
     2.19252         1.55000    
     2.19599         1.55000    
     2.20051         1.55000    
     2.20398         1.55000    
     2.20490         1.55000    
     2.20582         1.55000    
     2.20929         1.55000    
     2.21381         1.55000    
     2.21728         1.55000    
     2.21820         1.55000    
     2.21912         1.55000    
     2.22259         1.55000    
     2.22711         1.55000    
     2.23058         1.55000    
     2.23150         1.55000    
     2.23242         1.55000    
     2.23589         1.55000    
     2.24041         1.55000    
     2.24388         1.55000    
     2.24480         1.55000    
     2.24572         1.55000    
     2.24919         1.55000    
     2.25371         1.55000    
     2.25718         1.55000    
     2.25810         1.55000    
     2.25902         1.55000    
     2.26249         1.55000    
     2.26701         1.55000    
     2.27048         1.55000    
     2.27140         1.55000    
     2.27232         1.55000    
     2.27579         1.55000    
     2.28031         1.55000    
     2.28378         1.55000    
     2.28470         1.55000    
     2.28562         1.55000    
     2.28909         1.55000    
     2.29361         1.55000    
     2.29708         1.55000    
     2.29800         1.55000    
     2.29892         1.55000    
     2.30239         1.55000    
     2.30691         1.55000    
     2.31038         1.55000    
     2.31130         1.55000    
     2.31222         1.55000    
     2.31569         1.55000    
     2.32021         1.55000    
     2.32368         1.55000    
     2.32460         1.55000    
     2.32552         1.55000    
     2.32899         1.55000    
     2.33351         1.55000    
     2.33698         1.55000    
     2.33790         1.55000    
     2.33882         1.55000    
     2.34229         1.55000    
     2.34681         1.55000    
     2.35028         1.55000    
     2.35120         1.55000    
     2.35212         1.55000    
     2.35559         1.55000    
     2.36011         1.55000    
     2.36358         1.55000    
     2.36450         1.55000    
     2.36542         1.55000    
     2.36889         1.55000    
     2.37341         1.55000    
     2.37688         1.55000    
     2.37780         1.55000    
     2.37872         1.55000    
     2.38219         1.55000    
     2.38671         1.55000    
     2.39018         1.55000    
     2.39110         1.55000    
     2.39202         1.55000    
     2.39549         1.55000    
     2.40001         1.55000    
     2.40348         1.55000    
     2.40440         1.55000    
     2.40532         1.55000    
     2.40879         1.55000    
     2.41331         1.55000    
     2.41678         1.55000    
     2.41770         1.55000    
     2.41862         1.55000    
     2.42209         1.55000    
     2.42661         1.55000    
     2.43008         1.55000    
     2.43100         1.55000    
     2.43192         1.55000    
     2.43539         1.55000    
     2.43991         1.55000    
     2.44338         1.55000    
     2.44430         1.55000    
     2.44522         1.55000    
     2.44869         1.55000    
     2.45321         1.55000    
     2.45668         1.55000    
     2.45760         1.55000    
     2.45852         1.55000    
     2.46199         1.55000    
     2.46651         1.55000    
     2.46998         1.55000    
     2.47090         1.55000    
     2.47182         1.55000    
     2.47529         1.55000    
     2.47981         1.55000    
     2.48328         1.55000    
     2.48420         1.55000    
     2.48512         1.55000    
     2.48859         1.55000    
     2.49311         1.55000    
     2.49658         1.55000    
     2.49750         1.55000    
     2.49842         1.55000    
     2.50189         1.55000    
     2.50641         1.55000    
     2.50988         1.55000    
     2.51080         1.55000    
     2.51172         1.55000    
     2.51519         1.55000    
     2.51971         1.55000    
     2.52318         1.55000    
     2.52410         1.55000    
     2.52502         1.55000    
     2.52849         1.55000    
     2.53301         1.55000    
     2.53648         1.55000    
     2.53740         1.55000    
     2.53832         1.55000    
     2.54179         1.55000    
     2.54631         1.55000    
     2.54978         1.55000    
     2.55070         1.55000    
     2.55162         1.55000    
     2.55509         1.55000    
     2.55961         1.55000    
     2.56308         1.55000    
     2.56400         1.55000    
     2.56492         1.55000    
     2.56839         1.55000    
     2.57291         1.55000    
     2.57638         1.55000    
     2.57730         1.55000    
     2.57822         1.55000    
     2.58169         1.55000    
     2.58621         1.55000    
     2.58968         1.55000    
     2.59060         1.55000    
     2.59152         1.55000    
     2.59499         1.55000    
     2.59951         1.55000    
     2.60298         1.55000    
     2.60390         1.55000    
     2.60482         1.55000    
     2.60829         1.55000    
     2.61281         1.55000    
     2.61628         1.55000    
     2.61720         1.55000    
     2.61812         1.55000    
     2.62159         1.55000    
     2.62611         1.55000    
     2.62958         1.55000    
     2.63050         1.55000    
     2.63142         1.55000    
     2.63489         1.55000    
     2.63941         1.55000    
     2.64288         1.55000    
     2.64380         1.55000    
     2.64472         1.55000    
     2.64819         1.55000    
     2.65271         1.55000    
     2.65618         1.55000    
     2.65710         1.55000    
     2.65802         1.55000    
     2.66149         1.55000    
     2.66601         1.55000    
     2.66948         1.55000    
     2.67040         1.55000    
     2.67132         1.55000    
     2.67479         1.55000    
     2.67931         1.55000    
     2.68278         1.55000    
     2.68370         1.55000    
     2.68462         1.55000    
     2.68809         1.55000    
     2.69261         1.55000    
     2.69608         1.55000    
     2.69700         1.55000    
     2.69792         1.55000    
     2.70139         1.55000    
     2.70591         1.55000    
     2.70938         1.55000    
     2.71030         1.55000    
     2.71122         1.55000    
     2.71469         1.55000    
     2.71921         1.55000    
     2.72268         1.55000    
     2.72360         1.55000    
     2.72452         1.55000    
     2.72799         1.55000    
     2.73251         1.55000    
     2.73598         1.55000    
     2.73690         1.55000    
     2.73782         1.55000    
     2.74129         1.55000    
     2.74581         1.55000    
     2.74928         1.55000    
     2.75020         1.55000    
     2.75112         1.55000    
     2.75459         1.55000    
     2.75911         1.55000    
     2.76258         1.55000    
     2.76350         1.55000    
     2.76442         1.55000    
     2.76789         1.55000    
     2.77241         1.55000    
     2.77588         1.55000    
     2.77680         1.55000    
     2.77772         1.55000    
     2.78119         1.55000    
     2.78571         1.55000    
     2.78918         1.55000    
     2.79010         1.55000    
     2.79102         1.55000    
     2.79449         1.55000    
     2.79901         1.55000    
     2.80248         1.55000    
     2.80340         1.55000    
     2.80432         1.55000    
     2.80779         1.55000    
     2.81231         1.55000    
     2.81578         1.55000    
     2.81670         1.55000    
     2.81762         1.55000    
     2.82109         1.55000    
     2.82561         1.55000    
     2.82908         1.55000    
     2.83000         1.55000    
     2.83000         1.55000    
     2.83030         1.55000    
     2.83140         1.55000    
     2.83285         1.55000    
     2.83395         1.55000    
     2.83425         1.55000    
     2.83455         1.55000    
     2.83565         1.55000    
     2.83710         1.55000    
     2.83820         1.55000    
     2.83850         1.55000    
     2.83880         1.55000    
     2.83990         1.55000    
     2.84135         1.55000    
     2.84245         1.55000    
     2.84275         1.55000    
     2.84305         1.55000    
     2.84415         1.55000    
     2.84560         1.55000    
     2.84670         1.55000    
     2.84700         1.55000    
     2.84730         1.55000    
     2.84840         1.55000    
     2.84985         1.55000    
     2.85095         1.55000    
     2.85125         1.55000    
     2.85155         1.55000    
     2.85265         1.55000    
     2.85410         1.55000    
     2.85520         1.55000    
     2.85550         1.55000    
     2.85580         1.55000    
     2.85690         1.55000    
     2.85835         1.55000    
     2.85945         1.55000    
     2.85975         1.55000    
     2.86005         1.55000    
     2.86115         1.55000    
     2.86260         1.55000    
     2.86370         1.55000    
     2.86400         1.55000    
     2.86430         1.55000    
     2.86540         1.55000    
     2.86685         1.55000    
     2.86795         1.55000    
     2.86825         1.55000    
     2.86855         1.55000    
     2.86965         1.55000    
     2.87110         1.55000    
     2.87220         1.55000    
     2.87250         1.55000    
     2.87280         1.55000    
     2.87390         1.55000    
     2.87535         1.55000    
     2.87645         1.55000    
     2.87675         1.55000    
     2.87705         1.55000    
     2.87815         1.55000    
     2.87960         1.55000    
     2.88070         1.55000    
     2.88100         1.55000    
     2.88130         1.55000    
     2.88240         1.55000    
     2.88385         1.55000    
     2.88495         1.55000    
     2.88525         1.55000    
     2.88555         1.55000    
     2.88665         1.55000    
     2.88810         1.55000    
     2.88920         1.55000    
     2.88950         1.55000    
     2.88980         1.55000    
     2.89090         1.55000    
     2.89235         1.55000    
     2.89345         1.55000    
     2.89375         1.55000    
     2.89405         1.55000    
     2.89515         1.55000    
     2.89660         1.55000    
     2.89770         1.55000    
     2.89800         1.55000    
     2.89830         1.55000    
     2.89940         1.55000    
     2.90085         1.55000    
     2.90195         1.55000    
     2.90225         1.55000    
     2.90255         1.55000    
     2.90365         1.55000    
     2.90510         1.55000    
     2.90620         1.55000    
     2.90650         1.55000    
     2.90680         1.55000    
     2.90790         1.55000    
     2.90935         1.55000    
     2.91045         1.55000    
     2.91075         1.55000    
     2.91105         1.55000    
     2.91215         1.55000    
     2.91360         1.55000    
     2.91470         1.55000    
     2.91500         1.55000    
     2.91530         1.55000    
     2.91640         1.55000    
     2.91785         1.55000    
     2.91895         1.55000    
     2.91925         1.55000    
     2.91955         1.55000    
     2.92065         1.55000    
     2.92210         1.55000    
     2.92320         1.55000    
     2.92350         1.55000    
     2.92380         1.55000    
     2.92490         1.55000    
     2.92635         1.55000    
     2.92745         1.55000    
     2.92775         1.55000    
     2.92805         1.55000    
     2.92915         1.55000    
     2.93060         1.55000    
     2.93170         1.55000    
     2.93200         1.55000    
     2.93230         1.55000    
     2.93340         1.55000    
     2.93485         1.55000    
     2.93595         1.55000    
     2.93625         1.55000    
     2.93655         1.55000    
     2.93765         1.55000    
     2.93910         1.55000    
     2.94020         1.55000    
     2.94050         1.55000    
     2.94080         1.55000    
     2.94190         1.55000    
     2.94335         1.55000    
     2.94445         1.55000    
     2.94475         1.55000    
     2.94505         1.55000    
     2.94615         1.55000    
     2.94760         1.55000    
     2.94870         1.55000    
     2.94900         1.55000    
     2.94930         1.55000    
     2.95040         1.55000    
     2.95185         1.55000    
     2.95295         1.55000    
     2.95325         1.55000    
     2.95355         1.55000    
     2.95465         1.55000    
     2.95610         1.55000    
     2.95720         1.55000    
     2.95750         1.55000    
     2.95780         1.55000    
     2.95890         1.55000    
     2.96035         1.55000    
     2.96145         1.55000    
     2.96175         1.55000    
     2.96205         1.55000    
     2.96315         1.55000    
     2.96460         1.55000    
     2.96570         1.55000    
     2.96600         1.55000    
     2.96630         1.55000    
     2.96740         1.55000    
     2.96885         1.55000    
     2.96995         1.55000    
     2.97025         1.55000    
     2.97055         1.55000    
     2.97165         1.55000    
     2.97310         1.55000    
     2.97420         1.55000    
     2.97450         1.55000    
     2.97480         1.55000    
     2.97590         1.55000    
     2.97735         1.55000    
     2.97845         1.55000    
     2.97875         1.55000    
     2.97905         1.55000    
     2.98015         1.55000    
     2.98160         1.55000    
     2.98270         1.55000    
     2.98300         1.55000    
     2.98330         1.55000    
     2.98440         1.55000    
     2.98585         1.55000    
     2.98695         1.55000    
     2.98725         1.55000    
     2.98755         1.55000    
     2.98865         1.55000    
     2.99010         1.55000    
     2.99120         1.55000    
     2.99150         1.55000    
     2.99180         1.55000    
     2.99290         1.55000    
     2.99435         1.55000    
     2.99545         1.55000    
     2.99575         1.55000    
     2.99605         1.55000    
     2.99715         1.55000    
     2.99860         1.55000    
     2.99970         1.55000    
     3.00000         1.55000    
     3.00000         1.55000    
     3.00035         1.55000    
     3.00165         1.55000    
     3.00335         1.55000    
     3.00465         1.55000    
     3.00500         1.55000    
     3.00535         1.55000    
     3.00665         1.55000    
     3.00835         1.55000    
     3.00965         1.55000    
     3.01000         1.55000    
     3.01035         1.55000    
     3.01165         1.55000    
     3.01335         1.55000    
     3.01465         1.55000    
     3.01500         1.55000    
     3.01535         1.55000    
     3.01665         1.55000    
     3.01835         1.55000    
     3.01965         1.55000    
     3.02000         1.55000    
     3.02035         1.55000    
     3.02165         1.55000    
     3.02335         1.55000    
     3.02465         1.55000    
     3.02500         1.55000    
     3.02535         1.55000    
     3.02665         1.55000    
     3.02835         1.55000    
     3.02965         1.55000    
     3.03000         1.55000    
     3.03035         1.55000    
     3.03165         1.55000    
     3.03335         1.55000    
     3.03465         1.55000    
     3.03500         1.55000    
     3.03535         1.55000    
     3.03665         1.55000    
     3.03835         1.55000    
     3.03965         1.55000    
     3.04000         1.55000    
     3.04035         1.55000    
     3.04165         1.55000    
     3.04335         1.55000    
     3.04465         1.55000    
     3.04500         1.55000    
     3.04535         1.55000    
     3.04665         1.55000    
     3.04835         1.55000    
     3.04965         1.55000    
     3.05000         1.55000    
     3.05035         1.55000    
     3.05165         1.55000    
     3.05335         1.55000    
     3.05465         1.55000    
     3.05500         1.55000    
     3.05535         1.55000    
     3.05665         1.55000    
     3.05835         1.55000    
     3.05965         1.55000    
     3.06000         1.55000    
     3.06035         1.55000    
     3.06165         1.55000    
     3.06335         1.55000    
     3.06465         1.55000    
     3.06500         1.55000    
     3.06535         1.55000    
     3.06665         1.55000    
     3.06835         1.55000    
     3.06965         1.55000    
     3.07000         1.55000    
     3.07035         1.55000    
     3.07165         1.55000    
     3.07335         1.55000    
     3.07465         1.55000    
     3.07500         1.55000    
     3.07535         1.55000    
     3.07665         1.55000    
     3.07835         1.55000    
     3.07965         1.55000    
     3.08000         1.55000    
     3.08035         1.55000    
     3.08165         1.55000    
     3.08335         1.55000    
     3.08465         1.55000    
     3.08500         1.55000    
     3.08535         1.55000    
     3.08665         1.55000    
     3.08835         1.55000    
     3.08965         1.55000    
     3.09000         1.55000    
     3.09035         1.55000    
     3.09165         1.55000    
     3.09335         1.55000    
     3.09465         1.55000    
     3.09500         1.55000    
     3.09535         1.55000    
     3.09665         1.55000    
     3.09835         1.55000    
     3.09965         1.55000    
     3.10000         1.55000    
     3.10035         1.55000    
     3.10165         1.55000    
     3.10335         1.55000    
     3.10465         1.55000    
     3.10500         1.55000    
     3.10535         1.55000    
     3.10665         1.55000    
     3.10835         1.55000    
     3.10965         1.55000    
     3.11000         1.55000    
     3.11035         1.55000    
     3.11165         1.55000    
     3.11335         1.55000    
     3.11465         1.55000    
     3.11500         1.55000    
     3.11535         1.55000    
     3.11665         1.55000    
     3.11835         1.55000    
     3.11965         1.55000    
     3.12000         1.55000    
     3.12035         1.55000    
     3.12165         1.55000    
     3.12335         1.55000    
     3.12465         1.55000    
     3.12500         1.55000    
     3.12535         1.55000    
     3.12665         1.55000    
     3.12835         1.55000    
     3.12965         1.55000    
     3.13000         1.55000    
     3.13035         1.55000    
     3.13165         1.55000    
     3.13335         1.55000    
     3.13465         1.55000    
     3.13500         1.55000    
     3.13535         1.55000    
     3.13665         1.55000    
     3.13835         1.55000    
     3.13965         1.55000    
     3.14000         1.55000    
     3.14035         1.55000    
     3.14165         1.55000    
     3.14335         1.55000    
     3.14465         1.55000    
     3.14500         1.55000    
     3.14535         1.55000    
     3.14665         1.55000    
     3.14835         1.55000    
     3.14965         1.55000    
     3.15000         1.55000    
     3.15035         1.55000    
     3.15165         1.55000    
     3.15335         1.55000    
     3.15465         1.55000    
     3.15500         1.55000    
     3.15535         1.55000    
     3.15665         1.55000    
     3.15835         1.55000    
     3.15965         1.55000    
     3.16000         1.55000    
     3.16035         1.55000    
     3.16165         1.55000    
     3.16335         1.55000    
     3.16465         1.55000    
     3.16500         1.55000    
     3.16535         1.55000    
     3.16665         1.55000    
     3.16835         1.55000    
     3.16965         1.55000    
     3.17000         1.55000    
     3.17035         1.55000    
     3.17165         1.55000    
     3.17335         1.55000    
     3.17465         1.55000    
     3.17500         1.55000    
     3.17535         1.55000    
     3.17665         1.55000    
     3.17835         1.55000    
     3.17965         1.55000    
     3.18000         1.55000    
     3.18035         1.55000    
     3.18165         1.55000    
     3.18335         1.55000    
     3.18465         1.55000    
     3.18500         1.55000    
     3.18535         1.55000    
     3.18665         1.55000    
     3.18835         1.55000    
     3.18965         1.55000    
     3.19000         1.55000    
     3.19035         1.55000    
     3.19165         1.55000    
     3.19335         1.55000    
     3.19465         1.55000    
     3.19500         1.55000    
     3.19535         1.55000    
     3.19665         1.55000    
     3.19835         1.55000    
     3.19965         1.55000    
     3.20000         1.55000    
