 Lambda(rho) = 1/(2pi) int[Ntheta^2/(R.J) dthteta]
  rad  pla 
 1408 1006
 rho(m) lambda 
     0.00000         0.00000    
    0.138864E-02    0.159613E-03
    0.660019E-02    0.758644E-03
    0.133998E-01    0.154022E-02
    0.186114E-01    0.213927E-02
    0.200000E-01    0.229889E-02
    0.210276E-01    0.241701E-02
    0.248841E-01    0.286032E-02
    0.299159E-01    0.343874E-02
    0.337724E-01    0.388209E-02
    0.348000E-01    0.400023E-02
    0.358276E-01    0.411837E-02
    0.396841E-01    0.456175E-02
    0.447159E-01    0.514028E-02
    0.485724E-01    0.558374E-02
    0.496000E-01    0.570191E-02
    0.506276E-01    0.582008E-02
    0.544841E-01    0.626360E-02
    0.595159E-01    0.684236E-02
    0.633724E-01    0.728602E-02
    0.644000E-01    0.740425E-02
    0.654276E-01    0.752248E-02
    0.692841E-01    0.796625E-02
    0.743159E-01    0.854539E-02
    0.781724E-01    0.898938E-02
    0.792000E-01    0.910771E-02
    0.802276E-01    0.922604E-02
    0.840841E-01    0.967022E-02
    0.891159E-01    0.102500E-01
    0.929724E-01    0.106945E-01
    0.940000E-01    0.108130E-01
    0.950276E-01    0.109314E-01
    0.988841E-01    0.113762E-01
    0.103916        0.119569E-01
    0.107772        0.124021E-01
    0.108800        0.125208E-01
    0.109828        0.126395E-01
    0.113684        0.130852E-01
    0.118716        0.136671E-01
    0.122572        0.141134E-01
    0.123600        0.142323E-01
    0.124628        0.143513E-01
    0.128484        0.147982E-01
    0.133516        0.153817E-01
    0.137372        0.158294E-01
    0.138400        0.159487E-01
    0.139428        0.160681E-01
    0.143284        0.165164E-01
    0.148316        0.171020E-01
    0.152172        0.175514E-01
    0.153200        0.176713E-01
    0.154228        0.177911E-01
    0.158084        0.182413E-01
    0.163116        0.188295E-01
    0.166972        0.192810E-01
    0.168000        0.194014E-01
    0.169028        0.195218E-01
    0.172884        0.199742E-01
    0.177916        0.205655E-01
    0.181772        0.210195E-01
    0.182800        0.211405E-01
    0.183828        0.212616E-01
    0.187684        0.217167E-01
    0.192716        0.223115E-01
    0.196572        0.227683E-01
    0.197600        0.228901E-01
    0.198628        0.230120E-01
    0.202484        0.234700E-01
    0.207516        0.240689E-01
    0.211372        0.245288E-01
    0.212400        0.246516E-01
    0.213428        0.247743E-01
    0.217284        0.252357E-01
    0.222316        0.258389E-01
    0.226172        0.263024E-01
    0.227200        0.264261E-01
    0.228228        0.265498E-01
    0.232084        0.270147E-01
    0.237116        0.276229E-01
    0.240972        0.280901E-01
    0.242000        0.282148E-01
    0.243028        0.283395E-01
    0.246884        0.288084E-01
    0.251916        0.294216E-01
    0.255772        0.298929E-01
    0.256800        0.300186E-01
    0.257828        0.301444E-01
    0.261684        0.306174E-01
    0.266716        0.312360E-01
    0.270572        0.317114E-01
    0.271600        0.318383E-01
    0.272628        0.319652E-01
    0.276484        0.324424E-01
    0.281516        0.330666E-01
    0.285372        0.335463E-01
    0.286400        0.336743E-01
    0.287428        0.338024E-01
    0.291284        0.342838E-01
    0.296316        0.349137E-01
    0.300172        0.353977E-01
    0.301200        0.355269E-01
    0.302228        0.356561E-01
    0.306084        0.361419E-01
    0.311116        0.367774E-01
    0.314972        0.372658E-01
    0.316000        0.373961E-01
    0.317028        0.375265E-01
    0.320884        0.380166E-01
    0.325916        0.386577E-01
    0.329772        0.391503E-01
    0.330800        0.392817E-01
    0.331828        0.394133E-01
    0.335684        0.399075E-01
    0.340716        0.405541E-01
    0.344572        0.410508E-01
    0.345600        0.411834E-01
    0.346628        0.413160E-01
    0.350484        0.418143E-01
    0.355516        0.424661E-01
    0.359372        0.429668E-01
    0.360400        0.431004E-01
    0.361428        0.432341E-01
    0.365284        0.437363E-01
    0.370316        0.443931E-01
    0.374172        0.448975E-01
    0.375200        0.450321E-01
    0.376228        0.451667E-01
    0.380084        0.456726E-01
    0.385116        0.463340E-01
    0.388972        0.468420E-01
    0.390000        0.469775E-01
    0.391028        0.471131E-01
    0.394884        0.476224E-01
    0.399916        0.482881E-01
    0.403772        0.487993E-01
    0.404800        0.489357E-01
    0.405828        0.490721E-01
    0.409684        0.495845E-01
    0.414716        0.502542E-01
    0.418572        0.507683E-01
    0.419600        0.509054E-01
    0.420628        0.510426E-01
    0.424484        0.515578E-01
    0.429516        0.522311E-01
    0.433372        0.527478E-01
    0.434400        0.528856E-01
    0.435428        0.530235E-01
    0.439284        0.535412E-01
    0.444316        0.542176E-01
    0.448172        0.547367E-01
    0.449200        0.548751E-01
    0.450228        0.550136E-01
    0.454084        0.555335E-01
    0.459116        0.562126E-01
    0.462972        0.567337E-01
    0.464000        0.568726E-01
    0.465028        0.570116E-01
    0.468884        0.575334E-01
    0.473916        0.582149E-01
    0.477772        0.587377E-01
    0.478800        0.588771E-01
    0.479828        0.590165E-01
    0.483684        0.595399E-01
    0.488716        0.602233E-01
    0.492572        0.607475E-01
    0.493600        0.608872E-01
    0.494628        0.610270E-01
    0.498484        0.615517E-01
    0.503516        0.622367E-01
    0.507372        0.627621E-01
    0.508400        0.629021E-01
    0.509428        0.630421E-01
    0.513284        0.635678E-01
    0.518316        0.642541E-01
    0.522172        0.647803E-01
    0.523200        0.649206E-01
    0.524228        0.650608E-01
    0.528084        0.655873E-01
    0.533116        0.662745E-01
    0.536972        0.668013E-01
    0.538000        0.669417E-01
    0.539028        0.670822E-01
    0.542884        0.676092E-01
    0.547916        0.682970E-01
    0.551772        0.688243E-01
    0.552800        0.689648E-01
    0.553828        0.691053E-01
    0.557684        0.696327E-01
    0.562716        0.703209E-01
    0.566572        0.708484E-01
    0.567600        0.709890E-01
    0.568628        0.711295E-01
    0.572484        0.716571E-01
    0.577516        0.723455E-01
    0.581372        0.728731E-01
    0.582400        0.730136E-01
    0.583428        0.731542E-01
    0.587284        0.736818E-01
    0.592316        0.743701E-01
    0.596172        0.748977E-01
    0.597200        0.750382E-01
    0.598228        0.751788E-01
    0.602084        0.757063E-01
    0.607116        0.763944E-01
    0.610972        0.769218E-01
    0.612000        0.770623E-01
    0.613028        0.772028E-01
    0.616884        0.777301E-01
    0.621916        0.784179E-01
    0.625772        0.789450E-01
    0.626800        0.790855E-01
    0.627828        0.792259E-01
    0.631684        0.797529E-01
    0.636716        0.804404E-01
    0.640572        0.809672E-01
    0.641600        0.811075E-01
    0.642628        0.812479E-01
    0.646484        0.817746E-01
    0.651516        0.824616E-01
    0.655372        0.829880E-01
    0.656400        0.831283E-01
    0.657428        0.832686E-01
    0.661284        0.837949E-01
    0.666316        0.844814E-01
    0.670172        0.850075E-01
    0.671200        0.851477E-01
    0.672228        0.852878E-01
    0.676084        0.858138E-01
    0.681116        0.864999E-01
    0.684972        0.870256E-01
    0.686000        0.871657E-01
    0.687028        0.873057E-01
    0.690884        0.878313E-01
    0.695916        0.885169E-01
    0.699772        0.890423E-01
    0.700800        0.891823E-01
    0.701828        0.893222E-01
    0.705684        0.898475E-01
    0.710716        0.905326E-01
    0.714572        0.910577E-01
    0.715600        0.911976E-01
    0.716628        0.913375E-01
    0.720484        0.918624E-01
    0.725516        0.925472E-01
    0.729372        0.930720E-01
    0.730400        0.932118E-01
    0.731428        0.933516E-01
    0.735284        0.938763E-01
    0.740316        0.945608E-01
    0.744172        0.950854E-01
    0.745200        0.952251E-01
    0.746228        0.953649E-01
    0.750084        0.958894E-01
    0.755116        0.965736E-01
    0.758972        0.970980E-01
    0.760000        0.972378E-01
    0.761028        0.973775E-01
    0.764884        0.979018E-01
    0.769916        0.985859E-01
    0.773772        0.991103E-01
    0.774800        0.992500E-01
    0.775828        0.993897E-01
    0.779684        0.999139E-01
    0.784716        0.100598    
    0.788572        0.101122    
    0.789600        0.101262    
    0.790628        0.101402    
    0.794484        0.101926    
    0.799516        0.102610    
    0.803372        0.103134    
    0.804400        0.103274    
    0.805428        0.103414    
    0.809284        0.103938    
    0.814316        0.104623    
    0.818172        0.105147    
    0.819200        0.105287    
    0.820228        0.105427    
    0.824084        0.105951    
    0.829116        0.106636    
    0.832972        0.107160    
    0.834000        0.107300    
    0.835028        0.107440    
    0.838884        0.107965    
    0.843916        0.108650    
    0.847772        0.109175    
    0.848800        0.109314    
    0.849828        0.109454    
    0.853684        0.109980    
    0.858716        0.110665    
    0.862572        0.111190    
    0.863600        0.111330    
    0.864628        0.111470    
    0.868484        0.111996    
    0.873516        0.112682    
    0.877372        0.113207    
    0.878400        0.113348    
    0.879428        0.113488    
    0.883284        0.114014    
    0.888316        0.114700    
    0.892172        0.115227    
    0.893200        0.115367    
    0.894228        0.115507    
    0.898084        0.116034    
    0.903116        0.116721    
    0.906972        0.117248    
    0.908000        0.117388    
    0.909028        0.117529    
    0.912884        0.118056    
    0.917916        0.118744    
    0.921772        0.119272    
    0.922800        0.119412    
    0.923828        0.119553    
    0.927684        0.120081    
    0.932716        0.120770    
    0.936572        0.121298    
    0.937600        0.121439    
    0.938628        0.121580    
    0.942484        0.122109    
    0.947516        0.122799    
    0.951372        0.123328    
    0.952400        0.123469    
    0.953428        0.123610    
    0.957284        0.124139    
    0.962316        0.124830    
    0.966172        0.125360    
    0.967200        0.125502    
    0.968228        0.125643    
    0.972084        0.126173    
    0.977116        0.126866    
    0.980972        0.127396    
    0.982000        0.127538    
    0.983028        0.127679    
    0.986884        0.128211    
    0.991916        0.128904    
    0.995772        0.129436    
    0.996800        0.129578    
    0.997828        0.129720    
     1.00168        0.130252    
     1.00672        0.130947    
     1.01057        0.131480    
     1.01160        0.131622    
     1.01263        0.131764    
     1.01648        0.132297    
     1.02152        0.132993    
     1.02537        0.133527    
     1.02640        0.133669    
     1.02743        0.133812    
     1.03128        0.134346    
     1.03632        0.135043    
     1.04017        0.135578    
     1.04120        0.135721    
     1.04223        0.135864    
     1.04608        0.136399    
     1.05112        0.137098    
     1.05497        0.137634    
     1.05600        0.137777    
     1.05703        0.137920    
     1.06088        0.138457    
     1.06592        0.139157    
     1.06977        0.139695    
     1.07080        0.139838    
     1.07183        0.139981    
     1.07568        0.140519    
     1.08072        0.141221    
     1.08457        0.141759    
     1.08560        0.141903    
     1.08663        0.142046    
     1.09048        0.142585    
     1.09552        0.143289    
     1.09937        0.143829    
     1.10040        0.143973    
     1.10143        0.144117    
     1.10528        0.144657    
     1.11032        0.145362    
     1.11417        0.145903    
     1.11520        0.146047    
     1.11623        0.146191    
     1.12008        0.146733    
     1.12512        0.147440    
     1.12897        0.147982    
     1.13000        0.148127    
     1.13103        0.148271    
     1.13488        0.148814    
     1.13992        0.149523    
     1.14377        0.150066    
     1.14480        0.150211    
     1.14583        0.150356    
     1.14968        0.150900    
     1.15472        0.151611    
     1.15857        0.152156    
     1.15960        0.152301    
     1.16063        0.152446    
     1.16448        0.152992    
     1.16952        0.153704    
     1.17337        0.154250    
     1.17440        0.154396    
     1.17543        0.154541    
     1.17928        0.155088    
     1.18432        0.155802    
     1.18817        0.156350    
     1.18920        0.156496    
     1.19023        0.156642    
     1.19408        0.157190    
     1.19912        0.157906    
     1.20297        0.158455    
     1.20400        0.158601    
     1.20503        0.158747    
     1.20888        0.159297    
     1.21392        0.160015    
     1.21777        0.160565    
     1.21880        0.160712    
     1.21983        0.160859    
     1.22368        0.161410    
     1.22872        0.162129    
     1.23257        0.162681    
     1.23360        0.162828    
     1.23463        0.162975    
     1.23848        0.163528    
     1.24352        0.164249    
     1.24737        0.164802    
     1.24840        0.164950    
     1.24943        0.165097    
     1.25328        0.165651    
     1.25832        0.166375    
     1.26217        0.166929    
     1.26320        0.167077    
     1.26423        0.167225    
     1.26808        0.167781    
     1.27312        0.168506    
     1.27697        0.169062    
     1.27800        0.169211    
     1.27903        0.169359    
     1.28288        0.169916    
     1.28792        0.170643    
     1.29177        0.171201    
     1.29280        0.171349    
     1.29383        0.171498    
     1.29768        0.172057    
     1.30272        0.172786    
     1.30657        0.173345    
     1.30760        0.173494    
     1.30863        0.173643    
     1.31248        0.174203    
     1.31752        0.174934    
     1.32137        0.175495    
     1.32240        0.175645    
     1.32343        0.175794    
     1.32728        0.176356    
     1.33232        0.177089    
     1.33617        0.177651    
     1.33720        0.177801    
     1.33823        0.177951    
     1.34208        0.178514    
     1.34712        0.179249    
     1.35097        0.179813    
     1.35200        0.179963    
     1.35303        0.180114    
     1.35688        0.180678    
     1.36192        0.181416    
     1.36577        0.181981    
     1.36680        0.182132    
     1.36783        0.182283    
     1.37168        0.182849    
     1.37672        0.183588    
     1.38057        0.184155    
     1.38160        0.184306    
     1.38263        0.184458    
     1.38648        0.185025    
     1.39152        0.185767    
     1.39537        0.186335    
     1.39640        0.186487    
     1.39743        0.186639    
     1.40128        0.187208    
     1.40632        0.187952    
     1.41017        0.188522    
     1.41120        0.188674    
     1.41223        0.188826    
     1.41608        0.189397    
     1.42112        0.190143    
     1.42497        0.190715    
     1.42600        0.190867    
     1.42703        0.191020    
     1.43088        0.191592    
     1.43592        0.192340    
     1.43977        0.192913    
     1.44080        0.193066    
     1.44183        0.193219    
     1.44568        0.193794    
     1.45072        0.194543    
     1.45457        0.195119    
     1.45560        0.195272    
     1.45663        0.195425    
     1.46048        0.196001    
     1.46552        0.196753    
     1.46937        0.197330    
     1.47040        0.197484    
     1.47143        0.197638    
     1.47528        0.198216    
     1.48032        0.198970    
     1.48417        0.199549    
     1.48520        0.199703    
     1.48623        0.199857    
     1.49008        0.200436    
     1.49512        0.201193    
     1.49897        0.201773    
     1.50000        0.201928    
     1.50092        0.202067    
     1.50439        0.202589    
     1.50891        0.203271    
     1.51238        0.203794    
     1.51330        0.203933    
     1.51422        0.204072    
     1.51769        0.204596    
     1.52221        0.205279    
     1.52568        0.205804    
     1.52660        0.205944    
     1.52752        0.206083    
     1.53099        0.206608    
     1.53551        0.207294    
     1.53898        0.207819    
     1.53990        0.207959    
     1.54082        0.208100    
     1.54429        0.208626    
     1.54881        0.209313    
     1.55228        0.209840    
     1.55320        0.209981    
     1.55412        0.210121    
     1.55759        0.210649    
     1.56211        0.211338    
     1.56558        0.211866    
     1.56650        0.212007    
     1.56742        0.212148    
     1.57089        0.212677    
     1.57541        0.213368    
     1.57888        0.213898    
     1.57980        0.214040    
     1.58072        0.214181    
     1.58419        0.214711    
     1.58871        0.215404    
     1.59218        0.215936    
     1.59310        0.216077    
     1.59402        0.216219    
     1.59749        0.216751    
     1.60201        0.217446    
     1.60548        0.217979    
     1.60640        0.218121    
     1.60732        0.218263    
     1.61079        0.218796    
     1.61531        0.219493    
     1.61878        0.220027    
     1.61970        0.220170    
     1.62062        0.220312    
     1.62409        0.220847    
     1.62861        0.221545    
     1.63208        0.222081    
     1.63300        0.222224    
     1.63392        0.222367    
     1.63739        0.222903    
     1.64191        0.223604    
     1.64538        0.224141    
     1.64630        0.224284    
     1.64722        0.224428    
     1.65069        0.224966    
     1.65521        0.225668    
     1.65868        0.226207    
     1.65960        0.226350    
     1.66052        0.226494    
     1.66399        0.227034    
     1.66851        0.227738    
     1.67198        0.228278    
     1.67290        0.228422    
     1.67382        0.228566    
     1.67729        0.229107    
     1.68181        0.229814    
     1.68528        0.230355    
     1.68620        0.230500    
     1.68712        0.230644    
     1.69059        0.231187    
     1.69511        0.231895    
     1.69858        0.232438    
     1.69950        0.232583    
     1.70042        0.232728    
     1.70389        0.233272    
     1.70841        0.233983    
     1.71188        0.234527    
     1.71280        0.234673    
     1.71372        0.234818    
     1.71719        0.235364    
     1.72171        0.236076    
     1.72518        0.236622    
     1.72610        0.236768    
     1.72702        0.236914    
     1.73049        0.237461    
     1.73501        0.238175    
     1.73848        0.238723    
     1.73940        0.238869    
     1.74032        0.239016    
     1.74379        0.239564    
     1.74831        0.240281    
     1.75178        0.240830    
     1.75270        0.240977    
     1.75362        0.241123    
     1.75709        0.241674    
     1.76161        0.242392    
     1.76508        0.242943    
     1.76600        0.243090    
     1.76692        0.243237    
     1.77039        0.243789    
     1.77491        0.244510    
     1.77838        0.245063    
     1.77930        0.245210    
     1.78022        0.245357    
     1.78369        0.245911    
     1.78821        0.246634    
     1.79168        0.247188    
     1.79260        0.247336    
     1.79352        0.247484    
     1.79699        0.248039    
     1.80151        0.248764    
     1.80498        0.249320    
     1.80590        0.249468    
     1.80682        0.249616    
     1.81029        0.250173    
     1.81481        0.250900    
     1.81828        0.251458    
     1.81920        0.251606    
     1.82012        0.251755    
     1.82359        0.252313    
     1.82811        0.253043    
     1.83158        0.253602    
     1.83250        0.253751    
     1.83342        0.253900    
     1.83689        0.254460    
     1.84141        0.255192    
     1.84488        0.255753    
     1.84580        0.255902    
     1.84672        0.256052    
     1.85019        0.256613    
     1.85471        0.257347    
     1.85818        0.257910    
     1.85910        0.258060    
     1.86002        0.258210    
     1.86349        0.258773    
     1.86801        0.259509    
     1.87148        0.260073    
     1.87240        0.260224    
     1.87332        0.260374    
     1.87679        0.260939    
     1.88131        0.261677    
     1.88478        0.262243    
     1.88570        0.262394    
     1.88662        0.262545    
     1.89009        0.263112    
     1.89461        0.263852    
     1.89808        0.264420    
     1.89900        0.264572    
     1.89992        0.264723    
     1.90339        0.265292    
     1.90791        0.266034    
     1.91138        0.266604    
     1.91230        0.266756    
     1.91322        0.266907    
     1.91669        0.267478    
     1.92121        0.268223    
     1.92468        0.268794    
     1.92560        0.268946    
     1.92652        0.269099    
     1.92999        0.269671    
     1.93451        0.270418    
     1.93798        0.270991    
     1.93890        0.271144    
     1.93982        0.271297    
     1.94329        0.271870    
     1.94781        0.272620    
     1.95128        0.273195    
     1.95220        0.273348    
     1.95312        0.273501    
     1.95659        0.274077    
     1.96111        0.274829    
     1.96458        0.275406    
     1.96550        0.275559    
     1.96642        0.275713    
     1.96989        0.276291    
     1.97441        0.277045    
     1.97788        0.277623    
     1.97880        0.277778    
     1.97972        0.277932    
     1.98319        0.278511    
     1.98771        0.279268    
     1.99118        0.279848    
     1.99210        0.280003    
     1.99302        0.280158    
     1.99649        0.280739    
     2.00101        0.281498    
     2.00448        0.282080    
     2.00540        0.282235    
     2.00632        0.282391    
     2.00979        0.282974    
     2.01431        0.283735    
     2.01778        0.284319    
     2.01870        0.284475    
     2.01962        0.284631    
     2.02309        0.285216    
     2.02761        0.285979    
     2.03108        0.286566    
     2.03200        0.286722    
     2.03292        0.286878    
     2.03639        0.287465    
     2.04091        0.288231    
     2.04438        0.288819    
     2.04530        0.288976    
     2.04622        0.289133    
     2.04969        0.289722    
     2.05421        0.290490    
     2.05768        0.291080    
     2.05860        0.291238    
     2.05952        0.291395    
     2.06299        0.291986    
     2.06751        0.292757    
     2.07098        0.293349    
     2.07190        0.293507    
     2.07282        0.293665    
     2.07629        0.294257    
     2.08081        0.295031    
     2.08428        0.295625    
     2.08520        0.295784    
     2.08612        0.295942    
     2.08959        0.296537    
     2.09411        0.297313    
     2.09758        0.297909    
     2.09850        0.298068    
     2.09942        0.298227    
     2.10289        0.298823    
     2.10741        0.299603    
     2.11088        0.300201    
     2.11180        0.300360    
     2.11272        0.300519    
     2.11619        0.301118    
     2.12071        0.301900    
     2.12418        0.302500    
     2.12510        0.302660    
     2.12602        0.302820    
     2.12949        0.303421    
     2.13401        0.304205    
     2.13748        0.304807    
     2.13840        0.304968    
     2.13932        0.305128    
     2.14279        0.305731    
     2.14731        0.306518    
     2.15078        0.307123    
     2.15170        0.307284    
     2.15262        0.307445    
     2.15609        0.308050    
     2.16061        0.308840    
     2.16408        0.309446    
     2.16500        0.309608    
     2.16592        0.309769    
     2.16939        0.310376    
     2.17391        0.311169    
     2.17738        0.311777    
     2.17830        0.311940    
     2.17922        0.312102    
     2.18269        0.312711    
     2.18721        0.313507    
     2.19068        0.314117    
     2.19160        0.314280    
     2.19252        0.314443    
     2.19599        0.315054    
     2.20051        0.315853    
     2.20398        0.316466    
     2.20490        0.316629    
     2.20582        0.316792    
     2.20929        0.317406    
     2.21381        0.318207    
     2.21728        0.318822    
     2.21820        0.318986    
     2.21912        0.319150    
     2.22259        0.319766    
     2.22711        0.320570    
     2.23058        0.321187    
     2.23150        0.321352    
     2.23242        0.321517    
     2.23589        0.322135    
     2.24041        0.322942    
     2.24388        0.323561    
     2.24480        0.323727    
     2.24572        0.323892    
     2.24919        0.324512    
     2.25371        0.325322    
     2.25718        0.325944    
     2.25810        0.326110    
     2.25902        0.326276    
     2.26249        0.326898    
     2.26701        0.327712    
     2.27048        0.328336    
     2.27140        0.328502    
     2.27232        0.328669    
     2.27579        0.329294    
     2.28031        0.330110    
     2.28378        0.330737    
     2.28470        0.330904    
     2.28562        0.331071    
     2.28909        0.331698    
     2.29361        0.332518    
     2.29708        0.333146    
     2.29800        0.333314    
     2.29892        0.333482    
     2.30239        0.334112    
     2.30691        0.334934    
     2.31038        0.335566    
     2.31130        0.335734    
     2.31222        0.335902    
     2.31569        0.336534    
     2.32021        0.337360    
     2.32368        0.337994    
     2.32460        0.338163    
     2.32552        0.338332    
     2.32899        0.338967    
     2.33351        0.339796    
     2.33698        0.340432    
     2.33790        0.340602    
     2.33882        0.340771    
     2.34229        0.341409    
     2.34681        0.342241    
     2.35028        0.342880    
     2.35120        0.343050    
     2.35212        0.343221    
     2.35559        0.343860    
     2.36011        0.344696    
     2.36358        0.345337    
     2.36450        0.345508    
     2.36542        0.345679    
     2.36889        0.346322    
     2.37341        0.347161    
     2.37688        0.347805    
     2.37780        0.347977    
     2.37872        0.348148    
     2.38219        0.348793    
     2.38671        0.349636    
     2.39018        0.350282    
     2.39110        0.350455    
     2.39202        0.350627    
     2.39549        0.351275    
     2.40001        0.352121    
     2.40348        0.352770    
     2.40440        0.352943    
     2.40532        0.353116    
     2.40879        0.353767    
     2.41331        0.354616    
     2.41678        0.355268    
     2.41770        0.355442    
     2.41862        0.355616    
     2.42209        0.356269    
     2.42661        0.357122    
     2.43008        0.357777    
     2.43100        0.357952    
     2.43192        0.358126    
     2.43539        0.358782    
     2.43991        0.359639    
     2.44338        0.360296    
     2.44430        0.360472    
     2.44522        0.360647    
     2.44869        0.361306    
     2.45321        0.362166    
     2.45668        0.362827    
     2.45760        0.363003    
     2.45852        0.363179    
     2.46199        0.363840    
     2.46651        0.364705    
     2.46998        0.365368    
     2.47090        0.365545    
     2.47182        0.365722    
     2.47529        0.366386    
     2.47981        0.367254    
     2.48328        0.367920    
     2.48420        0.368098    
     2.48512        0.368276    
     2.48859        0.368943    
     2.49311        0.369815    
     2.49658        0.370484    
     2.49750        0.370663    
     2.49842        0.370841    
     2.50189        0.371512    
     2.50641        0.372387    
     2.50988        0.373060    
     2.51080        0.373239    
     2.51172        0.373418    
     2.51519        0.374092    
     2.51971        0.374972    
     2.52318        0.375647    
     2.52410        0.375827    
     2.52502        0.376007    
     2.52849        0.376684    
     2.53301        0.377567    
     2.53648        0.378246    
     2.53740        0.378427    
     2.53832        0.378608    
     2.54179        0.379287    
     2.54631        0.380176    
     2.54978        0.380857    
     2.55070        0.381039    
     2.55162        0.381221    
     2.55509        0.381904    
     2.55961        0.382796    
     2.56308        0.383481    
     2.56400        0.383663    
     2.56492        0.383846    
     2.56839        0.384532    
     2.57291        0.385429    
     2.57638        0.386117    
     2.57730        0.386300    
     2.57822        0.386484    
     2.58169        0.387173    
     2.58621        0.388074    
     2.58968        0.388766    
     2.59060        0.388950    
     2.59152        0.389135    
     2.59499        0.389827    
     2.59951        0.390733    
     2.60298        0.391428    
     2.60390        0.391613    
     2.60482        0.391798    
     2.60829        0.392495    
     2.61281        0.393404    
     2.61628        0.394103    
     2.61720        0.394289    
     2.61812        0.394475    
     2.62159        0.395175    
     2.62611        0.396089    
     2.62958        0.396791    
     2.63050        0.396978    
     2.63142        0.397166    
     2.63489        0.397869    
     2.63941        0.398788    
     2.64288        0.399493    
     2.64380        0.399681    
     2.64472        0.399870    
     2.64819        0.400577    
     2.65271        0.401500    
     2.65618        0.402209    
     2.65710        0.402399    
     2.65802        0.402588    
     2.66149        0.403298    
     2.66601        0.404227    
     2.66948        0.404940    
     2.67040        0.405130    
     2.67132        0.405320    
     2.67479        0.406034    
     2.67931        0.406968    
     2.68278        0.407684    
     2.68370        0.407875    
     2.68462        0.408067    
     2.68809        0.408785    
     2.69261        0.409723    
     2.69608        0.410444    
     2.69700        0.410636    
     2.69792        0.410828    
     2.70139        0.411550    
     2.70591        0.412494    
     2.70938        0.413218    
     2.71030        0.413411    
     2.71122        0.413604    
     2.71469        0.414330    
     2.71921        0.415279    
     2.72268        0.416008    
     2.72360        0.416202    
     2.72452        0.416396    
     2.72799        0.417126    
     2.73251        0.418080    
     2.73598        0.418813    
     2.73690        0.419008    
     2.73782        0.419203    
     2.74129        0.419937    
     2.74581        0.420897    
     2.74928        0.421633    
     2.75020        0.421830    
     2.75112        0.422026    
     2.75459        0.422765    
     2.75911        0.423730    
     2.76258        0.424470    
     2.76350        0.424668    
     2.76442        0.424866    
     2.76789        0.425608    
     2.77241        0.426579    
     2.77588        0.427324    
     2.77680        0.427523    
     2.77772        0.427721    
     2.78119        0.428468    
     2.78571        0.429444    
     2.78918        0.430194    
     2.79010        0.430394    
     2.79102        0.430594    
     2.79449        0.431345    
     2.79901        0.432327    
     2.80248        0.433081    
     2.80340        0.433282    
     2.80432        0.433483    
     2.80779        0.434239    
     2.81231        0.435227    
     2.81578        0.435986    
     2.81670        0.436188    
     2.81762        0.436390    
     2.82109        0.437151    
     2.82561        0.438145    
     2.82908        0.438908    
     2.83000        0.439111    
     2.83000        0.439111    
     2.83030        0.439175    
     2.83140        0.439414    
     2.83285        0.439725    
     2.83395        0.439964    
     2.83425        0.440028    
     2.83455        0.440092    
     2.83565        0.440331    
     2.83710        0.440643    
     2.83820        0.440882    
     2.83850        0.440946    
     2.83880        0.441010    
     2.83990        0.441249    
     2.84135        0.441562    
     2.84245        0.441801    
     2.84275        0.441865    
     2.84305        0.441929    
     2.84415        0.442169    
     2.84560        0.442482    
     2.84670        0.442722    
     2.84700        0.442786    
     2.84730        0.442850    
     2.84840        0.443090    
     2.84985        0.443404    
     2.85095        0.443644    
     2.85125        0.443708    
     2.85155        0.443773    
     2.85265        0.444013    
     2.85410        0.444327    
     2.85520        0.444568    
     2.85550        0.444632    
     2.85580        0.444696    
     2.85690        0.444937    
     2.85835        0.445252    
     2.85945        0.445493    
     2.85975        0.445557    
     2.86005        0.445622    
     2.86115        0.445863    
     2.86260        0.446178    
     2.86370        0.446419    
     2.86400        0.446484    
     2.86430        0.446548    
     2.86540        0.446790    
     2.86685        0.447105    
     2.86795        0.447347    
     2.86825        0.447412    
     2.86855        0.447476    
     2.86965        0.447718    
     2.87110        0.448034    
     2.87220        0.448277    
     2.87250        0.448341    
     2.87280        0.448406    
     2.87390        0.448648    
     2.87535        0.448965    
     2.87645        0.449208    
     2.87675        0.449272    
     2.87705        0.449337    
     2.87815        0.449580    
     2.87960        0.449897    
     2.88070        0.450140    
     2.88100        0.450205    
     2.88130        0.450269    
     2.88240        0.450513    
     2.88385        0.450830    
     2.88495        0.451074    
     2.88525        0.451138    
     2.88555        0.451203    
     2.88665        0.451447    
     2.88810        0.451765    
     2.88920        0.452009    
     2.88950        0.452074    
     2.88980        0.452139    
     2.89090        0.452383    
     2.89235        0.452701    
     2.89345        0.452945    
     2.89375        0.453010    
     2.89405        0.453076    
     2.89515        0.453320    
     2.89660        0.453639    
     2.89770        0.453883    
     2.89800        0.453949    
     2.89830        0.454014    
     2.89940        0.454259    
     2.90085        0.454578    
     2.90195        0.454823    
     2.90225        0.454888    
     2.90255        0.454954    
     2.90365        0.455199    
     2.90510        0.455519    
     2.90620        0.455764    
     2.90650        0.455830    
     2.90680        0.455895    
     2.90790        0.456141    
     2.90935        0.456461    
     2.91045        0.456707    
     2.91075        0.456772    
     2.91105        0.456838    
     2.91215        0.457084    
     2.91360        0.457405    
     2.91470        0.457651    
     2.91500        0.457716    
     2.91530        0.457782    
     2.91640        0.458028    
     2.91785        0.458350    
     2.91895        0.458596    
     2.91925        0.458662    
     2.91955        0.458728    
     2.92065        0.458975    
     2.92210        0.459297    
     2.92320        0.459543    
     2.92350        0.459609    
     2.92380        0.459675    
     2.92490        0.459922    
     2.92635        0.460245    
     2.92745        0.460492    
     2.92775        0.460558    
     2.92805        0.460624    
     2.92915        0.460871    
     2.93060        0.461194    
     2.93170        0.461442    
     2.93200        0.461508    
     2.93230        0.461574    
     2.93340        0.461822    
     2.93485        0.462146    
     2.93595        0.462394    
     2.93625        0.462460    
     2.93655        0.462526    
     2.93765        0.462774    
     2.93910        0.463098    
     2.94020        0.463347    
     2.94050        0.463413    
     2.94080        0.463479    
     2.94190        0.463728    
     2.94335        0.464053    
     2.94445        0.464302    
     2.94475        0.464368    
     2.94505        0.464434    
     2.94615        0.464683    
     2.94760        0.465008    
     2.94870        0.465258    
     2.94900        0.465324    
     2.94930        0.465391    
     2.95040        0.465640    
     2.95185        0.465966    
     2.95295        0.466215    
     2.95325        0.466282    
     2.95355        0.466349    
     2.95465        0.466598    
     2.95610        0.466925    
     2.95720        0.467175    
     2.95750        0.467241    
     2.95780        0.467308    
     2.95890        0.467558    
     2.96035        0.467885    
     2.96145        0.468136    
     2.96175        0.468202    
     2.96205        0.468269    
     2.96315        0.468520    
     2.96460        0.468847    
     2.96570        0.469098    
     2.96600        0.469165    
     2.96630        0.469232    
     2.96740        0.469483    
     2.96885        0.469811    
     2.96995        0.470062    
     2.97025        0.470129    
     2.97055        0.470196    
     2.97165        0.470447    
     2.97310        0.470776    
     2.97420        0.471027    
     2.97450        0.471094    
     2.97480        0.471162    
     2.97590        0.471413    
     2.97735        0.471742    
     2.97845        0.471994    
     2.97875        0.472062    
     2.97905        0.472129    
     2.98015        0.472381    
     2.98160        0.472710    
     2.98270        0.472963    
     2.98300        0.473030    
     2.98330        0.473098    
     2.98440        0.473350    
     2.98585        0.473680    
     2.98695        0.473933    
     2.98725        0.474001    
     2.98755        0.474068    
     2.98865        0.474321    
     2.99010        0.474652    
     2.99120        0.474905    
     2.99150        0.474972    
     2.99180        0.475040    
     2.99290        0.475294    
     2.99435        0.475625    
     2.99545        0.475878    
     2.99575        0.475946    
     2.99605        0.476014    
     2.99715        0.476268    
     2.99860        0.476599    
     2.99970        0.476853    
     3.00000        0.476921    
     3.00000        0.476921    
     3.00035        0.477001    
     3.00165        0.477300    
     3.00335        0.477691    
     3.00465        0.477990    
     3.00500        0.478070    
     3.00535        0.478150    
     3.00665        0.478450    
     3.00835        0.478841    
     3.00965        0.479142    
     3.01000        0.479222    
     3.01035        0.479302    
     3.01165        0.479602    
     3.01335        0.479994    
     3.01465        0.480295    
     3.01500        0.480375    
     3.01535        0.480455    
     3.01665        0.480756    
     3.01835        0.481149    
     3.01965        0.481451    
     3.02000        0.481531    
     3.02035        0.481611    
     3.02165        0.481913    
     3.02335        0.482307    
     3.02465        0.482609    
     3.02500        0.482689    
     3.02535        0.482770    
     3.02665        0.483072    
     3.02835        0.483466    
     3.02965        0.483769    
     3.03000        0.483850    
     3.03035        0.483930    
     3.03165        0.484233    
     3.03335        0.484628    
     3.03465        0.484931    
     3.03500        0.485012    
     3.03535        0.485093    
     3.03665        0.485396    
     3.03835        0.485792    
     3.03965        0.486096    
     3.04000        0.486177    
     3.04035        0.486258    
     3.04165        0.486562    
     3.04335        0.486959    
     3.04465        0.487263    
     3.04500        0.487344    
     3.04535        0.487425    
     3.04665        0.487730    
     3.04835        0.488128    
     3.04965        0.488432    
     3.05000        0.488514    
     3.05035        0.488595    
     3.05165        0.488900    
     3.05335        0.489299    
     3.05465        0.489604    
     3.05500        0.489686    
     3.05535        0.489767    
     3.05665        0.490073    
     3.05835        0.490472    
     3.05965        0.490778    
     3.06000        0.490860    
     3.06035        0.490941    
     3.06165        0.491248    
     3.06335        0.491647    
     3.06465        0.491954    
     3.06500        0.492036    
     3.06535        0.492118    
     3.06665        0.492425    
     3.06835        0.492825    
     3.06965        0.493133    
     3.07000        0.493215    
     3.07035        0.493297    
     3.07165        0.493604    
     3.07335        0.494006    
     3.07465        0.494314    
     3.07500        0.494396    
     3.07535        0.494478    
     3.07665        0.494786    
     3.07835        0.495188    
     3.07965        0.495497    
     3.08000        0.495579    
     3.08035        0.495661    
     3.08165        0.495970    
     3.08335        0.496373    
     3.08465        0.496682    
     3.08500        0.496765    
     3.08535        0.496847    
     3.08665        0.497157    
     3.08835        0.497561    
     3.08965        0.497870    
     3.09000        0.497953    
     3.09035        0.498035    
     3.09165        0.498345    
     3.09335        0.498750    
     3.09465        0.499061    
     3.09500        0.499143    
     3.09535        0.499226    
     3.09665        0.499537    
     3.09835        0.499942    
     3.09965        0.500253    
     3.10000        0.500336    
     3.10035        0.500419    
     3.10165        0.500730    
     3.10335        0.501137    
     3.10465        0.501448    
     3.10500        0.501531    
     3.10535        0.501614    
     3.10665        0.501926    
     3.10835        0.502333    
     3.10965        0.502646    
     3.11000        0.502729    
     3.11035        0.502812    
     3.11165        0.503125    
     3.11335        0.503533    
     3.11465        0.503846    
     3.11500        0.503929    
     3.11535        0.504012    
     3.11665        0.504326    
     3.11835        0.504734    
     3.11965        0.505048    
     3.12000        0.505131    
     3.12035        0.505215    
     3.12165        0.505529    
     3.12335        0.505938    
     3.12465        0.506253    
     3.12500        0.506336    
     3.12535        0.506420    
     3.12665        0.506734    
     3.12835        0.507145    
     3.12965        0.507460    
     3.13000        0.507544    
     3.13035        0.507627    
     3.13165        0.507942    
     3.13335        0.508354    
     3.13465        0.508669    
     3.13500        0.508753    
     3.13535        0.508837    
     3.13665        0.509153    
     3.13835        0.509565    
     3.13965        0.509881    
     3.14000        0.509965    
     3.14035        0.510050    
     3.14165        0.510366    
     3.14335        0.510779    
     3.14465        0.511096    
     3.14500        0.511180    
     3.14535        0.511264    
     3.14665        0.511581    
     3.14835        0.511995    
     3.14965        0.512313    
     3.15000        0.512397    
     3.15035        0.512482    
     3.15165        0.512799    
     3.15335        0.513214    
     3.15465        0.513532    
     3.15500        0.513617    
     3.15535        0.513702    
     3.15665        0.514020    
     3.15835        0.514435    
     3.15965        0.514754    
     3.16000        0.514839    
     3.16035        0.514924    
     3.16165        0.515243    
     3.16335        0.515659    
     3.16465        0.515978    
     3.16500        0.516063    
     3.16535        0.516149    
     3.16665        0.516468    
     3.16835        0.516885    
     3.16965        0.517205    
     3.17000        0.517291    
     3.17035        0.517376    
     3.17165        0.517696    
     3.17335        0.518114    
     3.17465        0.518435    
     3.17500        0.518520    
     3.17535        0.518606    
     3.17665        0.518926    
     3.17835        0.519345    
     3.17965        0.519667    
     3.18000        0.519752    
     3.18035        0.519838    
     3.18165        0.520159    
     3.18335        0.520579    
     3.18465        0.520901    
     3.18500        0.520987    
     3.18535        0.521073    
     3.18665        0.521395    
     3.18835        0.521816    
     3.18965        0.522138    
     3.19000        0.522224    
     3.19035        0.522310    
     3.19165        0.522633    
     3.19335        0.523055    
     3.19465        0.523378    
     3.19500        0.523464    
     3.19535        0.523550    
     3.19665        0.523874    
     3.19835        0.524296    
     3.19965        0.524620    
     3.20000        0.524706    
