 Major radius at Z=Zmag
  rad  pla 
 1408 1006
 rho(m) R(m) 
     0.00000         8.70000    
    0.138864E-02     8.70139    
    0.660019E-02     8.70660    
    0.133998E-01     8.71339    
    0.186114E-01     8.71859    
    0.200000E-01     8.71998    
    0.210276E-01     8.72101    
    0.248841E-01     8.72485    
    0.299159E-01     8.72987    
    0.337724E-01     8.73372    
    0.348000E-01     8.73474    
    0.358276E-01     8.73576    
    0.396841E-01     8.73961    
    0.447159E-01     8.74462    
    0.485724E-01     8.74845    
    0.496000E-01     8.74948    
    0.506276E-01     8.75050    
    0.544841E-01     8.75434    
    0.595159E-01     8.75934    
    0.633724E-01     8.76317    
    0.644000E-01     8.76419    
    0.654276E-01     8.76521    
    0.692841E-01     8.76904    
    0.743159E-01     8.77404    
    0.781724E-01     8.77787    
    0.792000E-01     8.77889    
    0.802276E-01     8.77991    
    0.840841E-01     8.78373    
    0.891159E-01     8.78872    
    0.929724E-01     8.79254    
    0.940000E-01     8.79356    
    0.950276E-01     8.79458    
    0.988841E-01     8.79840    
    0.103916         8.80338    
    0.107772         8.80719    
    0.108800         8.80821    
    0.109828         8.80923    
    0.113684         8.81304    
    0.118716         8.81801    
    0.122572         8.82182    
    0.123600         8.82284    
    0.124628         8.82385    
    0.128484         8.82766    
    0.133516         8.83263    
    0.137372         8.83643    
    0.138400         8.83744    
    0.139428         8.83846    
    0.143284         8.84226    
    0.148316         8.84722    
    0.152172         8.85102    
    0.153200         8.85203    
    0.154228         8.85304    
    0.158084         8.85684    
    0.163116         8.86179    
    0.166972         8.86558    
    0.168000         8.86659    
    0.169028         8.86760    
    0.172884         8.87139    
    0.177916         8.87634    
    0.181772         8.88013    
    0.182800         8.88113    
    0.183828         8.88214    
    0.187684         8.88593    
    0.192716         8.89087    
    0.196572         8.89465    
    0.197600         8.89565    
    0.198628         8.89666    
    0.202484         8.90044    
    0.207516         8.90537    
    0.211372         8.90915    
    0.212400         8.91015    
    0.213428         8.91116    
    0.217284         8.91493    
    0.222316         8.91986    
    0.226172         8.92363    
    0.227200         8.92463    
    0.228228         8.92563    
    0.232084         8.92940    
    0.237116         8.93432    
    0.240972         8.93808    
    0.242000         8.93909    
    0.243028         8.94009    
    0.246884         8.94385    
    0.251916         8.94876    
    0.255772         8.95252    
    0.256800         8.95352    
    0.257828         8.95452    
    0.261684         8.95828    
    0.266716         8.96318    
    0.270572         8.96693    
    0.271600         8.96793    
    0.272628         8.96893    
    0.276484         8.97268    
    0.281516         8.97758    
    0.285372         8.98133    
    0.286400         8.98232    
    0.287428         8.98332    
    0.291284         8.98707    
    0.296316         8.99195    
    0.300172         8.99570    
    0.301200         8.99669    
    0.302228         8.99769    
    0.306084         9.00143    
    0.311116         9.00631    
    0.314972         9.01005    
    0.316000         9.01104    
    0.317028         9.01204    
    0.320884         9.01577    
    0.325916         9.02065    
    0.329772         9.02438    
    0.330800         9.02537    
    0.331828         9.02637    
    0.335684         9.03010    
    0.340716         9.03496    
    0.344572         9.03869    
    0.345600         9.03968    
    0.346628         9.04067    
    0.350484         9.04440    
    0.355516         9.04925    
    0.359372         9.05297    
    0.360400         9.05397    
    0.361428         9.05496    
    0.365284         9.05868    
    0.370316         9.06353    
    0.374172         9.06724    
    0.375200         9.06823    
    0.376228         9.06922    
    0.380084         9.07293    
    0.385116         9.07778    
    0.388972         9.08149    
    0.390000         9.08248    
    0.391028         9.08346    
    0.394884         9.08717    
    0.399916         9.09201    
    0.403772         9.09571    
    0.404800         9.09670    
    0.405828         9.09769    
    0.409684         9.10139    
    0.414716         9.10622    
    0.418572         9.10992    
    0.419600         9.11090    
    0.420628         9.11189    
    0.424484         9.11559    
    0.429516         9.12041    
    0.433372         9.12410    
    0.434400         9.12509    
    0.435428         9.12607    
    0.439284         9.12976    
    0.444316         9.13458    
    0.448172         9.13827    
    0.449200         9.13925    
    0.450228         9.14023    
    0.454084         9.14392    
    0.459116         9.14873    
    0.462972         9.15241    
    0.464000         9.15339    
    0.465028         9.15437    
    0.468884         9.15805    
    0.473916         9.16286    
    0.477772         9.16653    
    0.478800         9.16751    
    0.479828         9.16849    
    0.483684         9.17217    
    0.488716         9.17696    
    0.492572         9.18064    
    0.493600         9.18162    
    0.494628         9.18259    
    0.498484         9.18627    
    0.503516         9.19105    
    0.507372         9.19472    
    0.508400         9.19570    
    0.509428         9.19668    
    0.513284         9.20034    
    0.518316         9.20512    
    0.522172         9.20879    
    0.523200         9.20976    
    0.524228         9.21074    
    0.528084         9.21440    
    0.533116         9.21917    
    0.536972         9.22283    
    0.538000         9.22381    
    0.539028         9.22478    
    0.542884         9.22844    
    0.547916         9.23320    
    0.551772         9.23686    
    0.552800         9.23783    
    0.553828         9.23880    
    0.557684         9.24245    
    0.562716         9.24721    
    0.566572         9.25086    
    0.567600         9.25183    
    0.568628         9.25280    
    0.572484         9.25645    
    0.577516         9.26121    
    0.581372         9.26485    
    0.582400         9.26582    
    0.583428         9.26679    
    0.587284         9.27043    
    0.592316         9.27518    
    0.596172         9.27881    
    0.597200         9.27978    
    0.598228         9.28075    
    0.602084         9.28439    
    0.607116         9.28913    
    0.610972         9.29276    
    0.612000         9.29373    
    0.613028         9.29470    
    0.616884         9.29833    
    0.621916         9.30306    
    0.625772         9.30669    
    0.626800         9.30766    
    0.627828         9.30863    
    0.631684         9.31225    
    0.636716         9.31698    
    0.640572         9.32060    
    0.641600         9.32157    
    0.642628         9.32253    
    0.646484         9.32615    
    0.651516         9.33088    
    0.655372         9.33450    
    0.656400         9.33546    
    0.657428         9.33642    
    0.661284         9.34004    
    0.666316         9.34476    
    0.670172         9.34837    
    0.671200         9.34933    
    0.672228         9.35029    
    0.676084         9.35391    
    0.681116         9.35862    
    0.684972         9.36223    
    0.686000         9.36319    
    0.687028         9.36415    
    0.690884         9.36776    
    0.695916         9.37246    
    0.699772         9.37606    
    0.700800         9.37702    
    0.701828         9.37798    
    0.705684         9.38159    
    0.710716         9.38628    
    0.714572         9.38988    
    0.715600         9.39084    
    0.716628         9.39180    
    0.720484         9.39540    
    0.725516         9.40009    
    0.729372         9.40369    
    0.730400         9.40464    
    0.731428         9.40560    
    0.735284         9.40919    
    0.740316         9.41388    
    0.744172         9.41747    
    0.745200         9.41843    
    0.746228         9.41938    
    0.750084         9.42297    
    0.755116         9.42765    
    0.758972         9.43124    
    0.760000         9.43219    
    0.761028         9.43315    
    0.764884         9.43673    
    0.769916         9.44141    
    0.773772         9.44499    
    0.774800         9.44594    
    0.775828         9.44690    
    0.779684         9.45047    
    0.784716         9.45514    
    0.788572         9.45872    
    0.789600         9.45967    
    0.790628         9.46063    
    0.794484         9.46420    
    0.799516         9.46886    
    0.803372         9.47244    
    0.804400         9.47339    
    0.805428         9.47434    
    0.809284         9.47791    
    0.814316         9.48257    
    0.818172         9.48614    
    0.819200         9.48709    
    0.820228         9.48804    
    0.824084         9.49160    
    0.829116         9.49626    
    0.832972         9.49982    
    0.834000         9.50077    
    0.835028         9.50172    
    0.838884         9.50528    
    0.843916         9.50993    
    0.847772         9.51349    
    0.848800         9.51444    
    0.849828         9.51538    
    0.853684         9.51894    
    0.858716         9.52358    
    0.862572         9.52714    
    0.863600         9.52809    
    0.864628         9.52903    
    0.868484         9.53259    
    0.873516         9.53722    
    0.877372         9.54077    
    0.878400         9.54172    
    0.879428         9.54267    
    0.883284         9.54622    
    0.888316         9.55085    
    0.892172         9.55439    
    0.893200         9.55534    
    0.894228         9.55628    
    0.898084         9.55983    
    0.903116         9.56445    
    0.906972         9.56800    
    0.908000         9.56894    
    0.909028         9.56989    
    0.912884         9.57343    
    0.917916         9.57805    
    0.921772         9.58159    
    0.922800         9.58253    
    0.923828         9.58347    
    0.927684         9.58701    
    0.932716         9.59163    
    0.936572         9.59516    
    0.937600         9.59610    
    0.938628         9.59705    
    0.942484         9.60058    
    0.947516         9.60519    
    0.951372         9.60872    
    0.952400         9.60966    
    0.953428         9.61060    
    0.957284         9.61413    
    0.962316         9.61874    
    0.966172         9.62227    
    0.967200         9.62321    
    0.968228         9.62415    
    0.972084         9.62767    
    0.977116         9.63227    
    0.980972         9.63580    
    0.982000         9.63674    
    0.983028         9.63768    
    0.986884         9.64120    
    0.991916         9.64579    
    0.995772         9.64932    
    0.996800         9.65025    
    0.997828         9.65119    
     1.00168         9.65471    
     1.00672         9.65930    
     1.01057         9.66282    
     1.01160         9.66376    
     1.01263         9.66469    
     1.01648         9.66821    
     1.02152         9.67279    
     1.02537         9.67631    
     1.02640         9.67724    
     1.02743         9.67818    
     1.03128         9.68169    
     1.03632         9.68627    
     1.04017         9.68978    
     1.04120         9.69072    
     1.04223         9.69166    
     1.04608         9.69516    
     1.05112         9.69974    
     1.05497         9.70325    
     1.05600         9.70418    
     1.05703         9.70512    
     1.06088         9.70862    
     1.06592         9.71320    
     1.06977         9.71670    
     1.07080         9.71763    
     1.07183         9.71857    
     1.07568         9.72207    
     1.08072         9.72664    
     1.08457         9.73014    
     1.08560         9.73107    
     1.08663         9.73200    
     1.09048         9.73550    
     1.09552         9.74007    
     1.09937         9.74356    
     1.10040         9.74450    
     1.10143         9.74543    
     1.10528         9.74892    
     1.11032         9.75348    
     1.11417         9.75698    
     1.11520         9.75791    
     1.11623         9.75884    
     1.12008         9.76233    
     1.12512         9.76689    
     1.12897         9.77038    
     1.13000         9.77131    
     1.13103         9.77224    
     1.13488         9.77573    
     1.13992         9.78028    
     1.14377         9.78377    
     1.14480         9.78470    
     1.14583         9.78563    
     1.14968         9.78912    
     1.15472         9.79367    
     1.15857         9.79715    
     1.15960         9.79808    
     1.16063         9.79901    
     1.16448         9.80249    
     1.16952         9.80704    
     1.17337         9.81052    
     1.17440         9.81145    
     1.17543         9.81237    
     1.17928         9.81586    
     1.18432         9.82040    
     1.18817         9.82388    
     1.18920         9.82480    
     1.19023         9.82573    
     1.19408         9.82921    
     1.19912         9.83375    
     1.20297         9.83723    
     1.20400         9.83815    
     1.20503         9.83908    
     1.20888         9.84255    
     1.21392         9.84709    
     1.21777         9.85056    
     1.21880         9.85149    
     1.21983         9.85241    
     1.22368         9.85589    
     1.22872         9.86042    
     1.23257         9.86389    
     1.23360         9.86482    
     1.23463         9.86574    
     1.23848         9.86921    
     1.24352         9.87374    
     1.24737         9.87721    
     1.24840         9.87814    
     1.24943         9.87906    
     1.25328         9.88253    
     1.25832         9.88705    
     1.26217         9.89052    
     1.26320         9.89144    
     1.26423         9.89237    
     1.26808         9.89583    
     1.27312         9.90036    
     1.27697         9.90382    
     1.27800         9.90474    
     1.27903         9.90567    
     1.28288         9.90913    
     1.28792         9.91365    
     1.29177         9.91711    
     1.29280         9.91804    
     1.29383         9.91896    
     1.29768         9.92242    
     1.30272         9.92694    
     1.30657         9.93040    
     1.30760         9.93132    
     1.30863         9.93224    
     1.31248         9.93570    
     1.31752         9.94022    
     1.32137         9.94367    
     1.32240         9.94460    
     1.32343         9.94552    
     1.32728         9.94897    
     1.33232         9.95349    
     1.33617         9.95694    
     1.33720         9.95786    
     1.33823         9.95878    
     1.34208         9.96224    
     1.34712         9.96675    
     1.35097         9.97020    
     1.35200         9.97112    
     1.35303         9.97204    
     1.35688         9.97550    
     1.36192         9.98001    
     1.36577         9.98346    
     1.36680         9.98438    
     1.36783         9.98530    
     1.37168         9.98875    
     1.37672         9.99325    
     1.38057         9.99671    
     1.38160         9.99763    
     1.38263         9.99855    
     1.38648         10.0020    
     1.39152         10.0065    
     1.39537         10.0099    
     1.39640         10.0109    
     1.39743         10.0118    
     1.40128         10.0152    
     1.40632         10.0197    
     1.41017         10.0232    
     1.41120         10.0241    
     1.41223         10.0250    
     1.41608         10.0285    
     1.42112         10.0330    
     1.42497         10.0364    
     1.42600         10.0373    
     1.42703         10.0383    
     1.43088         10.0417    
     1.43592         10.0462    
     1.43977         10.0496    
     1.44080         10.0506    
     1.44183         10.0515    
     1.44568         10.0549    
     1.45072         10.0594    
     1.45457         10.0629    
     1.45560         10.0638    
     1.45663         10.0647    
     1.46048         10.0681    
     1.46552         10.0726    
     1.46937         10.0761    
     1.47040         10.0770    
     1.47143         10.0779    
     1.47528         10.0814    
     1.48032         10.0858    
     1.48417         10.0893    
     1.48520         10.0902    
     1.48623         10.0911    
     1.49008         10.0946    
     1.49512         10.0991    
     1.49897         10.1025    
     1.50000         10.1034    
     1.50092         10.1042    
     1.50439         10.1073    
     1.50891         10.1114    
     1.51238         10.1145    
     1.51330         10.1153    
     1.51422         10.1161    
     1.51769         10.1192    
     1.52221         10.1232    
     1.52568         10.1263    
     1.52660         10.1271    
     1.52752         10.1280    
     1.53099         10.1311    
     1.53551         10.1351    
     1.53898         10.1382    
     1.53990         10.1390    
     1.54082         10.1398    
     1.54429         10.1429    
     1.54881         10.1469    
     1.55228         10.1500    
     1.55320         10.1509    
     1.55412         10.1517    
     1.55759         10.1548    
     1.56211         10.1588    
     1.56558         10.1619    
     1.56650         10.1627    
     1.56742         10.1635    
     1.57089         10.1666    
     1.57541         10.1707    
     1.57888         10.1737    
     1.57980         10.1746    
     1.58072         10.1754    
     1.58419         10.1785    
     1.58871         10.1825    
     1.59218         10.1856    
     1.59310         10.1864    
     1.59402         10.1872    
     1.59749         10.1903    
     1.60201         10.1944    
     1.60548         10.1975    
     1.60640         10.1983    
     1.60732         10.1991    
     1.61079         10.2022    
     1.61531         10.2062    
     1.61878         10.2093    
     1.61970         10.2101    
     1.62062         10.2110    
     1.62409         10.2140    
     1.62861         10.2181    
     1.63208         10.2212    
     1.63300         10.2220    
     1.63392         10.2228    
     1.63739         10.2259    
     1.64191         10.2299    
     1.64538         10.2330    
     1.64630         10.2338    
     1.64722         10.2347    
     1.65069         10.2378    
     1.65521         10.2418    
     1.65868         10.2449    
     1.65960         10.2457    
     1.66052         10.2465    
     1.66399         10.2496    
     1.66851         10.2536    
     1.67198         10.2567    
     1.67290         10.2575    
     1.67382         10.2584    
     1.67729         10.2615    
     1.68181         10.2655    
     1.68528         10.2686    
     1.68620         10.2694    
     1.68712         10.2702    
     1.69059         10.2733    
     1.69511         10.2773    
     1.69858         10.2804    
     1.69950         10.2813    
     1.70042         10.2821    
     1.70389         10.2852    
     1.70841         10.2892    
     1.71188         10.2923    
     1.71280         10.2931    
     1.71372         10.2939    
     1.71719         10.2970    
     1.72171         10.3011    
     1.72518         10.3041    
     1.72610         10.3050    
     1.72702         10.3058    
     1.73049         10.3089    
     1.73501         10.3129    
     1.73848         10.3160    
     1.73940         10.3168    
     1.74032         10.3177    
     1.74379         10.3207    
     1.74831         10.3248    
     1.75178         10.3279    
     1.75270         10.3287    
     1.75362         10.3295    
     1.75709         10.3326    
     1.76161         10.3366    
     1.76508         10.3397    
     1.76600         10.3406    
     1.76692         10.3414    
     1.77039         10.3445    
     1.77491         10.3485    
     1.77838         10.3516    
     1.77930         10.3524    
     1.78022         10.3533    
     1.78369         10.3564    
     1.78821         10.3604    
     1.79168         10.3635    
     1.79260         10.3643    
     1.79352         10.3651    
     1.79699         10.3682    
     1.80151         10.3723    
     1.80498         10.3754    
     1.80590         10.3762    
     1.80682         10.3770    
     1.81029         10.3801    
     1.81481         10.3841    
     1.81828         10.3872    
     1.81920         10.3881    
     1.82012         10.3889    
     1.82359         10.3920    
     1.82811         10.3960    
     1.83158         10.3991    
     1.83250         10.3999    
     1.83342         10.4008    
     1.83689         10.4039    
     1.84141         10.4079    
     1.84488         10.4110    
     1.84580         10.4118    
     1.84672         10.4127    
     1.85019         10.4158    
     1.85471         10.4198    
     1.85818         10.4229    
     1.85910         10.4237    
     1.86002         10.4246    
     1.86349         10.4277    
     1.86801         10.4317    
     1.87148         10.4348    
     1.87240         10.4356    
     1.87332         10.4365    
     1.87679         10.4396    
     1.88131         10.4436    
     1.88478         10.4467    
     1.88570         10.4475    
     1.88662         10.4484    
     1.89009         10.4515    
     1.89461         10.4555    
     1.89808         10.4586    
     1.89900         10.4594    
     1.89992         10.4603    
     1.90339         10.4634    
     1.90791         10.4674    
     1.91138         10.4705    
     1.91230         10.4714    
     1.91322         10.4722    
     1.91669         10.4753    
     1.92121         10.4793    
     1.92468         10.4825    
     1.92560         10.4833    
     1.92652         10.4841    
     1.92999         10.4872    
     1.93451         10.4913    
     1.93798         10.4944    
     1.93890         10.4952    
     1.93982         10.4960    
     1.94329         10.4991    
     1.94781         10.5032    
     1.95128         10.5063    
     1.95220         10.5071    
     1.95312         10.5080    
     1.95659         10.5111    
     1.96111         10.5151    
     1.96458         10.5183    
     1.96550         10.5191    
     1.96642         10.5199    
     1.96989         10.5230    
     1.97441         10.5271    
     1.97788         10.5302    
     1.97880         10.5310    
     1.97972         10.5319    
     1.98319         10.5350    
     1.98771         10.5391    
     1.99118         10.5422    
     1.99210         10.5430    
     1.99302         10.5438    
     1.99649         10.5470    
     2.00101         10.5510    
     2.00448         10.5541    
     2.00540         10.5550    
     2.00632         10.5558    
     2.00979         10.5589    
     2.01431         10.5630    
     2.01778         10.5661    
     2.01870         10.5670    
     2.01962         10.5678    
     2.02309         10.5709    
     2.02761         10.5750    
     2.03108         10.5781    
     2.03200         10.5789    
     2.03292         10.5798    
     2.03639         10.5829    
     2.04091         10.5870    
     2.04438         10.5901    
     2.04530         10.5909    
     2.04622         10.5918    
     2.04969         10.5949    
     2.05421         10.5990    
     2.05768         10.6021    
     2.05860         10.6029    
     2.05952         10.6038    
     2.06299         10.6069    
     2.06751         10.6110    
     2.07098         10.6141    
     2.07190         10.6150    
     2.07282         10.6158    
     2.07629         10.6189    
     2.08081         10.6230    
     2.08428         10.6262    
     2.08520         10.6270    
     2.08612         10.6278    
     2.08959         10.6310    
     2.09411         10.6351    
     2.09758         10.6382    
     2.09850         10.6390    
     2.09942         10.6399    
     2.10289         10.6430    
     2.10741         10.6471    
     2.11088         10.6502    
     2.11180         10.6511    
     2.11272         10.6519    
     2.11619         10.6551    
     2.12071         10.6592    
     2.12418         10.6623    
     2.12510         10.6631    
     2.12602         10.6640    
     2.12949         10.6671    
     2.13401         10.6712    
     2.13748         10.6744    
     2.13840         10.6752    
     2.13932         10.6761    
     2.14279         10.6792    
     2.14731         10.6833    
     2.15078         10.6865    
     2.15170         10.6873    
     2.15262         10.6881    
     2.15609         10.6913    
     2.16061         10.6954    
     2.16408         10.6986    
     2.16500         10.6994    
     2.16592         10.7002    
     2.16939         10.7034    
     2.17391         10.7075    
     2.17738         10.7107    
     2.17830         10.7115    
     2.17922         10.7124    
     2.18269         10.7155    
     2.18721         10.7196    
     2.19068         10.7228    
     2.19160         10.7236    
     2.19252         10.7245    
     2.19599         10.7276    
     2.20051         10.7318    
     2.20398         10.7349    
     2.20490         10.7358    
     2.20582         10.7366    
     2.20929         10.7398    
     2.21381         10.7439    
     2.21728         10.7471    
     2.21820         10.7479    
     2.21912         10.7488    
     2.22259         10.7520    
     2.22711         10.7561    
     2.23058         10.7593    
     2.23150         10.7601    
     2.23242         10.7610    
     2.23589         10.7641    
     2.24041         10.7683    
     2.24388         10.7715    
     2.24480         10.7723    
     2.24572         10.7731    
     2.24919         10.7763    
     2.25371         10.7805    
     2.25718         10.7837    
     2.25810         10.7845    
     2.25902         10.7853    
     2.26249         10.7885    
     2.26701         10.7927    
     2.27048         10.7959    
     2.27140         10.7967    
     2.27232         10.7976    
     2.27579         10.8008    
     2.28031         10.8049    
     2.28378         10.8081    
     2.28470         10.8090    
     2.28562         10.8098    
     2.28909         10.8130    
     2.29361         10.8172    
     2.29708         10.8204    
     2.29800         10.8212    
     2.29892         10.8221    
     2.30239         10.8253    
     2.30691         10.8294    
     2.31038         10.8326    
     2.31130         10.8335    
     2.31222         10.8343    
     2.31569         10.8375    
     2.32021         10.8417    
     2.32368         10.8449    
     2.32460         10.8458    
     2.32552         10.8466    
     2.32899         10.8498    
     2.33351         10.8540    
     2.33698         10.8572    
     2.33790         10.8581    
     2.33882         10.8589    
     2.34229         10.8621    
     2.34681         10.8663    
     2.35028         10.8695    
     2.35120         10.8704    
     2.35212         10.8712    
     2.35559         10.8745    
     2.36011         10.8787    
     2.36358         10.8819    
     2.36450         10.8827    
     2.36542         10.8836    
     2.36889         10.8868    
     2.37341         10.8910    
     2.37688         10.8942    
     2.37780         10.8951    
     2.37872         10.8960    
     2.38219         10.8992    
     2.38671         10.9034    
     2.39018         10.9066    
     2.39110         10.9075    
     2.39202         10.9083    
     2.39549         10.9116    
     2.40001         10.9158    
     2.40348         10.9190    
     2.40440         10.9199    
     2.40532         10.9207    
     2.40879         10.9240    
     2.41331         10.9282    
     2.41678         10.9314    
     2.41770         10.9323    
     2.41862         10.9332    
     2.42209         10.9364    
     2.42661         10.9406    
     2.43008         10.9439    
     2.43100         10.9447    
     2.43192         10.9456    
     2.43539         10.9489    
     2.43991         10.9531    
     2.44338         10.9563    
     2.44430         10.9572    
     2.44522         10.9581    
     2.44869         10.9613    
     2.45321         10.9656    
     2.45668         10.9688    
     2.45760         10.9697    
     2.45852         10.9706    
     2.46199         10.9738    
     2.46651         10.9781    
     2.46998         10.9813    
     2.47090         10.9822    
     2.47182         10.9831    
     2.47529         10.9863    
     2.47981         10.9906    
     2.48328         10.9939    
     2.48420         10.9947    
     2.48512         10.9956    
     2.48859         10.9989    
     2.49311         11.0031    
     2.49658         11.0064    
     2.49750         11.0073    
     2.49842         11.0082    
     2.50189         11.0114    
     2.50641         11.0157    
     2.50988         11.0190    
     2.51080         11.0199    
     2.51172         11.0207    
     2.51519         11.0240    
     2.51971         11.0283    
     2.52318         11.0316    
     2.52410         11.0325    
     2.52502         11.0333    
     2.52849         11.0366    
     2.53301         11.0409    
     2.53648         11.0442    
     2.53740         11.0451    
     2.53832         11.0460    
     2.54179         11.0493    
     2.54631         11.0536    
     2.54978         11.0569    
     2.55070         11.0577    
     2.55162         11.0586    
     2.55509         11.0619    
     2.55961         11.0662    
     2.56308         11.0695    
     2.56400         11.0704    
     2.56492         11.0713    
     2.56839         11.0746    
     2.57291         11.0789    
     2.57638         11.0822    
     2.57730         11.0831    
     2.57822         11.0840    
     2.58169         11.0873    
     2.58621         11.0916    
     2.58968         11.0950    
     2.59060         11.0959    
     2.59152         11.0967    
     2.59499         11.1001    
     2.59951         11.1044    
     2.60298         11.1077    
     2.60390         11.1086    
     2.60482         11.1095    
     2.60829         11.1128    
     2.61281         11.1172    
     2.61628         11.1205    
     2.61720         11.1214    
     2.61812         11.1223    
     2.62159         11.1256    
     2.62611         11.1300    
     2.62958         11.1333    
     2.63050         11.1342    
     2.63142         11.1351    
     2.63489         11.1384    
     2.63941         11.1428    
     2.64288         11.1461    
     2.64380         11.1470    
     2.64472         11.1479    
     2.64819         11.1513    
     2.65271         11.1557    
     2.65618         11.1590    
     2.65710         11.1599    
     2.65802         11.1608    
     2.66149         11.1642    
     2.66601         11.1685    
     2.66948         11.1719    
     2.67040         11.1728    
     2.67132         11.1737    
     2.67479         11.1771    
     2.67931         11.1815    
     2.68278         11.1848    
     2.68370         11.1857    
     2.68462         11.1866    
     2.68809         11.1900    
     2.69261         11.1944    
     2.69608         11.1978    
     2.69700         11.1987    
     2.69792         11.1996    
     2.70139         11.2030    
     2.70591         11.2074    
     2.70938         11.2108    
     2.71030         11.2117    
     2.71122         11.2126    
     2.71469         11.2160    
     2.71921         11.2204    
     2.72268         11.2238    
     2.72360         11.2247    
     2.72452         11.2256    
     2.72799         11.2290    
     2.73251         11.2334    
     2.73598         11.2368    
     2.73690         11.2377    
     2.73782         11.2386    
     2.74129         11.2421    
     2.74581         11.2465    
     2.74928         11.2499    
     2.75020         11.2508    
     2.75112         11.2517    
     2.75459         11.2551    
     2.75911         11.2596    
     2.76258         11.2630    
     2.76350         11.2639    
     2.76442         11.2648    
     2.76789         11.2683    
     2.77241         11.2727    
     2.77588         11.2762    
     2.77680         11.2771    
     2.77772         11.2780    
     2.78119         11.2814    
     2.78571         11.2859    
     2.78918         11.2893    
     2.79010         11.2903    
     2.79102         11.2912    
     2.79449         11.2946    
     2.79901         11.2991    
     2.80248         11.3026    
     2.80340         11.3035    
     2.80432         11.3044    
     2.80779         11.3078    
     2.81231         11.3123    
     2.81578         11.3158    
     2.81670         11.3167    
     2.81762         11.3176    
     2.82109         11.3211    
     2.82561         11.3256    
     2.82908         11.3291    
     2.83000         11.3300    
     2.83000         11.3300    
     2.83030         11.3303    
     2.83140         11.3314    
     2.83285         11.3328    
     2.83395         11.3340    
     2.83425         11.3343    
     2.83455         11.3345    
     2.83565         11.3357    
     2.83710         11.3371    
     2.83820         11.3382    
     2.83850         11.3385    
     2.83880         11.3388    
     2.83990         11.3399    
     2.84135         11.3413    
     2.84245         11.3425    
     2.84275         11.3428    
     2.84305         11.3430    
     2.84415         11.3442    
     2.84560         11.3456    
     2.84670         11.3467    
     2.84700         11.3470    
     2.84730         11.3473    
     2.84840         11.3484    
     2.84985         11.3498    
     2.85095         11.3510    
     2.85125         11.3513    
     2.85155         11.3515    
     2.85265         11.3527    
     2.85410         11.3541    
     2.85520         11.3552    
     2.85550         11.3555    
     2.85580         11.3558    
     2.85690         11.3569    
     2.85835         11.3583    
     2.85945         11.3595    
     2.85975         11.3598    
     2.86005         11.3600    
     2.86115         11.3612    
     2.86260         11.3626    
     2.86370         11.3637    
     2.86400         11.3640    
     2.86430         11.3643    
     2.86540         11.3654    
     2.86685         11.3668    
     2.86795         11.3680    
     2.86825         11.3683    
     2.86855         11.3685    
     2.86965         11.3697    
     2.87110         11.3711    
     2.87220         11.3722    
     2.87250         11.3725    
     2.87280         11.3728    
     2.87390         11.3739    
     2.87535         11.3753    
     2.87645         11.3765    
     2.87675         11.3768    
     2.87705         11.3770    
     2.87815         11.3782    
     2.87960         11.3796    
     2.88070         11.3807    
     2.88100         11.3810    
     2.88130         11.3813    
     2.88240         11.3824    
     2.88385         11.3838    
     2.88495         11.3850    
     2.88525         11.3853    
     2.88555         11.3855    
     2.88665         11.3867    
     2.88810         11.3881    
     2.88920         11.3892    
     2.88950         11.3895    
     2.88980         11.3898    
     2.89090         11.3909    
     2.89235         11.3923    
     2.89345         11.3935    
     2.89375         11.3938    
     2.89405         11.3940    
     2.89515         11.3952    
     2.89660         11.3966    
     2.89770         11.3977    
     2.89800         11.3980    
     2.89830         11.3983    
     2.89940         11.3994    
     2.90085         11.4008    
     2.90195         11.4020    
     2.90225         11.4023    
     2.90255         11.4025    
     2.90365         11.4037    
     2.90510         11.4051    
     2.90620         11.4062    
     2.90650         11.4065    
     2.90680         11.4068    
     2.90790         11.4079    
     2.90935         11.4093    
     2.91045         11.4105    
     2.91075         11.4108    
     2.91105         11.4110    
     2.91215         11.4122    
     2.91360         11.4136    
     2.91470         11.4147    
     2.91500         11.4150    
     2.91530         11.4153    
     2.91640         11.4164    
     2.91785         11.4178    
     2.91895         11.4190    
     2.91925         11.4193    
     2.91955         11.4195    
     2.92065         11.4207    
     2.92210         11.4221    
     2.92320         11.4232    
     2.92350         11.4235    
     2.92380         11.4238    
     2.92490         11.4249    
     2.92635         11.4263    
     2.92745         11.4275    
     2.92775         11.4278    
     2.92805         11.4280    
     2.92915         11.4292    
     2.93060         11.4306    
     2.93170         11.4317    
     2.93200         11.4320    
     2.93230         11.4323    
     2.93340         11.4334    
     2.93485         11.4348    
     2.93595         11.4360    
     2.93625         11.4363    
     2.93655         11.4365    
     2.93765         11.4377    
     2.93910         11.4391    
     2.94020         11.4402    
     2.94050         11.4405    
     2.94080         11.4408    
     2.94190         11.4419    
     2.94335         11.4433    
     2.94445         11.4445    
     2.94475         11.4448    
     2.94505         11.4450    
     2.94615         11.4462    
     2.94760         11.4476    
     2.94870         11.4487    
     2.94900         11.4490    
     2.94930         11.4493    
     2.95040         11.4504    
     2.95185         11.4518    
     2.95295         11.4530    
     2.95325         11.4533    
     2.95355         11.4535    
     2.95465         11.4547    
     2.95610         11.4561    
     2.95720         11.4572    
     2.95750         11.4575    
     2.95780         11.4578    
     2.95890         11.4589    
     2.96035         11.4603    
     2.96145         11.4615    
     2.96175         11.4618    
     2.96205         11.4620    
     2.96315         11.4632    
     2.96460         11.4646    
     2.96570         11.4657    
     2.96600         11.4660    
     2.96630         11.4663    
     2.96740         11.4674    
     2.96885         11.4688    
     2.96995         11.4700    
     2.97025         11.4703    
     2.97055         11.4705    
     2.97165         11.4717    
     2.97310         11.4731    
     2.97420         11.4742    
     2.97450         11.4745    
     2.97480         11.4748    
     2.97590         11.4759    
     2.97735         11.4773    
     2.97845         11.4785    
     2.97875         11.4788    
     2.97905         11.4790    
     2.98015         11.4802    
     2.98160         11.4816    
     2.98270         11.4827    
     2.98300         11.4830    
     2.98330         11.4833    
     2.98440         11.4844    
     2.98585         11.4858    
     2.98695         11.4870    
     2.98725         11.4873    
     2.98755         11.4875    
     2.98865         11.4887    
     2.99010         11.4901    
     2.99120         11.4912    
     2.99150         11.4915    
     2.99180         11.4918    
     2.99290         11.4929    
     2.99435         11.4943    
     2.99545         11.4955    
     2.99575         11.4958    
     2.99605         11.4960    
     2.99715         11.4972    
     2.99860         11.4986    
     2.99970         11.4997    
     3.00000         11.5000    
     3.00000         11.5000    
     3.00035         11.5003    
     3.00165         11.5017    
     3.00335         11.5033    
     3.00465         11.5047    
     3.00500         11.5050    
     3.00535         11.5053    
     3.00665         11.5067    
     3.00835         11.5083    
     3.00965         11.5097    
     3.01000         11.5100    
     3.01035         11.5103    
     3.01165         11.5117    
     3.01335         11.5133    
     3.01465         11.5147    
     3.01500         11.5150    
     3.01535         11.5153    
     3.01665         11.5167    
     3.01835         11.5183    
     3.01965         11.5197    
     3.02000         11.5200    
     3.02035         11.5203    
     3.02165         11.5217    
     3.02335         11.5233    
     3.02465         11.5247    
     3.02500         11.5250    
     3.02535         11.5253    
     3.02665         11.5267    
     3.02835         11.5283    
     3.02965         11.5297    
     3.03000         11.5300    
     3.03035         11.5303    
     3.03165         11.5317    
     3.03335         11.5333    
     3.03465         11.5347    
     3.03500         11.5350    
     3.03535         11.5353    
     3.03665         11.5367    
     3.03835         11.5383    
     3.03965         11.5397    
     3.04000         11.5400    
     3.04035         11.5403    
     3.04165         11.5417    
     3.04335         11.5433    
     3.04465         11.5447    
     3.04500         11.5450    
     3.04535         11.5453    
     3.04665         11.5467    
     3.04835         11.5483    
     3.04965         11.5497    
     3.05000         11.5500    
     3.05035         11.5503    
     3.05165         11.5517    
     3.05335         11.5533    
     3.05465         11.5547    
     3.05500         11.5550    
     3.05535         11.5553    
     3.05665         11.5567    
     3.05835         11.5583    
     3.05965         11.5597    
     3.06000         11.5600    
     3.06035         11.5603    
     3.06165         11.5617    
     3.06335         11.5633    
     3.06465         11.5647    
     3.06500         11.5650    
     3.06535         11.5653    
     3.06665         11.5667    
     3.06835         11.5683    
     3.06965         11.5697    
     3.07000         11.5700    
     3.07035         11.5703    
     3.07165         11.5717    
     3.07335         11.5733    
     3.07465         11.5747    
     3.07500         11.5750    
     3.07535         11.5753    
     3.07665         11.5767    
     3.07835         11.5783    
     3.07965         11.5797    
     3.08000         11.5800    
     3.08035         11.5803    
     3.08165         11.5817    
     3.08335         11.5833    
     3.08465         11.5847    
     3.08500         11.5850    
     3.08535         11.5853    
     3.08665         11.5867    
     3.08835         11.5883    
     3.08965         11.5897    
     3.09000         11.5900    
     3.09035         11.5903    
     3.09165         11.5917    
     3.09335         11.5933    
     3.09465         11.5947    
     3.09500         11.5950    
     3.09535         11.5953    
     3.09665         11.5967    
     3.09835         11.5983    
     3.09965         11.5997    
     3.10000         11.6000    
     3.10035         11.6003    
     3.10165         11.6017    
     3.10335         11.6033    
     3.10465         11.6047    
     3.10500         11.6050    
     3.10535         11.6053    
     3.10665         11.6067    
     3.10835         11.6083    
     3.10965         11.6097    
     3.11000         11.6100    
     3.11035         11.6103    
     3.11165         11.6117    
     3.11335         11.6133    
     3.11465         11.6147    
     3.11500         11.6150    
     3.11535         11.6153    
     3.11665         11.6167    
     3.11835         11.6183    
     3.11965         11.6197    
     3.12000         11.6200    
     3.12035         11.6203    
     3.12165         11.6217    
     3.12335         11.6233    
     3.12465         11.6247    
     3.12500         11.6250    
     3.12535         11.6253    
     3.12665         11.6267    
     3.12835         11.6283    
     3.12965         11.6297    
     3.13000         11.6300    
     3.13035         11.6303    
     3.13165         11.6317    
     3.13335         11.6333    
     3.13465         11.6347    
     3.13500         11.6350    
     3.13535         11.6353    
     3.13665         11.6367    
     3.13835         11.6383    
     3.13965         11.6397    
     3.14000         11.6400    
     3.14035         11.6403    
     3.14165         11.6417    
     3.14335         11.6433    
     3.14465         11.6447    
     3.14500         11.6450    
     3.14535         11.6453    
     3.14665         11.6467    
     3.14835         11.6483    
     3.14965         11.6497    
     3.15000         11.6500    
     3.15035         11.6503    
     3.15165         11.6517    
     3.15335         11.6533    
     3.15465         11.6547    
     3.15500         11.6550    
     3.15535         11.6553    
     3.15665         11.6567    
     3.15835         11.6583    
     3.15965         11.6597    
     3.16000         11.6600    
     3.16035         11.6603    
     3.16165         11.6617    
     3.16335         11.6633    
     3.16465         11.6647    
     3.16500         11.6650    
     3.16535         11.6653    
     3.16665         11.6667    
     3.16835         11.6683    
     3.16965         11.6697    
     3.17000         11.6700    
     3.17035         11.6703    
     3.17165         11.6717    
     3.17335         11.6733    
     3.17465         11.6747    
     3.17500         11.6750    
     3.17535         11.6753    
     3.17665         11.6767    
     3.17835         11.6783    
     3.17965         11.6797    
     3.18000         11.6800    
     3.18035         11.6803    
     3.18165         11.6817    
     3.18335         11.6833    
     3.18465         11.6847    
     3.18500         11.6850    
     3.18535         11.6853    
     3.18665         11.6867    
     3.18835         11.6883    
     3.18965         11.6897    
     3.19000         11.6900    
     3.19035         11.6903    
     3.19165         11.6917    
     3.19335         11.6933    
     3.19465         11.6947    
     3.19500         11.6950    
     3.19535         11.6953    
     3.19665         11.6967    
     3.19835         11.6983    
     3.19965         11.6997    
     3.20000         11.7000    
