 Surface perimeter
  rad  pla 
 1408 1006
 rho(m) perimeter(m) 
     0.00000         0.00000    
    0.490684E-03    0.872509E-02
    0.233222E-02    0.414733E-01
    0.473492E-02    0.842195E-01
    0.657645E-02    0.117008    
    0.706714E-02    0.125750    
    0.743024E-02    0.132221    
    0.879298E-02    0.156518    
    0.105710E-01    0.188256    
    0.119337E-01    0.212614    
    0.122968E-01    0.219109    
    0.126599E-01    0.225607    
    0.140227E-01    0.250016    
    0.158007E-01    0.281920    
    0.171634E-01    0.306421    
    0.175265E-01    0.312957    
    0.178896E-01    0.319497    
    0.192523E-01    0.344070    
    0.210303E-01    0.376208    
    0.223931E-01    0.400904    
    0.227562E-01    0.407494    
    0.231193E-01    0.414089    
    0.244820E-01    0.438877    
    0.262600E-01    0.471315    
    0.276228E-01    0.496255    
    0.279859E-01    0.502912    
    0.283490E-01    0.509575    
    0.297117E-01    0.534626    
    0.314897E-01    0.567425    
    0.328524E-01    0.592656    
    0.332155E-01    0.599393    
    0.335787E-01    0.606136    
    0.349414E-01    0.631495    
    0.367194E-01    0.664713    
    0.380821E-01    0.690278    
    0.384452E-01    0.697105    
    0.388083E-01    0.703939    
    0.401711E-01    0.729648    
    0.419491E-01    0.763338    
    0.433118E-01    0.789276    
    0.436749E-01    0.796204    
    0.440380E-01    0.803140    
    0.454008E-01    0.829236    
    0.471787E-01    0.863445    
    0.485415E-01    0.889789    
    0.489046E-01    0.896828    
    0.492677E-01    0.903874    
    0.506304E-01    0.930390    
    0.524084E-01    0.965158    
    0.537712E-01    0.991940    
    0.541343E-01    0.999097    
    0.544974E-01     1.00626    
    0.558601E-01     1.03323    
    0.576381E-01     1.06859    
    0.590009E-01     1.09583    
    0.593640E-01     1.10311    
    0.597271E-01     1.11040    
    0.610898E-01     1.13784    
    0.628678E-01     1.17382    
    0.642305E-01     1.20155    
    0.645936E-01     1.20895    
    0.649567E-01     1.21637    
    0.663195E-01     1.24430    
    0.680975E-01     1.28092    
    0.694602E-01     1.30914    
    0.698233E-01     1.31669    
    0.701864E-01     1.32424    
    0.715492E-01     1.35266    
    0.733272E-01     1.38994    
    0.746899E-01     1.41867    
    0.750530E-01     1.42634    
    0.754161E-01     1.43403    
    0.767788E-01     1.46296    
    0.785568E-01     1.50090    
    0.799196E-01     1.53014    
    0.802827E-01     1.53795    
    0.806458E-01     1.54577    
    0.820085E-01     1.57520    
    0.837865E-01     1.61381    
    0.851493E-01     1.64355    
    0.855124E-01     1.65149    
    0.858755E-01     1.65945    
    0.872382E-01     1.68939    
    0.890162E-01     1.72864    
    0.903789E-01     1.75888    
    0.907420E-01     1.76696    
    0.911052E-01     1.77504    
    0.924679E-01     1.80548    
    0.942459E-01     1.84537    
    0.956086E-01     1.87609    
    0.959717E-01     1.88430    
    0.963348E-01     1.89251    
    0.976976E-01     1.92342    
    0.994756E-01     1.96393    
    0.100838         1.99512    
    0.101201         2.00345    
    0.101565         2.01179    
    0.102927         2.04316    
    0.104705         2.08426    
    0.106068         2.11590    
    0.106431         2.12435    
    0.106794         2.13280    
    0.108157         2.16461    
    0.109935         2.20627    
    0.111298         2.23833    
    0.111661         2.24689    
    0.112024         2.25545    
    0.113387         2.28767    
    0.115165         2.32986    
    0.116527         2.36231    
    0.116890         2.37097    
    0.117254         2.37964    
    0.118616         2.41224    
    0.120394         2.45491    
    0.121757         2.48772    
    0.122120         2.49648    
    0.122483         2.50524    
    0.123846         2.53819    
    0.125624         2.58130    
    0.126987         2.61444    
    0.127350         2.62329    
    0.127713         2.63214    
    0.129076         2.66540    
    0.130854         2.70891    
    0.132216         2.74235    
    0.132580         2.75127    
    0.132943         2.76019    
    0.134305         2.79373    
    0.136083         2.83760    
    0.137446         2.87129    
    0.137809         2.88028    
    0.138172         2.88927    
    0.139535         2.92306    
    0.141313         2.96723    
    0.142676         3.00115    
    0.143039         3.01020    
    0.143402         3.01925    
    0.144765         3.05324    
    0.146543         3.09767    
    0.147905         3.13177    
    0.148269         3.14087    
    0.148632         3.14997    
    0.149994         3.18414    
    0.151772         3.22878    
    0.153135         3.26303    
    0.153498         3.27217    
    0.153861         3.28130    
    0.155224         3.31561    
    0.157002         3.36042    
    0.158365         3.39479    
    0.158728         3.40396    
    0.159091         3.41312    
    0.160454         3.44753    
    0.162232         3.49247    
    0.163594         3.52693    
    0.163958         3.53611    
    0.164321         3.54530    
    0.165683         3.57978    
    0.167461         3.62480    
    0.168824         3.65931    
    0.169187         3.66851    
    0.169550         3.67771    
    0.170913         3.71223    
    0.172691         3.75729    
    0.174054         3.79183    
    0.174417         3.80103    
    0.174780         3.81023    
    0.176143         3.84478    
    0.177921         3.88984    
    0.179284         3.92438    
    0.179647         3.93358    
    0.180010         3.94278    
    0.181372         3.97731    
    0.183150         4.02235    
    0.184513         4.05686    
    0.184876         4.06605    
    0.185239         4.07524    
    0.186602         4.10974    
    0.188380         4.15472    
    0.189743         4.18918    
    0.190106         4.19836    
    0.190469         4.20754    
    0.191832         4.24198    
    0.193610         4.28688    
    0.194973         4.32128    
    0.195336         4.33044    
    0.195699         4.33960    
    0.197062         4.37396    
    0.198840         4.41876    
    0.200202         4.45307    
    0.200565         4.46220    
    0.200928         4.47134    
    0.202291         4.50561    
    0.204069         4.55029    
    0.205432         4.58450    
    0.205795         4.59361    
    0.206158         4.60272    
    0.207521         4.63689    
    0.209299         4.68143    
    0.210662         4.71553    
    0.211025         4.72461    
    0.211388         4.73369    
    0.212751         4.76774    
    0.214529         4.81213    
    0.215891         4.84611    
    0.216254         4.85516    
    0.216618         4.86420    
    0.217980         4.89814    
    0.219758         4.94236    
    0.221121         4.97621    
    0.221484         4.98523    
    0.221847         4.99424    
    0.223210         5.02804    
    0.224988         5.07210    
    0.226351         5.10582    
    0.226714         5.11480    
    0.227077         5.12378    
    0.228440         5.15745    
    0.230218         5.20133    
    0.231580         5.23492    
    0.231943         5.24387    
    0.232307         5.25281    
    0.233669         5.28635    
    0.235447         5.33005    
    0.236810         5.36351    
    0.237173         5.37242    
    0.237536         5.38132    
    0.238899         5.41472    
    0.240677         5.45825    
    0.242040         5.49157    
    0.242403         5.50045    
    0.242766         5.50932    
    0.244129         5.54259    
    0.245907         5.58594    
    0.247269         5.61913    
    0.247633         5.62797    
    0.247996         5.63681    
    0.249358         5.66995    
    0.251136         5.71313    
    0.252499         5.74619    
    0.252862         5.75500    
    0.253225         5.76380    
    0.254588         5.79681    
    0.256366         5.83983    
    0.257729         5.87277    
    0.258092         5.88154    
    0.258455         5.89031    
    0.259818         5.92320    
    0.261596         5.96606    
    0.262958         5.99888    
    0.263322         6.00762    
    0.263685         6.01636    
    0.265047         6.04913    
    0.266825         6.09184    
    0.268188         6.12454    
    0.268551         6.13325    
    0.268914         6.14196    
    0.270277         6.17462    
    0.272055         6.21719    
    0.273418         6.24979    
    0.273781         6.25847    
    0.274144         6.26715    
    0.275507         6.29971    
    0.277285         6.34214    
    0.278647         6.37464    
    0.279011         6.38329    
    0.279374         6.39195    
    0.280736         6.42440    
    0.282514         6.46672    
    0.283877         6.49912    
    0.284240         6.50775    
    0.284603         6.51638    
    0.285966         6.54875    
    0.287744         6.59094    
    0.289107         6.62326    
    0.289470         6.63187    
    0.289833         6.64047    
    0.291196         6.67275    
    0.292974         6.71484    
    0.294337         6.74708    
    0.294700         6.75567    
    0.295063         6.76425    
    0.296425         6.79646    
    0.298203         6.83845    
    0.299566         6.87062    
    0.299929         6.87918    
    0.300292         6.88775    
    0.301655         6.91989    
    0.303433         6.96179    
    0.304796         6.99389    
    0.305159         7.00244    
    0.305522         7.01099    
    0.306885         7.04306    
    0.308663         7.08488    
    0.310026         7.11692    
    0.310389         7.12546    
    0.310752         7.13399    
    0.312115         7.16601    
    0.313893         7.20776    
    0.315255         7.23975    
    0.315618         7.24827    
    0.315981         7.25679    
    0.317344         7.28876    
    0.319122         7.33045    
    0.320485         7.36238    
    0.320848         7.37089    
    0.321211         7.37940    
    0.322574         7.41132    
    0.324352         7.45296    
    0.325715         7.48486    
    0.326078         7.49335    
    0.326441         7.50185    
    0.327804         7.53373    
    0.329582         7.57532    
    0.330944         7.60718    
    0.331307         7.61567    
    0.331671         7.62416    
    0.333033         7.65601    
    0.334811         7.69755    
    0.336174         7.72938    
    0.336537         7.73786    
    0.336900         7.74634    
    0.338263         7.77816    
    0.340041         7.81967    
    0.341404         7.85148    
    0.341767         7.85995    
    0.342130         7.86842    
    0.343493         7.90022    
    0.345271         7.94170    
    0.346633         7.97348    
    0.346996         7.98195    
    0.347360         7.99041    
    0.348722         8.02219    
    0.350500         8.06364    
    0.351863         8.09541    
    0.352226         8.10387    
    0.352589         8.11233    
    0.353952         8.14409    
    0.355730         8.18552    
    0.357093         8.21728    
    0.357456         8.22574    
    0.357819         8.23420    
    0.359182         8.26594    
    0.360960         8.30736    
    0.362322         8.33910    
    0.362686         8.34755    
    0.363049         8.35601    
    0.364411         8.38775    
    0.366189         8.42915    
    0.367552         8.46088    
    0.367915         8.46934    
    0.368278         8.47779    
    0.369641         8.50952    
    0.371419         8.55091    
    0.372782         8.58264    
    0.373145         8.59109    
    0.373508         8.59955    
    0.374871         8.63127    
    0.376649         8.67266    
    0.378011         8.70438    
    0.378375         8.71284    
    0.378738         8.72129    
    0.380100         8.75301    
    0.381878         8.79440    
    0.383241         8.82612    
    0.383604         8.83457    
    0.383967         8.84302    
    0.385330         8.87474    
    0.387108         8.91613    
    0.388471         8.94785    
    0.388834         8.95630    
    0.389197         8.96476    
    0.390560         8.99648    
    0.392338         9.03787    
    0.393700         9.06959    
    0.394064         9.07805    
    0.394427         9.08650    
    0.395789         9.11822    
    0.397567         9.15962    
    0.398930         9.19135    
    0.399293         9.19980    
    0.399656         9.20825    
    0.401019         9.23998    
    0.402797         9.28138    
    0.404160         9.31312    
    0.404523         9.32157    
    0.404886         9.33003    
    0.406249         9.36176    
    0.408027         9.40317    
    0.409390         9.43491    
    0.409753         9.44337    
    0.410116         9.45182    
    0.411478         9.48357    
    0.413256         9.52498    
    0.414619         9.55673    
    0.414982         9.56519    
    0.415345         9.57365    
    0.416708         9.60540    
    0.418486         9.64682    
    0.419849         9.67858    
    0.420212         9.68704    
    0.420575         9.69550    
    0.421938         9.72726    
    0.423716         9.76870    
    0.425079         9.80046    
    0.425442         9.80892    
    0.425805         9.81739    
    0.427168         9.84915    
    0.428946         9.89060    
    0.430308         9.92238    
    0.430671         9.93084    
    0.431034         9.93931    
    0.432397         9.97109    
    0.434175         10.0125    
    0.435538         10.0443    
    0.435901         10.0528    
    0.436264         10.0613    
    0.437627         10.0931    
    0.439405         10.1345    
    0.440768         10.1663    
    0.441131         10.1748    
    0.441494         10.1833    
    0.442857         10.2151    
    0.444635         10.2566    
    0.445997         10.2884    
    0.446360         10.2968    
    0.446724         10.3053    
    0.448086         10.3371    
    0.449864         10.3786    
    0.451227         10.4104    
    0.451590         10.4189    
    0.451953         10.4274    
    0.453316         10.4592    
    0.455094         10.5007    
    0.456457         10.5326    
    0.456820         10.5411    
    0.457183         10.5495    
    0.458546         10.5814    
    0.460324         10.6229    
    0.461686         10.6547    
    0.462049         10.6632    
    0.462413         10.6717    
    0.463775         10.7036    
    0.465553         10.7451    
    0.466916         10.7770    
    0.467279         10.7855    
    0.467642         10.7939    
    0.469005         10.8258    
    0.470783         10.8674    
    0.472146         10.8992    
    0.472509         10.9077    
    0.472872         10.9162    
    0.474235         10.9481    
    0.476013         10.9897    
    0.477375         11.0216    
    0.477739         11.0301    
    0.478102         11.0386    
    0.479464         11.0704    
    0.481242         11.1120    
    0.482605         11.1439    
    0.482968         11.1524    
    0.483331         11.1609    
    0.484694         11.1928    
    0.486472         11.2345    
    0.487835         11.2664    
    0.488198         11.2749    
    0.488561         11.2834    
    0.489924         11.3153    
    0.491702         11.3569    
    0.493064         11.3888    
    0.493428         11.3973    
    0.493791         11.4059    
    0.495153         11.4378    
    0.496931         11.4794    
    0.498294         11.5114    
    0.498657         11.5199    
    0.499020         11.5284    
    0.500383         11.5603    
    0.502161         11.6020    
    0.503524         11.6340    
    0.503887         11.6425    
    0.504250         11.6510    
    0.505613         11.6829    
    0.507391         11.7246    
    0.508754         11.7566    
    0.509117         11.7651    
    0.509480         11.7736    
    0.510842         11.8056    
    0.512620         11.8473    
    0.513983         11.8793    
    0.514346         11.8878    
    0.514709         11.8963    
    0.516072         11.9283    
    0.517850         11.9701    
    0.519213         12.0020    
    0.519576         12.0106    
    0.519939         12.0191    
    0.521302         12.0511    
    0.523080         12.0929    
    0.524443         12.1249    
    0.524806         12.1334    
    0.525169         12.1419    
    0.526531         12.1739    
    0.528309         12.2157    
    0.529672         12.2477    
    0.530035         12.2563    
    0.530362         12.2639    
    0.531586         12.2927    
    0.533184         12.3303    
    0.534409         12.3591    
    0.534735         12.3667    
    0.535061         12.3744    
    0.536286         12.4032    
    0.537884         12.4408    
    0.539108         12.4696    
    0.539435         12.4773    
    0.539761         12.4849    
    0.540986         12.5137    
    0.542583         12.5513    
    0.543808         12.5801    
    0.544134         12.5878    
    0.544461         12.5955    
    0.545685         12.6243    
    0.547283         12.6619    
    0.548508         12.6908    
    0.548834         12.6984    
    0.549160         12.7061    
    0.550385         12.7349    
    0.551983         12.7726    
    0.553207         12.8014    
    0.553534         12.8091    
    0.553860         12.8168    
    0.555084         12.8456    
    0.556682         12.8833    
    0.557907         12.9121    
    0.558233         12.9198    
    0.558560         12.9275    
    0.559784         12.9564    
    0.561382         12.9940    
    0.562607         13.0229    
    0.562933         13.0306    
    0.563259         13.0383    
    0.564484         13.0671    
    0.566082         13.1048    
    0.567306         13.1337    
    0.567633         13.1414    
    0.567959         13.1491    
    0.569183         13.1780    
    0.570781         13.2157    
    0.572006         13.2446    
    0.572332         13.2523    
    0.572658         13.2600    
    0.573883         13.2889    
    0.575481         13.3266    
    0.576705         13.3555    
    0.577032         13.3632    
    0.577358         13.3709    
    0.578583         13.3998    
    0.580181         13.4375    
    0.581405         13.4664    
    0.581731         13.4741    
    0.582058         13.4818    
    0.583282         13.5108    
    0.584880         13.5485    
    0.586105         13.5774    
    0.586431         13.5852    
    0.586757         13.5929    
    0.587982         13.6218    
    0.589580         13.6596    
    0.590804         13.6885    
    0.591131         13.6962    
    0.591457         13.7039    
    0.592682         13.7329    
    0.594279         13.7707    
    0.595504         13.7996    
    0.595830         13.8074    
    0.596157         13.8151    
    0.597381         13.8440    
    0.598979         13.8818    
    0.600204         13.9108    
    0.600530         13.9185    
    0.600856         13.9263    
    0.602081         13.9552    
    0.603679         13.9931    
    0.604903         14.0220    
    0.605230         14.0298    
    0.605556         14.0375    
    0.606781         14.0665    
    0.608378         14.1043    
    0.609603         14.1333    
    0.609929         14.1411    
    0.610256         14.1488    
    0.611480         14.1778    
    0.613078         14.2157    
    0.614303         14.2447    
    0.614629         14.2524    
    0.614955         14.2601    
    0.616180         14.2892    
    0.617778         14.3270    
    0.619002         14.3561    
    0.619329         14.3638    
    0.619655         14.3715    
    0.620880         14.4006    
    0.622477         14.4385    
    0.623702         14.4675    
    0.624028         14.4753    
    0.624355         14.4830    
    0.625579         14.5121    
    0.627177         14.5500    
    0.628402         14.5790    
    0.628728         14.5868    
    0.629054         14.5945    
    0.630279         14.6236    
    0.631877         14.6615    
    0.633101         14.6906    
    0.633428         14.6983    
    0.633754         14.7061    
    0.634978         14.7352    
    0.636576         14.7731    
    0.637801         14.8022    
    0.638127         14.8100    
    0.638454         14.8177    
    0.639678         14.8468    
    0.641276         14.8848    
    0.642501         14.9139    
    0.642827         14.9216    
    0.643153         14.9294    
    0.644378         14.9585    
    0.645976         14.9965    
    0.647200         15.0256    
    0.647527         15.0334    
    0.647853         15.0411    
    0.649077         15.0703    
    0.650675         15.1083    
    0.651900         15.1374    
    0.652226         15.1452    
    0.652552         15.1529    
    0.653777         15.1821    
    0.655375         15.2201    
    0.656599         15.2493    
    0.656926         15.2570    
    0.657252         15.2648    
    0.658477         15.2940    
    0.660075         15.3320    
    0.661299         15.3612    
    0.661625         15.3690    
    0.661952         15.3767    
    0.663176         15.4059    
    0.664774         15.4440    
    0.665999         15.4732    
    0.666325         15.4809    
    0.666651         15.4887    
    0.667876         15.5179    
    0.669474         15.5560    
    0.670698         15.5852    
    0.671025         15.5930    
    0.671351         15.6007    
    0.672576         15.6300    
    0.674173         15.6681    
    0.675398         15.6973    
    0.675724         15.7051    
    0.676051         15.7129    
    0.677275         15.7421    
    0.678873         15.7802    
    0.680098         15.8094    
    0.680424         15.8172    
    0.680750         15.8250    
    0.681975         15.8542    
    0.683573         15.8924    
    0.684797         15.9216    
    0.685124         15.9294    
    0.685450         15.9372    
    0.686675         15.9665    
    0.688272         16.0047    
    0.689497         16.0339    
    0.689823         16.0417    
    0.690150         16.0495    
    0.691374         16.0788    
    0.692972         16.1170    
    0.694197         16.1463    
    0.694523         16.1541    
    0.694849         16.1619    
    0.696074         16.1912    
    0.697672         16.2294    
    0.698896         16.2587    
    0.699223         16.2665    
    0.699549         16.2743    
    0.700774         16.3036    
    0.702371         16.3418    
    0.703596         16.3711    
    0.703922         16.3789    
    0.704249         16.3868    
    0.705473         16.4161    
    0.707071         16.4543    
    0.708296         16.4837    
    0.708622         16.4915    
    0.708948         16.4993    
    0.710173         16.5286    
    0.711771         16.5669    
    0.712995         16.5963    
    0.713322         16.6041    
    0.713648         16.6119    
    0.714872         16.6413    
    0.716470         16.6796    
    0.717695         16.7089    
    0.718021         16.7167    
    0.718348         16.7246    
    0.719572         16.7539    
    0.721170         16.7923    
    0.722395         16.8216    
    0.722721         16.8295    
    0.723047         16.8373    
    0.724272         16.8667    
    0.725870         16.9050    
    0.727094         16.9344    
    0.727420         16.9423    
    0.727747         16.9501    
    0.728971         16.9795    
    0.730569         17.0179    
    0.731794         17.0473    
    0.732120         17.0551    
    0.732446         17.0630    
    0.733671         17.0924    
    0.735269         17.1308    
    0.736493         17.1602    
    0.736820         17.1680    
    0.737146         17.1759    
    0.738371         17.2053    
    0.739969         17.2437    
    0.741193         17.2732    
    0.741519         17.2810    
    0.741846         17.2889    
    0.743070         17.3183    
    0.744668         17.3568    
    0.745893         17.3863    
    0.746219         17.3941    
    0.746545         17.4020    
    0.747770         17.4314    
    0.749368         17.4699    
    0.750592         17.4994    
    0.750919         17.5072    
    0.751245         17.5151    
    0.752470         17.5446    
    0.754067         17.5831    
    0.755292         17.6126    
    0.755618         17.6204    
    0.755945         17.6283    
    0.757169         17.6578    
    0.758767         17.6963    
    0.759992         17.7258    
    0.760318         17.7337    
    0.760644         17.7416    
    0.761869         17.7711    
    0.763467         17.8096    
    0.764691         17.8392    
    0.765018         17.8470    
    0.765344         17.8549    
    0.766569         17.8844    
    0.768166         17.9230    
    0.769391         17.9526    
    0.769717         17.9604    
    0.770044         17.9683    
    0.771268         17.9979    
    0.772866         18.0364    
    0.774091         18.0660    
    0.774417         18.0739    
    0.774743         18.0818    
    0.775968         18.1114    
    0.777566         18.1500    
    0.778790         18.1796    
    0.779117         18.1874    
    0.779443         18.1953    
    0.780668         18.2249    
    0.782265         18.2636    
    0.783490         18.2932    
    0.783816         18.3011    
    0.784143         18.3090    
    0.785367         18.3386    
    0.786965         18.3772    
    0.788190         18.4069    
    0.788516         18.4147    
    0.788842         18.4226    
    0.790067         18.4523    
    0.791665         18.4910    
    0.792889         18.5206    
    0.793216         18.5285    
    0.793542         18.5364    
    0.794766         18.5661    
    0.796364         18.6048    
    0.797589         18.6344    
    0.797915         18.6423    
    0.798241         18.6502    
    0.799466         18.6799    
    0.801064         18.7186    
    0.802289         18.7483    
    0.802615         18.7562    
    0.802941         18.7642    
    0.804166         18.7938    
    0.805764         18.8326    
    0.806988         18.8623    
    0.807314         18.8702    
    0.807641         18.8781    
    0.808865         18.9078    
    0.810463         18.9466    
    0.811688         18.9763    
    0.812014         18.9843    
    0.812340         18.9922    
    0.813565         19.0219    
    0.815163         19.0607    
    0.816387         19.0905    
    0.816714         19.0984    
    0.817040         19.1063    
    0.818265         19.1361    
    0.819862         19.1749    
    0.821087         19.2047    
    0.821413         19.2126    
    0.821740         19.2205    
    0.822964         19.2503    
    0.824562         19.2891    
    0.825787         19.3189    
    0.826113         19.3269    
    0.826439         19.3348    
    0.827664         19.3646    
    0.829262         19.4035    
    0.830486         19.4333    
    0.830813         19.4412    
    0.831139         19.4492    
    0.832364         19.4790    
    0.833961         19.5179    
    0.835186         19.5477    
    0.835512         19.5556    
    0.835839         19.5636    
    0.837063         19.5934    
    0.838661         19.6323    
    0.839886         19.6622    
    0.840212         19.6701    
    0.840538         19.6781    
    0.841763         19.7079    
    0.843361         19.7469    
    0.844585         19.7768    
    0.844912         19.7847    
    0.845238         19.7927    
    0.846463         19.8225    
    0.848060         19.8615    
    0.849285         19.8914    
    0.849611         19.8994    
    0.849938         19.9073    
    0.851162         19.9372    
    0.852760         19.9762    
    0.853985         20.0061    
    0.854311         20.0141    
    0.854637         20.0221    
    0.855862         20.0520    
    0.857460         20.0910    
    0.858684         20.1209    
    0.859011         20.1289    
    0.859337         20.1369    
    0.860562         20.1668    
    0.862159         20.2059    
    0.863384         20.2358    
    0.863710         20.2438    
    0.864037         20.2518    
    0.865261         20.2817    
    0.866859         20.3208    
    0.868084         20.3508    
    0.868410         20.3588    
    0.868736         20.3668    
    0.869961         20.3967    
    0.871559         20.4359    
    0.872783         20.4658    
    0.873110         20.4738    
    0.873436         20.4818    
    0.874660         20.5118    
    0.876258         20.5510    
    0.877483         20.5810    
    0.877809         20.5890    
    0.878135         20.5970    
    0.879360         20.6270    
    0.880958         20.6661    
    0.882183         20.6962    
    0.882509         20.7042    
    0.882835         20.7122    
    0.884060         20.7422    
    0.885658         20.7814    
    0.886882         20.8115    
    0.887208         20.8195    
    0.887535         20.8275    
    0.888759         20.8575    
    0.890357         20.8967    
    0.891582         20.9268    
    0.891908         20.9348    
    0.892234         20.9428    
    0.893459         20.9729    
    0.895057         21.0122    
    0.896281         21.0423    
    0.896608         21.0503    
    0.896934         21.0583    
    0.898159         21.0884    
    0.899756         21.1277    
    0.900981         21.1578    
    0.901307         21.1658    
    0.901634         21.1738    
    0.902858         21.2040    
    0.904456         21.2433    
    0.905681         21.2734    
    0.906007         21.2814    
    0.906333         21.2895    
    0.907558         21.3196    
    0.909156         21.3589    
    0.910380         21.3891    
    0.910707         21.3971    
    0.911033         21.4052    
    0.912258         21.4353    
    0.913855         21.4747    
    0.915080         21.5049    
    0.915406         21.5129    
    0.915733         21.5210    
    0.916957         21.5512    
    0.918555         21.5905    
    0.919780         21.6207    
    0.920106         21.6288    
    0.920432         21.6368    
    0.921657         21.6670    
    0.923255         21.7065    
    0.924479         21.7367    
    0.924806         21.7447    
    0.925132         21.7528    
    0.926357         21.7830    
    0.927954         21.8225    
    0.929179         21.8527    
    0.929505         21.8608    
    0.929832         21.8688    
    0.931056         21.8991    
    0.932654         21.9386    
    0.933879         21.9688    
    0.934205         21.9769    
    0.934531         21.9850    
    0.935756         22.0153    
    0.937354         22.0548    
    0.938578         22.0850    
    0.938905         22.0931    
    0.939231         22.1012    
    0.940456         22.1315    
    0.942053         22.1710    
    0.943278         22.2013    
    0.943604         22.2094    
    0.943931         22.2175    
    0.945155         22.2478    
    0.946753         22.2874    
    0.947978         22.3177    
    0.948304         22.3258    
    0.948630         22.3339    
    0.949855         22.3642    
    0.951453         22.4038    
    0.952677         22.4342    
    0.953004         22.4423    
    0.953330         22.4504    
    0.954554         22.4807    
    0.956152         22.5204    
    0.957377         22.5507    
    0.957703         22.5588    
    0.958029         22.5669    
    0.959254         22.5973    
    0.960852         22.6370    
    0.962077         22.6674    
    0.962403         22.6755    
    0.962729         22.6836    
    0.963954         22.7140    
    0.965552         22.7537    
    0.966776         22.7841    
    0.967102         22.7922    
    0.967429         22.8003    
    0.968653         22.8308    
    0.970251         22.8705    
    0.971476         22.9009    
    0.971802         22.9090    
    0.972128         22.9172    
    0.973353         22.9476    
    0.974951         22.9874    
    0.976175         23.0178    
    0.976502         23.0260    
    0.976828         23.0341    
    0.978053         23.0646    
    0.979650         23.1043    
    0.980875         23.1348    
    0.981201         23.1430    
    0.981528         23.1511    
    0.982752         23.1816    
    0.984350         23.2214    
    0.985575         23.2519    
    0.985901         23.2601    
    0.986227         23.2682    
    0.987452         23.2987    
    0.989050         23.3386    
    0.990274         23.3691    
    0.990601         23.3772    
    0.990927         23.3854    
    0.992152         23.4159    
    0.993749         23.4558    
    0.994974         23.4864    
    0.995300         23.4945    
    0.995627         23.5027    
    0.996851         23.5332    
    0.998449         23.5731    
    0.999674         23.6037    
     1.00000         23.6119    
     1.00000         23.6119    
     1.00010         23.6145    
     1.00050         23.6243    
     1.00101         23.6370    
     1.00140         23.6468    
     1.00150         23.6494    
     1.00161         23.6520    
     1.00200         23.6618    
     1.00251         23.6746    
     1.00290         23.6843    
     1.00300         23.6869    
     1.00311         23.6896    
     1.00350         23.6993    
     1.00401         23.7121    
     1.00440         23.7219    
     1.00451         23.7245    
     1.00461         23.7271    
     1.00500         23.7369    
     1.00551         23.7497    
     1.00590         23.7594    
     1.00601         23.7620    
     1.00611         23.7647    
     1.00650         23.7744    
     1.00701         23.7872    
     1.00740         23.7970    
     1.00751         23.7996    
     1.00761         23.8022    
     1.00800         23.8120    
     1.00852         23.8248    
     1.00891         23.8346    
     1.00901         23.8372    
     1.00911         23.8398    
     1.00951         23.8496    
     1.01002         23.8624    
     1.01041         23.8722    
     1.01051         23.8748    
     1.01062         23.8774    
     1.01101         23.8872    
     1.01152         23.8999    
     1.01191         23.9097    
     1.01201         23.9124    
     1.01212         23.9150    
     1.01251         23.9248    
     1.01302         23.9375    
     1.01341         23.9473    
     1.01352         23.9500    
     1.01362         23.9526    
     1.01401         23.9624    
     1.01452         23.9752    
     1.01491         23.9850    
     1.01502         23.9876    
     1.01512         23.9902    
     1.01551         24.0000    
     1.01602         24.0128    
     1.01642         24.0226    
     1.01652         24.0252    
     1.01662         24.0278    
     1.01702         24.0376    
     1.01753         24.0504    
     1.01792         24.0602    
     1.01802         24.0628    
     1.01813         24.0654    
     1.01852         24.0752    
     1.01903         24.0880    
     1.01942         24.0978    
     1.01952         24.1005    
     1.01963         24.1031    
     1.02002         24.1129    
     1.02053         24.1257    
     1.02092         24.1355    
     1.02102         24.1381    
     1.02113         24.1407    
     1.02152         24.1505    
     1.02203         24.1633    
     1.02242         24.1731    
     1.02253         24.1758    
     1.02263         24.1784    
     1.02302         24.1882    
     1.02353         24.2010    
     1.02392         24.2108    
     1.02403         24.2134    
     1.02413         24.2160    
     1.02452         24.2259    
     1.02503         24.2387    
     1.02543         24.2485    
     1.02553         24.2511    
     1.02563         24.2537    
     1.02603         24.2635    
     1.02654         24.2764    
     1.02693         24.2862    
     1.02703         24.2888    
     1.02714         24.2914    
     1.02753         24.3012    
     1.02804         24.3141    
     1.02843         24.3239    
     1.02853         24.3265    
     1.02864         24.3291    
     1.02903         24.3389    
     1.02954         24.3518    
     1.02993         24.3616    
     1.03004         24.3642    
     1.03014         24.3668    
     1.03053         24.3766    
     1.03104         24.3895    
     1.03143         24.3993    
     1.03154         24.4019    
     1.03164         24.4045    
     1.03203         24.4144    
     1.03254         24.4272    
     1.03293         24.4370    
     1.03304         24.4396    
     1.03314         24.4423    
     1.03353         24.4521    
     1.03405         24.4649    
     1.03444         24.4748    
     1.03454         24.4774    
     1.03464         24.4800    
     1.03504         24.4898    
     1.03555         24.5027    
     1.03594         24.5125    
     1.03604         24.5151    
     1.03615         24.5177    
     1.03654         24.5276    
     1.03705         24.5404    
     1.03744         24.5503    
     1.03754         24.5529    
     1.03765         24.5555    
     1.03804         24.5653    
     1.03855         24.5782    
     1.03894         24.5880    
     1.03905         24.5906    
     1.03915         24.5933    
     1.03954         24.6031    
     1.04005         24.6160    
     1.04044         24.6258    
     1.04055         24.6284    
     1.04065         24.6310    
     1.04104         24.6409    
     1.04155         24.6537    
     1.04195         24.6636    
     1.04205         24.6662    
     1.04215         24.6688    
     1.04255         24.6787    
     1.04306         24.6915    
     1.04345         24.7014    
     1.04355         24.7040    
     1.04366         24.7066    
     1.04405         24.7165    
     1.04456         24.7293    
     1.04495         24.7392    
     1.04505         24.7418    
     1.04516         24.7444    
     1.04555         24.7543    
     1.04606         24.7671    
     1.04645         24.7770    
     1.04655         24.7796    
     1.04666         24.7823    
     1.04705         24.7921    
     1.04756         24.8050    
     1.04795         24.8148    
     1.04806         24.8175    
     1.04816         24.8201    
     1.04855         24.8299    
     1.04906         24.8428    
     1.04945         24.8527    
     1.04956         24.8553    
     1.04966         24.8579    
     1.05005         24.8678    
     1.05056         24.8806    
     1.05096         24.8905    
     1.05106         24.8931    
     1.05116         24.8958    
     1.05156         24.9056    
     1.05207         24.9185    
     1.05246         24.9284    
     1.05256         24.9310    
     1.05267         24.9336    
     1.05306         24.9435    
     1.05357         24.9564    
     1.05396         24.9662    
     1.05406         24.9689    
     1.05417         24.9715    
     1.05456         24.9813    
     1.05507         24.9942    
     1.05546         25.0041    
     1.05557         25.0067    
     1.05567         25.0094    
     1.05606         25.0192    
     1.05657         25.0321    
     1.05696         25.0420    
     1.05707         25.0446    
     1.05717         25.0472    
     1.05756         25.0571    
     1.05807         25.0700    
     1.05846         25.0799    
     1.05857         25.0825    
     1.05867         25.0851    
     1.05906         25.0950    
     1.05958         25.1079    
     1.05997         25.1178    
     1.06007         25.1204    
     1.06007         25.1204    
     1.06019         25.1235    
     1.06065         25.1351    
     1.06125         25.1503    
     1.06171         25.1619    
     1.06184         25.1650    
     1.06196         25.1681    
     1.06242         25.1797    
     1.06302         25.1949    
     1.06348         25.2065    
     1.06360         25.2096    
     1.06373         25.2127    
     1.06419         25.2244    
     1.06479         25.2395    
     1.06525         25.2512    
     1.06537         25.2543    
     1.06549         25.2574    
     1.06595         25.2690    
     1.06655         25.2842    
     1.06702         25.2958    
     1.06714         25.2989    
     1.06726         25.3020    
     1.06772         25.3137    
     1.06832         25.3288    
     1.06878         25.3405    
     1.06890         25.3436    
     1.06903         25.3467    
     1.06949         25.3583    
     1.07009         25.3735    
     1.07055         25.3852    
     1.07067         25.3883    
     1.07079         25.3914    
     1.07125         25.4030    
     1.07186         25.4182    
     1.07232         25.4298    
     1.07244         25.4329    
     1.07256         25.4361    
     1.07302         25.4477    
     1.07362         25.4629    
     1.07408         25.4745    
     1.07420         25.4777    
     1.07433         25.4808    
     1.07479         25.4924    
     1.07539         25.5076    
     1.07585         25.5193    
     1.07597         25.5224    
     1.07609         25.5255    
     1.07655         25.5371    
     1.07716         25.5523    
     1.07762         25.5640    
     1.07774         25.5671    
     1.07786         25.5702    
     1.07832         25.5819    
     1.07892         25.5971    
     1.07938         25.6087    
     1.07951         25.6119    
     1.07963         25.6150    
     1.08009         25.6266    
     1.08069         25.6418    
     1.08115         25.6535    
     1.08127         25.6566    
     1.08139         25.6597    
     1.08186         25.6714    
     1.08246         25.6866    
     1.08292         25.6983    
     1.08304         25.7014    
     1.08316         25.7045    
     1.08362         25.7162    
     1.08422         25.7314    
     1.08468         25.7431    
     1.08481         25.7462    
     1.08493         25.7493    
     1.08539         25.7610    
     1.08599         25.7762    
     1.08645         25.7879    
     1.08657         25.7910    
     1.08670         25.7941    
     1.08716         25.8058    
     1.08776         25.8210    
     1.08822         25.8327    
     1.08834         25.8358    
     1.08846         25.8389    
     1.08892         25.8506    
     1.08952         25.8658    
     1.08998         25.8775    
     1.09011         25.8806    
     1.09023         25.8837    
     1.09069         25.8954    
     1.09129         25.9107    
     1.09175         25.9224    
     1.09187         25.9255    
     1.09200         25.9286    
     1.09246         25.9403    
     1.09306         25.9555    
     1.09352         25.9672    
     1.09364         25.9703    
     1.09376         25.9735    
     1.09422         25.9851    
     1.09482         26.0004    
     1.09528         26.0121    
     1.09541         26.0152    
     1.09553         26.0183    
     1.09599         26.0300    
     1.09659         26.0453    
     1.09705         26.0570    
     1.09717         26.0601    
     1.09730         26.0632    
     1.09776         26.0749    
     1.09836         26.0902    
     1.09882         26.1019    
     1.09894         26.1050    
     1.09906         26.1081    
     1.09952         26.1198    
     1.10012         26.1351    
     1.10058         26.1468    
     1.10071         26.1499    
     1.10083         26.1530    
     1.10129         26.1648    
     1.10189         26.1800    
     1.10235         26.1917    
     1.10247         26.1949    
     1.10260         26.1980    
     1.10306         26.2097    
     1.10366         26.2250    
     1.10412         26.2367    
     1.10424         26.2398    
     1.10436         26.2429    
     1.10482         26.2546    
     1.10542         26.2699    
     1.10588         26.2817    
     1.10601         26.2848    
     1.10613         26.2879    
     1.10659         26.2996    
     1.10719         26.3149    
     1.10765         26.3266    
     1.10777         26.3297    
     1.10790         26.3329    
     1.10836         26.3446    
     1.10896         26.3599    
     1.10942         26.3716    
     1.10954         26.3747    
     1.10966         26.3779    
     1.11012         26.3896    
     1.11072         26.4049    
     1.11118         26.4166    
     1.11131         26.4197    
     1.11143         26.4229    
     1.11189         26.4346    
     1.11249         26.4499    
     1.11295         26.4616    
     1.11307         26.4648    
     1.11320         26.4679    
     1.11366         26.4796    
     1.11426         26.4949    
     1.11472         26.5067    
     1.11484         26.5098    
     1.11496         26.5129    
     1.11542         26.5247    
     1.11602         26.5400    
     1.11649         26.5517    
     1.11661         26.5549    
     1.11673         26.5580    
     1.11719         26.5697    
     1.11779         26.5850    
     1.11825         26.5968    
     1.11837         26.5999    
     1.11850         26.6030    
     1.11896         26.6148    
     1.11956         26.6301    
     1.12002         26.6419    
     1.12014         26.6450    
     1.12026         26.6481    
     1.12072         26.6599    
     1.12133         26.6752    
     1.12179         26.6870    
     1.12191         26.6901    
     1.12203         26.6932    
     1.12249         26.7050    
     1.12309         26.7203    
     1.12355         26.7321    
     1.12367         26.7352    
     1.12380         26.7383    
     1.12426         26.7501    
     1.12486         26.7654    
     1.12532         26.7772    
     1.12544         26.7803    
     1.12556         26.7835    
     1.12602         26.7952    
     1.12663         26.8106    
     1.12709         26.8223    
     1.12721         26.8255    
     1.12733         26.8286    
     1.12779         26.8404    
     1.12839         26.8557    
     1.12885         26.8675    
     1.12898         26.8706    
     1.12910         26.8737    
     1.12956         26.8855    
     1.13016         26.9009    
     1.13062         26.9126    
     1.13074         26.9158    
