 Inward Poynting flux
     8.70000         0.00000         0.00000    
     8.70139       -0.103064E-05    0.160427E-05
     8.70660       -0.175434E-04    0.302458E-04
     8.71339       -0.415226E-04    0.816292E-04
     8.71859       -0.356205E-04    0.557582E-04
     8.71998       -0.277440E-04    0.286271E-04
     8.72101       -0.307933E-04    0.297799E-04
     8.72485       -0.410408E-04    0.274639E-04
     8.72987       -0.495647E-04    0.266170E-05
     8.73372       -0.507711E-04   -0.374473E-04
     8.73474       -0.501779E-04   -0.514022E-04
     8.73576       -0.517833E-04   -0.595390E-04
     8.73961       -0.576094E-04   -0.906172E-04
     8.74462       -0.647177E-04   -0.128593E-03
     8.74845       -0.698794E-04   -0.151017E-03
     8.74948       -0.712384E-04   -0.155354E-03
     8.75050       -0.729965E-04   -0.157732E-03
     8.75434       -0.799605E-04   -0.155306E-03
     8.75934       -0.900758E-04   -0.119463E-03
     8.76317       -0.988625E-04   -0.611602E-04
     8.76419       -0.101395E-03   -0.404162E-04
     8.76521       -0.104046E-03   -0.172503E-04
     8.76904       -0.114656E-03    0.931093E-04
     8.77404       -0.130296E-03    0.296494E-03
     8.77787       -0.144009E-03    0.501238E-03
     8.77889       -0.147972E-03    0.563311E-03
     8.77991       -0.152047E-03    0.628404E-03
     8.78373       -0.168181E-03    0.902771E-03
     8.78872       -0.191593E-03    0.133089E-02
     8.79254       -0.211914E-03    0.171072E-02
     8.79356       -0.217768E-03    0.181921E-02
     8.79458       -0.223774E-03    0.193019E-02
     8.79840       -0.247221E-03    0.237331E-02
     8.80338       -0.280586E-03    0.300611E-02
     8.80719       -0.309219E-03    0.352354E-02
     8.80821       -0.317444E-03    0.366503E-02
     8.80923       -0.325836E-03    0.380694E-02
     8.81304       -0.358131E-03    0.435045E-02
     8.81801       -0.403132E-03    0.506932E-02
     8.82182       -0.441226E-03    0.561082E-02
     8.82284       -0.452120E-03    0.575177E-02
     8.82385       -0.463103E-03    0.588975E-02
     8.82766       -0.504786E-03    0.639317E-02
     8.83263       -0.561557E-03    0.699444E-02
     8.83643       -0.608720E-03    0.739141E-02
     8.83744       -0.622094E-03    0.748547E-02
     8.83846       -0.635324E-03    0.757290E-02
     8.84226       -0.684915E-03    0.786063E-02
     8.84722       -0.750850E-03    0.812003E-02
     8.85102       -0.804233E-03    0.821070E-02
     8.85203       -0.819155E-03    0.821705E-02
     8.85304       -0.833543E-03    0.821457E-02
     8.85684       -0.886975E-03    0.815287E-02
     8.86179       -0.956289E-03    0.793637E-02
     8.86558       -0.101053E-02    0.765604E-02
     8.86659       -0.102536E-02    0.756373E-02
     8.86760       -0.103922E-02    0.746364E-02
     8.87139       -0.109041E-02    0.704999E-02
     8.87634       -0.115514E-02    0.642039E-02
     8.88013       -0.120356E-02    0.586992E-02
     8.88113       -0.121639E-02    0.571362E-02
     8.88214       -0.122794E-02    0.555411E-02
     8.88593       -0.127047E-02    0.495751E-02
     8.89087       -0.132262E-02    0.419107E-02
     8.89465       -0.135927E-02    0.361806E-02
     8.89565       -0.136854E-02    0.346805E-02
     8.89666       -0.137648E-02    0.332079E-02
     8.90044       -0.140554E-02    0.281660E-02
     8.90537       -0.143934E-02    0.227480E-02
     8.90915       -0.146072E-02    0.194461E-02
     8.91015       -0.146572E-02    0.186829E-02
     8.91116       -0.146956E-02    0.179844E-02
     8.91493       -0.148315E-02    0.160868E-02
     8.91986       -0.149650E-02    0.151575E-02
     8.92363       -0.150238E-02    0.153958E-02
     8.92463       -0.150336E-02    0.155666E-02
     8.92563       -0.150340E-02    0.157906E-02
     8.92940       -0.150246E-02    0.171983E-02
     8.93432       -0.149723E-02    0.200224E-02
     8.93808       -0.149030E-02    0.225349E-02
     8.93909       -0.148821E-02    0.232053E-02
     8.94009       -0.148520E-02    0.238771E-02
     8.94385       -0.147294E-02    0.265314E-02
     8.94876       -0.145429E-02    0.299016E-02
     8.95252       -0.143899E-02    0.319847E-02
     8.95352       -0.143503E-02    0.324180E-02
     8.95452       -0.142995E-02    0.328033E-02
     8.95828       -0.141083E-02    0.340246E-02
     8.96318       -0.138553E-02    0.348049E-02
     8.96693       -0.136659E-02    0.344989E-02
     8.96793       -0.136179E-02    0.342557E-02
     8.96893       -0.135566E-02    0.339601E-02
     8.97268       -0.133411E-02    0.326468E-02
     8.97758       -0.130803E-02    0.303586E-02
     8.98133       -0.128878E-02    0.280610E-02
     8.98232       -0.128375E-02    0.273587E-02
     8.98332       -0.127738E-02    0.266477E-02
     8.98707       -0.125620E-02    0.241401E-02
     8.99195       -0.123166E-02    0.212273E-02
     8.99570       -0.121277E-02    0.191980E-02
     8.99669       -0.120756E-02    0.186761E-02
     8.99769       -0.120129E-02    0.181947E-02
     9.00143       -0.118044E-02    0.168996E-02
     9.00631       -0.115533E-02    0.162753E-02
     9.01005       -0.113492E-02    0.163882E-02
     9.01104       -0.112917E-02    0.164734E-02
     9.01204       -0.112268E-02    0.166060E-02
     9.01577       -0.109968E-02    0.176097E-02
     9.02065       -0.106959E-02    0.197756E-02
     9.02438       -0.104505E-02    0.216760E-02
     9.02537       -0.103835E-02    0.221657E-02
     9.02637       -0.103095E-02    0.226617E-02
     9.03010       -0.100321E-02    0.246940E-02
     9.03496       -0.965736E-03    0.273346E-02
     9.03869       -0.936373E-03    0.288965E-02
     9.03968       -0.928678E-03    0.291930E-02
     9.04067       -0.920053E-03    0.294522E-02
     9.04440       -0.887726E-03    0.303019E-02
     9.04925       -0.845404E-03    0.308235E-02
     9.05297       -0.813677E-03    0.304630E-02
     9.05397       -0.805534E-03    0.302225E-02
     9.05496       -0.796223E-03    0.299462E-02
     9.05868       -0.762726E-03    0.288555E-02
     9.06353       -0.721420E-03    0.271806E-02
     9.06724       -0.691207E-03    0.255492E-02
     9.06823       -0.683394E-03    0.250465E-02
     9.06922       -0.674485E-03    0.245519E-02
     9.07293       -0.643889E-03    0.229942E-02
     9.07778       -0.607947E-03    0.215691E-02
     9.08149       -0.581505E-03    0.207749E-02
     9.08248       -0.574499E-03    0.205847E-02
     9.08346       -0.566759E-03    0.204392E-02
     9.08717       -0.540480E-03    0.204380E-02
     9.09201       -0.509281E-03    0.214737E-02
     9.09571       -0.485654E-03    0.227250E-02
     9.09670       -0.479328E-03    0.230822E-02
     9.09769       -0.472561E-03    0.234734E-02
     9.10139       -0.448492E-03    0.253683E-02
     9.10622       -0.417915E-03    0.284365E-02
     9.10992       -0.394542E-03    0.307656E-02
     9.11090       -0.388455E-03    0.313258E-02
     9.11189       -0.381883E-03    0.318760E-02
     9.11559       -0.357281E-03    0.340432E-02
     9.12041       -0.324892E-03    0.366979E-02
     9.12410       -0.300905E-03    0.381507E-02
     9.12509       -0.294918E-03    0.384025E-02
     9.12607       -0.288154E-03    0.386168E-02
     9.12976       -0.262977E-03    0.393657E-02
     9.13458       -0.230891E-03    0.399309E-02
     9.13827       -0.208158E-03    0.397395E-02
     9.13925       -0.202624E-03    0.395637E-02
     9.14023       -0.196116E-03    0.393659E-02
     9.14392       -0.173085E-03    0.387258E-02
     9.14873       -0.145693E-03    0.379446E-02
     9.15241       -0.126929E-03    0.371455E-02
     9.15339       -0.122374E-03    0.368746E-02
     9.15437       -0.116921E-03    0.366155E-02
     9.15805       -0.986179E-04    0.359910E-02
     9.16286       -0.778773E-04    0.357476E-02
     9.16653       -0.635803E-04    0.356656E-02
     9.16751       -0.600495E-04    0.356174E-02
     9.16849       -0.557500E-04    0.355885E-02
     9.17217       -0.412470E-04    0.358510E-02
     9.17696       -0.238239E-04    0.366754E-02
     9.18064       -0.107981E-04    0.372017E-02
     9.18162       -0.745669E-05    0.372694E-02
     9.18259       -0.325364E-05    0.373290E-02
     9.18627        0.120009E-04    0.377066E-02
     9.19105        0.326197E-04    0.381202E-02
     9.19472        0.493637E-04    0.378818E-02
     9.19570        0.538396E-04    0.376809E-02
     9.19668        0.594582E-04    0.374460E-02
     9.20034        0.805259E-04    0.365595E-02
     9.20512        0.109758E-03    0.350585E-02
     9.20879        0.134005E-03    0.332780E-02
     9.20976        0.140656E-03    0.326719E-02
     9.21074        0.148599E-03    0.320449E-02
     9.21440        0.177859E-03    0.298405E-02
     9.21917        0.217062E-03    0.271231E-02
     9.22283        0.249061E-03    0.249167E-02
     9.22381        0.257876E-03    0.242829E-02
     9.22478        0.267755E-03    0.236734E-02
     9.22844        0.303430E-03    0.218922E-02
     9.23320        0.349543E-03    0.205583E-02
     9.23686        0.386088E-03    0.199951E-02
     9.23783        0.396022E-03    0.198741E-02
     9.23880        0.406635E-03    0.198062E-02
     9.24245        0.444863E-03    0.202310E-02
     9.24721        0.493584E-03    0.219946E-02
     9.25086        0.531146E-03    0.237662E-02
     9.25183        0.541139E-03    0.242368E-02
     9.25280        0.551662E-03    0.247356E-02
     9.25645        0.590006E-03    0.270409E-02
     9.26121        0.639169E-03    0.304978E-02
     9.26485        0.676647E-03    0.328392E-02
     9.26582        0.686505E-03    0.333422E-02
     9.26679        0.697083E-03    0.338164E-02
     9.27043        0.736020E-03    0.355881E-02
     9.27518        0.786527E-03    0.373471E-02
     9.27881        0.825540E-03    0.377066E-02
     9.27978        0.835936E-03    0.375966E-02
     9.28075        0.847288E-03    0.374294E-02
     9.28439        0.888826E-03    0.366387E-02
     9.28913        0.942566E-03    0.349131E-02
     9.29276        0.984793E-03    0.327260E-02
     9.29373        0.996280E-03    0.319824E-02
     9.29470        0.100862E-02    0.312151E-02
     9.29833        0.105310E-02    0.284950E-02
     9.30306        0.110981E-02    0.251691E-02
     9.30669        0.115451E-02    0.225661E-02
     9.30766        0.116677E-02    0.218378E-02
     9.30863        0.117947E-02    0.211449E-02
     9.31225        0.122511E-02    0.191553E-02
     9.31698        0.128304E-02    0.177421E-02
     9.32060        0.132849E-02    0.171878E-02
     9.32157        0.134091E-02    0.170691E-02
     9.32253        0.135346E-02    0.170037E-02
     9.32615        0.139919E-02    0.174456E-02
     9.33088        0.145821E-02    0.191380E-02
     9.33450        0.150458E-02    0.206737E-02
     9.33546        0.151719E-02    0.210437E-02
     9.33642        0.152995E-02    0.214263E-02
     9.34004        0.157744E-02    0.231939E-02
     9.34476        0.164016E-02    0.256753E-02
     9.34837        0.168997E-02    0.270451E-02
     9.34933        0.170358E-02    0.272581E-02
     9.35029        0.171750E-02    0.274356E-02
     9.35391        0.176962E-02    0.280937E-02
     9.35862        0.183872E-02    0.284725E-02
     9.36223        0.189393E-02    0.279078E-02
     9.36319        0.190913E-02    0.275812E-02
     9.36415        0.192458E-02    0.272203E-02
     9.36776        0.198177E-02    0.259310E-02
     9.37246        0.205642E-02    0.241398E-02
     9.37606        0.211569E-02    0.223692E-02
     9.37702        0.213203E-02    0.218051E-02
     9.37798        0.214823E-02    0.212510E-02
     9.38159        0.220762E-02    0.196063E-02
     9.38628        0.228397E-02    0.182328E-02
     9.38988        0.234387E-02    0.174208E-02
     9.39084        0.236030E-02    0.171970E-02
     9.39180        0.237615E-02    0.170157E-02
     9.39540        0.243445E-02    0.169954E-02
     9.40009        0.250932E-02    0.180997E-02
     9.40369        0.256758E-02    0.192761E-02
     9.40464        0.258346E-02    0.195733E-02
     9.40560        0.259862E-02    0.198997E-02
     9.40919        0.265499E-02    0.216440E-02
     9.41388        0.272819E-02    0.245688E-02
     9.41747        0.278535E-02    0.266508E-02
     9.41843        0.280095E-02    0.271071E-02
     9.41938        0.281592E-02    0.275539E-02
     9.42297        0.287199E-02    0.294407E-02
     9.42765        0.294550E-02    0.318343E-02
     9.43124        0.300365E-02    0.330038E-02
     9.43219        0.301971E-02    0.331511E-02
     9.43315        0.303513E-02    0.332649E-02
     9.43673        0.309280E-02    0.337428E-02
     9.44141        0.316858E-02    0.340402E-02
     9.44499        0.322932E-02    0.335274E-02
     9.44594        0.324630E-02    0.332295E-02
     9.44690        0.326238E-02    0.329058E-02
     9.45047        0.332241E-02    0.318379E-02
     9.45514        0.340133E-02    0.304374E-02
     9.45872        0.346492E-02    0.289420E-02
     9.45967        0.348276E-02    0.284357E-02
     9.46063        0.349930E-02    0.279297E-02
     9.46420        0.356130E-02    0.264066E-02
     9.46886        0.364300E-02    0.249564E-02
     9.47244        0.370845E-02    0.238254E-02
     9.47339        0.372671E-02    0.234719E-02
     9.47434        0.374335E-02    0.231412E-02
     9.47791        0.380618E-02    0.224627E-02
     9.48257        0.388901E-02    0.224870E-02
     9.48614        0.395470E-02    0.226939E-02
     9.48709        0.397290E-02    0.227177E-02
     9.48804        0.398934E-02    0.227711E-02
     9.49160        0.405165E-02    0.235590E-02
     9.49626        0.413372E-02    0.254533E-02
     9.49982        0.419864E-02    0.269588E-02
     9.50077        0.421664E-02    0.272978E-02
     9.50172        0.423285E-02    0.276483E-02
     9.50528        0.429437E-02    0.293872E-02
     9.50993        0.437576E-02    0.320569E-02
     9.51349        0.444099E-02    0.337379E-02
     9.51444        0.445931E-02    0.340568E-02
     9.51538        0.447574E-02    0.343556E-02
     9.51894        0.453836E-02    0.356501E-02
     9.52358        0.462220E-02    0.371649E-02
     9.52714        0.469077E-02    0.375595E-02
     9.52809        0.471030E-02    0.374838E-02
     9.52903        0.472773E-02    0.373689E-02
     9.53259        0.479445E-02    0.370045E-02
     9.53722        0.488455E-02    0.362270E-02
     9.54077        0.495889E-02    0.348983E-02
     9.54172        0.498015E-02    0.343842E-02
     9.54267        0.499896E-02    0.338484E-02
     9.54622        0.507101E-02    0.320974E-02
     9.55085        0.516795E-02    0.300817E-02
     9.55439        0.524718E-02    0.283333E-02
     9.55534        0.526969E-02    0.277931E-02
     9.55628        0.528933E-02    0.272739E-02
     9.55983        0.536441E-02    0.259289E-02
     9.56445        0.546458E-02    0.252120E-02
     9.56800        0.554543E-02    0.249725E-02
     9.56894        0.556826E-02    0.248977E-02
     9.56989        0.558788E-02    0.248648E-02
     9.57343        0.566315E-02    0.254571E-02
     9.57805        0.576376E-02    0.273516E-02
     9.58159        0.584516E-02    0.289748E-02
     9.58253        0.586821E-02    0.293511E-02
     9.58347        0.588795E-02    0.297406E-02
     9.58701        0.596454E-02    0.316564E-02
     9.59163        0.606888E-02    0.344991E-02
     9.59516        0.615498E-02    0.361432E-02
     9.59610        0.617965E-02    0.364147E-02
     9.59705        0.620107E-02    0.366471E-02
     9.60058        0.628486E-02    0.375976E-02
     9.60519        0.640066E-02    0.383820E-02
     9.60872        0.649760E-02    0.379658E-02
     9.60966        0.652555E-02    0.376365E-02
     9.61060        0.655009E-02    0.372557E-02
     9.61413        0.664552E-02    0.358882E-02
     9.61874        0.677626E-02    0.338297E-02
     9.62227        0.688479E-02    0.315841E-02
     9.62321        0.691594E-02    0.308413E-02
     9.62415        0.694315E-02    0.300907E-02
     9.62767        0.704763E-02    0.277302E-02
     9.63227        0.718799E-02    0.253784E-02
     9.63580        0.730260E-02    0.236951E-02
     9.63674        0.733526E-02    0.232143E-02
     9.63768        0.736345E-02    0.227740E-02
     9.64120        0.747125E-02    0.219251E-02
     9.64579        0.761519E-02    0.221841E-02
     9.64932        0.773242E-02    0.227827E-02
     9.65025        0.776584E-02    0.229250E-02
     9.65119        0.779431E-02    0.231008E-02
     9.65471        0.790460E-02    0.244695E-02
     9.65930        0.805506E-02    0.271891E-02
     9.66282        0.818006E-02    0.291625E-02
     9.66376        0.821604E-02    0.295796E-02
     9.66469        0.824662E-02    0.299789E-02
     9.66821        0.836676E-02    0.318266E-02
     9.67279        0.853379E-02    0.343269E-02
     9.67631        0.867398E-02    0.355365E-02
     9.67724        0.871439E-02    0.356735E-02
     9.67818        0.874953E-02    0.357697E-02
     9.68169        0.888729E-02    0.363331E-02
     9.68627        0.907748E-02    0.369713E-02
     9.68978        0.923510E-02    0.367721E-02
     9.69072        0.928013E-02    0.365545E-02
     9.69166        0.931962E-02    0.363263E-02
     9.69516        0.947261E-02    0.358764E-02
     9.69974        0.967989E-02    0.357426E-02
     9.70325        0.984915E-02    0.354018E-02
     9.70418        0.989723E-02    0.352118E-02
     9.70512        0.993955E-02    0.350294E-02
     9.70862        0.101015E-01    0.349621E-02
     9.71320        0.103175E-01    0.357097E-02
     9.71670        0.104926E-01    0.362031E-02
     9.71763        0.105424E-01    0.362418E-02
     9.71857        0.105854E-01    0.362817E-02
     9.72207        0.107509E-01    0.369819E-02
     9.72664        0.109738E-01    0.384391E-02
     9.73014        0.111569E-01    0.391407E-02
     9.73107        0.112093E-01    0.391758E-02
     9.73200        0.112542E-01    0.391888E-02
     9.73550        0.114289E-01    0.396137E-02
     9.74007        0.116688E-01    0.403253E-02
     9.74356        0.118687E-01    0.402126E-02
     9.74450        0.119262E-01    0.400041E-02
     9.74543        0.119755E-01    0.397721E-02
     9.74892        0.121680E-01    0.392909E-02
     9.75348        0.124324E-01    0.389462E-02
     9.75698        0.126508E-01    0.382042E-02
     9.75791        0.127132E-01    0.378632E-02
     9.75884        0.127681E-01    0.375204E-02
     9.76233        0.129806E-01    0.368414E-02
     9.76689        0.132686E-01    0.367531E-02
     9.77038        0.135041E-01    0.365717E-02
     9.77131        0.135710E-01    0.364270E-02
     9.77224        0.136296E-01    0.362749E-02
     9.77573        0.138546E-01    0.363952E-02
     9.78028        0.141566E-01    0.374055E-02
     9.78377        0.144026E-01    0.379627E-02
     9.78470        0.144725E-01    0.379830E-02
     9.78563        0.145335E-01    0.379869E-02
     9.78912        0.147671E-01    0.385342E-02
     9.79367        0.150800E-01    0.396346E-02
     9.79715        0.153355E-01    0.398353E-02
     9.79808        0.154084E-01    0.396937E-02
     9.79901        0.154713E-01    0.395098E-02
     9.80249        0.157135E-01    0.391791E-02
     9.80704        0.160399E-01    0.387834E-02
     9.81052        0.163075E-01    0.376479E-02
     9.81145        0.163838E-01    0.371339E-02
     9.81237        0.164496E-01    0.365771E-02
     9.81586        0.167037E-01    0.349398E-02
     9.82040        0.170474E-01    0.331704E-02
     9.82388        0.173283E-01    0.313353E-02
     9.82480        0.174082E-01    0.306967E-02
     9.82573        0.174768E-01    0.300482E-02
     9.82921        0.177422E-01    0.283668E-02
     9.83375        0.180995E-01    0.272393E-02
     9.83723        0.183894E-01    0.263903E-02
     9.83815        0.184716E-01    0.260791E-02
     9.83908        0.185420E-01    0.257915E-02
     9.84255        0.188131E-01    0.256618E-02
     9.84709        0.191753E-01    0.268630E-02
     9.85056        0.194681E-01    0.278553E-02
     9.85149        0.195512E-01    0.280220E-02
     9.85241        0.196220E-01    0.281990E-02
     9.85589        0.198934E-01    0.296781E-02
     9.86042        0.202549E-01    0.324921E-02
     9.86389        0.205478E-01    0.342014E-02
     9.86482        0.206314E-01    0.344690E-02
     9.86574        0.207016E-01    0.346994E-02
     9.86921        0.209719E-01    0.360559E-02
     9.87374        0.213337E-01    0.379352E-02
     9.87721        0.216289E-01    0.383542E-02
     9.87814        0.217133E-01    0.381998E-02
     9.87906        0.217835E-01    0.379810E-02
     9.88253        0.220554E-01    0.375133E-02
     9.88705        0.224219E-01    0.368194E-02
     9.89052        0.227211E-01    0.352597E-02
     9.89144        0.228066E-01    0.345942E-02
     9.89237        0.228771E-01    0.338841E-02
     9.89583        0.231519E-01    0.318025E-02
     9.90036        0.235229E-01    0.296526E-02
     9.90382        0.238248E-01    0.275518E-02
     9.90474        0.239109E-01    0.268322E-02
     9.90567        0.239814E-01    0.261150E-02
     9.90913        0.242562E-01    0.243887E-02
     9.91365        0.246263E-01    0.235320E-02
     9.91711        0.249265E-01    0.229500E-02
     9.91804        0.250121E-01    0.226969E-02
     9.91896        0.250817E-01    0.224691E-02
     9.92242        0.253524E-01    0.227285E-02
     9.92694        0.257159E-01    0.246102E-02
     9.93040        0.260116E-01    0.260291E-02
     9.93132        0.260964E-01    0.262708E-02
     9.93224        0.261644E-01    0.265113E-02
     9.93570        0.264292E-01    0.283084E-02
     9.94022        0.267859E-01    0.315224E-02
     9.94367        0.270784E-01    0.333196E-02
     9.94460        0.271628E-01    0.335570E-02
     9.94552        0.272294E-01    0.337472E-02
     9.94897        0.274905E-01    0.350182E-02
     9.95349        0.278451E-01    0.367755E-02
     9.95694        0.281375E-01    0.369228E-02
     9.95786        0.282221E-01    0.366523E-02
     9.95878        0.282880E-01    0.363169E-02
     9.96224        0.285485E-01    0.355300E-02
     9.96675        0.289047E-01    0.345490E-02
     9.97020        0.291981E-01    0.327042E-02
     9.97112        0.292829E-01    0.319355E-02
     9.97204        0.293483E-01    0.311270E-02
     9.97550        0.296083E-01    0.288346E-02
     9.98001        0.299637E-01    0.266131E-02
     9.98346        0.302553E-01    0.244240E-02
     9.98438        0.303394E-01    0.236549E-02
     9.98530        0.304035E-01    0.228902E-02
     9.98875        0.306583E-01    0.211242E-02
     9.99325        0.310054E-01    0.203503E-02
     9.99671        0.312896E-01    0.197240E-02
     9.99763        0.313718E-01    0.194201E-02
     9.99855        0.314332E-01    0.191375E-02
     10.0020        0.316774E-01    0.192838E-02
     10.0065        0.320094E-01    0.210478E-02
     10.0099        0.322828E-01    0.221990E-02
     10.0109        0.323625E-01    0.223221E-02
     10.0118        0.324204E-01    0.224414E-02
     10.0152        0.326519E-01    0.238749E-02
     10.0197        0.329689E-01    0.266808E-02
     10.0232        0.332325E-01    0.280584E-02
     10.0241        0.333100E-01    0.281522E-02
     10.0250        0.333648E-01    0.282062E-02
     10.0285        0.335866E-01    0.291363E-02
     10.0330        0.338943E-01    0.307335E-02
     10.0364        0.341520E-01    0.308409E-02
     10.0373        0.342280E-01    0.305573E-02
     10.0383        0.342805E-01    0.302277E-02
     10.0417        0.344965E-01    0.297163E-02
     10.0462        0.347993E-01    0.295411E-02
     10.0496        0.350530E-01    0.284708E-02
     10.0506        0.351277E-01    0.279095E-02
     10.0515        0.351786E-01    0.273268E-02
     10.0549        0.353895E-01    0.260780E-02
     10.0594        0.356858E-01    0.254436E-02
     10.0629        0.359336E-01    0.243780E-02
     10.0638        0.360067E-01    0.238643E-02
     10.0647        0.360556E-01    0.233489E-02
     10.0681        0.362588E-01    0.225067E-02
     10.0726        0.365434E-01    0.226576E-02
     10.0761        0.367822E-01    0.222705E-02
     10.0770        0.368532E-01    0.219350E-02
     10.0779        0.368997E-01    0.215934E-02
     10.0814        0.370927E-01    0.213777E-02
     10.0858        0.373629E-01    0.221980E-02
     10.0893        0.375916E-01    0.221363E-02
     10.0902        0.376603E-01    0.218535E-02
     10.0911        0.377046E-01    0.215684E-02
     10.0946        0.378889E-01    0.214878E-02
     10.0991        0.381468E-01    0.222841E-02
     10.1025        0.383667E-01    0.220506E-02
     10.1034        0.384334E-01    0.217020E-02
     10.1042        0.384717E-01    0.214933E-02
     10.1073        0.386308E-01    0.214459E-02
     10.1114        0.388576E-01    0.220917E-02
     10.1145        0.390516E-01    0.220382E-02
     10.1153        0.391093E-01    0.218262E-02
     10.1161        0.391472E-01    0.216289E-02
     10.1192        0.393057E-01    0.217164E-02
     10.1232        0.395315E-01    0.227283E-02
     10.1263        0.397217E-01    0.230573E-02
     10.1271        0.397777E-01    0.229557E-02
     10.1280        0.398151E-01    0.228548E-02
     10.1311        0.399721E-01    0.233110E-02
     10.1351        0.401952E-01    0.247683E-02
     10.1382        0.403823E-01    0.253567E-02
     10.1390        0.404374E-01    0.253058E-02
     10.1398        0.404740E-01    0.252443E-02
     10.1429        0.406279E-01    0.257761E-02
     10.1469        0.408458E-01    0.271248E-02
     10.1500        0.410290E-01    0.274378E-02
     10.1509        0.410833E-01    0.272821E-02
     10.1517        0.411188E-01    0.271020E-02
     10.1548        0.412680E-01    0.271050E-02
     10.1588        0.414794E-01    0.275657E-02
     10.1619        0.416584E-01    0.270504E-02
     10.1627        0.417119E-01    0.266536E-02
     10.1635        0.417461E-01    0.262267E-02
     10.1666        0.418902E-01    0.252945E-02
     10.1707        0.420961E-01    0.245458E-02
     10.1737        0.422719E-01    0.231472E-02
     10.1746        0.423247E-01    0.225261E-02
     10.1754        0.423575E-01    0.218853E-02
     10.1785        0.424981E-01    0.202653E-02
     10.1825        0.427009E-01    0.189321E-02
     10.1856        0.428749E-01    0.173624E-02
     10.1864        0.429272E-01    0.167402E-02
     10.1872        0.429591E-01    0.161229E-02
     10.1903        0.430977E-01    0.147994E-02
     10.1944        0.432996E-01    0.143456E-02
     10.1975        0.434727E-01    0.138120E-02
     10.1983        0.435247E-01    0.135157E-02
     10.1991        0.435561E-01    0.132475E-02
     10.2022        0.436936E-01    0.133976E-02
     10.2062        0.438946E-01    0.151677E-02
     10.2093        0.440669E-01    0.164678E-02
     10.2101        0.441186E-01    0.166660E-02
     10.2110        0.441496E-01    0.168907E-02
     10.2140        0.442856E-01    0.188352E-02
     10.2181        0.444844E-01    0.226728E-02
     10.2212        0.446551E-01    0.252071E-02
     10.2220        0.447066E-01    0.256672E-02
     10.2228        0.447370E-01    0.261184E-02
     10.2259        0.448708E-01    0.286081E-02
     10.2299        0.450665E-01    0.323537E-02
     10.2330        0.452355E-01    0.341428E-02
     10.2338        0.452868E-01    0.343017E-02
     10.2347        0.453167E-01    0.344056E-02
     10.2378        0.454481E-01    0.352667E-02
     10.2418        0.456410E-01    0.361894E-02
     10.2449        0.458088E-01    0.353772E-02
     10.2457        0.458599E-01    0.347927E-02
     10.2465        0.458891E-01    0.341394E-02
     10.2496        0.460186E-01    0.321385E-02
     10.2536        0.462096E-01    0.294565E-02
     10.2567        0.463763E-01    0.261556E-02
     10.2575        0.464273E-01    0.249678E-02
     10.2584        0.464558E-01    0.237497E-02
     10.2615        0.465834E-01    0.200050E-02
     10.2655        0.467729E-01    0.160449E-02
     10.2686        0.469383E-01    0.126029E-02
     10.2694        0.469888E-01    0.115056E-02
     10.2702        0.470165E-01    0.104407E-02
     10.2733        0.471422E-01    0.776066E-03
     10.2773        0.473301E-01    0.626169E-03
     10.2804        0.474942E-01    0.540846E-03
     10.2813        0.475444E-01    0.508709E-03
     10.2821        0.475715E-01    0.483105E-03
     10.2852        0.476955E-01    0.537831E-03
     10.2892        0.478821E-01    0.832431E-03
     10.2923        0.480455E-01    0.108328E-02
     10.2931        0.480955E-01    0.113748E-02
     10.2939        0.481223E-01    0.119570E-02
     10.2970        0.482455E-01    0.153898E-02
     10.3011        0.484311E-01    0.213066E-02
     10.3041        0.485942E-01    0.253299E-02
     10.3050        0.486443E-01    0.261492E-02
     10.3058        0.486710E-01    0.269467E-02
     10.3089        0.487935E-01    0.306971E-02
     10.3129        0.489780E-01    0.358524E-02
     10.3160        0.491410E-01    0.384071E-02
     10.3168        0.491913E-01    0.387105E-02
     10.3177        0.492177E-01    0.389415E-02
     10.3207        0.493392E-01    0.402223E-02
     10.3248        0.495223E-01    0.414764E-02
     10.3279        0.496847E-01    0.406668E-02
     10.3287        0.497351E-01    0.400372E-02
     10.3295        0.497610E-01    0.393303E-02
     10.3326        0.498810E-01    0.371344E-02
     10.3366        0.500629E-01    0.341226E-02
     10.3397        0.502247E-01    0.304096E-02
     10.3406        0.502750E-01    0.290774E-02
     10.3414        0.503003E-01    0.277108E-02
     10.3445        0.504188E-01    0.234348E-02
     10.3485        0.505999E-01    0.187327E-02
     10.3516        0.507611E-01    0.145692E-02
     10.3524        0.508111E-01    0.132452E-02
     10.3533        0.508358E-01    0.119482E-02
     10.3564        0.509531E-01    0.842454E-03
     10.3604        0.511333E-01    0.580420E-03
     10.3635        0.512935E-01    0.398858E-03
     10.3643        0.513433E-01    0.338724E-03
     10.3651        0.513674E-01    0.285151E-03
     10.3682        0.514830E-01    0.244349E-03
     10.3723        0.516612E-01    0.431175E-03
     10.3754        0.518196E-01    0.605977E-03
     10.3762        0.518689E-01    0.640210E-03
     10.3770        0.518924E-01    0.679728E-03
     10.3801        0.520055E-01    0.972397E-03
     10.3841        0.521799E-01    0.153692E-02
     10.3872        0.523358E-01    0.193903E-02
     10.3881        0.523846E-01    0.202284E-02
     10.3889        0.524074E-01    0.210632E-02
     10.3920        0.525173E-01    0.251781E-02
     10.3960        0.526875E-01    0.312160E-02
     10.3991        0.528410E-01    0.346187E-02
     10.3999        0.528894E-01    0.351572E-02
     10.4008        0.529113E-01    0.356352E-02
     10.4039        0.530183E-01    0.380006E-02
     10.4079        0.531854E-01    0.408922E-02
     10.4110        0.533375E-01    0.413500E-02
     10.4118        0.533858E-01    0.410427E-02
     10.4127        0.534070E-01    0.406593E-02
     10.4158        0.535122E-01    0.397382E-02
     10.4198        0.536785E-01    0.383871E-02
     10.4229        0.538305E-01    0.357924E-02
     10.4237        0.538788E-01    0.347190E-02
     10.4246        0.538996E-01    0.336025E-02
     10.4277        0.540044E-01    0.302349E-02
     10.4317        0.541715E-01    0.265019E-02
     10.4348        0.543242E-01    0.227636E-02
     10.4356        0.543726E-01    0.214898E-02
     10.4365        0.543932E-01    0.202232E-02
     10.4396        0.544981E-01    0.166945E-02
     10.4436        0.546657E-01    0.136536E-02
     10.4467        0.548183E-01    0.110667E-02
     10.4475        0.548666E-01    0.101807E-02
     10.4484        0.548869E-01    0.933355E-03
     10.4515        0.549907E-01    0.761511E-03
     10.4555        0.551561E-01    0.737358E-03
     10.4586        0.553064E-01    0.714067E-03
     10.4594        0.553541E-01    0.689784E-03
     10.4603        0.553735E-01    0.669414E-03
     10.4634        0.554736E-01    0.738525E-03
     10.4674        0.556329E-01    0.101627E-02
     10.4705        0.557785E-01    0.120418E-02
     10.4714        0.558251E-01    0.123207E-02
     10.4722        0.558430E-01    0.126173E-02
     10.4753        0.559370E-01    0.150098E-02
     10.4793        0.560881E-01    0.195199E-02
     10.4825        0.562280E-01    0.222913E-02
     10.4833        0.562734E-01    0.227381E-02
     10.4841        0.562895E-01    0.231725E-02
     10.4872        0.563774E-01    0.258366E-02
     10.4913        0.565220E-01    0.300956E-02
     10.4944        0.566582E-01    0.321976E-02
     10.4952        0.567028E-01    0.323960E-02
     10.4960        0.567177E-01    0.325550E-02
     10.4991        0.568026E-01    0.339755E-02
     10.5032        0.569456E-01    0.361535E-02
     10.5063        0.570820E-01    0.363592E-02
     10.5071        0.571268E-01    0.360155E-02
     10.5080        0.571416E-01    0.356221E-02
     10.5111        0.572275E-01    0.349211E-02
     10.5151        0.573740E-01    0.343117E-02
     10.5183        0.575136E-01    0.324637E-02
     10.5191        0.575592E-01    0.315964E-02
     10.5199        0.575746E-01    0.306966E-02
     10.5230        0.576635E-01    0.282781E-02
     10.5271        0.578141E-01    0.259457E-02
     10.5302        0.579561E-01    0.232414E-02
     10.5310        0.580023E-01    0.222201E-02
     10.5319        0.580180E-01    0.212027E-02
     10.5350        0.581075E-01    0.186580E-02
     10.5391        0.582572E-01    0.168892E-02
     10.5422        0.583973E-01    0.151327E-02
     10.5430        0.584429E-01    0.144322E-02
     10.5438        0.584576E-01    0.137637E-02
     10.5470        0.585426E-01    0.127369E-02
     10.5510        0.586844E-01    0.133146E-02
     10.5541        0.588176E-01    0.134973E-02
     10.5550        0.588614E-01    0.133173E-02
     10.5558        0.588739E-01    0.131650E-02
     10.5589        0.589502E-01    0.140126E-02
     10.5630        0.590801E-01    0.167468E-02
     10.5661        0.592048E-01    0.182343E-02
     10.5670        0.592465E-01    0.183383E-02
     10.5678        0.592566E-01    0.184385E-02
     10.5709        0.593241E-01    0.199764E-02
     10.5750        0.594443E-01    0.229676E-02
     10.5781        0.595630E-01    0.241465E-02
     10.5789        0.596035E-01    0.240955E-02
     10.5798        0.596118E-01    0.240123E-02
     10.5829        0.596744E-01    0.246646E-02
     10.5870        0.597909E-01    0.261169E-02
     10.5901        0.599083E-01    0.259170E-02
     10.5909        0.599485E-01    0.254816E-02
     10.5918        0.599563E-01    0.250147E-02
     10.5949        0.600187E-01    0.242763E-02
     10.5990        0.601371E-01    0.241368E-02
     10.6021        0.602565E-01    0.229842E-02
     10.6029        0.602972E-01    0.223440E-02
     10.6038        0.603053E-01    0.217008E-02
     10.6069        0.603697E-01    0.205457E-02
     10.6110        0.604914E-01    0.204647E-02
     10.6141        0.606129E-01    0.198162E-02
     10.6150        0.606541E-01    0.193749E-02
     10.6158        0.606626E-01    0.189594E-02
     10.6189        0.607279E-01    0.188712E-02
     10.6230        0.608498E-01    0.205893E-02
     10.6262        0.609707E-01    0.215185E-02
     10.6270        0.610118E-01    0.215123E-02
     10.6278        0.610198E-01    0.215328E-02
     10.6310        0.610827E-01    0.230540E-02
     10.6351        0.611999E-01    0.266607E-02
     10.6382        0.613170E-01    0.287321E-02
     10.6390        0.613571E-01    0.289697E-02
     10.6399        0.613637E-01    0.292019E-02
     10.6430        0.614211E-01    0.312395E-02
     10.6471        0.615306E-01    0.347776E-02
     10.6502        0.616421E-01    0.361646E-02
     10.6511        0.616809E-01    0.361227E-02
     10.6519        0.616858E-01    0.360329E-02
     10.6551        0.617370E-01    0.365446E-02
     10.6592        0.618395E-01    0.373943E-02
     10.6623        0.619466E-01    0.362648E-02
     10.6631        0.619844E-01    0.354973E-02
     10.6640        0.619879E-01    0.346656E-02
     10.6671        0.620350E-01    0.323271E-02
     10.6712        0.621339E-01    0.294697E-02
     10.6744        0.622390E-01    0.256786E-02
     10.6752        0.622763E-01    0.242485E-02
     10.6761        0.622789E-01    0.227861E-02
     10.6792        0.623242E-01    0.184043E-02
     10.6833        0.624223E-01    0.137938E-02
     10.6865        0.625266E-01    0.947987E-03
     10.6873        0.625637E-01    0.804197E-03
     10.6881        0.625659E-01    0.663655E-03
     10.6913        0.626100E-01    0.300441E-03
     10.6954        0.627066E-01    0.619673E-04
     10.6986        0.628092E-01   -0.109148E-03
     10.6994        0.628457E-01   -0.171525E-03
     10.7002        0.628472E-01   -0.225698E-03
     10.7034        0.628884E-01   -0.230676E-03
     10.7075        0.629801E-01    0.579373E-04
     10.7107        0.630785E-01    0.313329E-03
     10.7115        0.631139E-01    0.365044E-03
     10.7124        0.631141E-01    0.423969E-03
     10.7155        0.631499E-01    0.827010E-03
     10.7196        0.632338E-01    0.158348E-02
     10.7228        0.633266E-01    0.212415E-02
     10.7236        0.633607E-01    0.223863E-02
     10.7245        0.633593E-01    0.235345E-02
     10.7276        0.633890E-01    0.290746E-02
     10.7318        0.634658E-01    0.371200E-02
     10.7349        0.635544E-01    0.417013E-02
     10.7358        0.635877E-01    0.424501E-02
     10.7366        0.635850E-01    0.431261E-02
     10.7398        0.636111E-01    0.463305E-02
     10.7439        0.636849E-01    0.501401E-02
     10.7471        0.637726E-01    0.507423E-02
     10.7479        0.638058E-01    0.503474E-02
     10.7488        0.638027E-01    0.498565E-02
     10.7520        0.638285E-01    0.485944E-02
     10.7561        0.639040E-01    0.466334E-02
     10.7593        0.639935E-01    0.431121E-02
     10.7601        0.640272E-01    0.416908E-02
     10.7610        0.640244E-01    0.402216E-02
     10.7641        0.640521E-01    0.357411E-02
     10.7683        0.641311E-01    0.308099E-02
     10.7715        0.642229E-01    0.260682E-02
     10.7723        0.642571E-01    0.244851E-02
     10.7731        0.642545E-01    0.229326E-02
     10.7763        0.642836E-01    0.187548E-02
     10.7805        0.643639E-01    0.155938E-02
     10.7837        0.644557E-01    0.131402E-02
     10.7845        0.644897E-01    0.122852E-02
     10.7853        0.644869E-01    0.115056E-02
     10.7885        0.645144E-01    0.105134E-02
     10.7927        0.645909E-01    0.119351E-02
     10.7959        0.646791E-01    0.130663E-02
     10.7967        0.647122E-01    0.131476E-02
     10.7976        0.647082E-01    0.132828E-02
     10.8008        0.647306E-01    0.154794E-02
     10.8049        0.647992E-01    0.202766E-02
     10.8081        0.648816E-01    0.232134E-02
     10.8090        0.649133E-01    0.236441E-02
     10.8098        0.649076E-01    0.240629E-02
     10.8130        0.649235E-01    0.267950E-02
     10.8172        0.649839E-01    0.310277E-02
     10.8204        0.650609E-01    0.325927E-02
     10.8212        0.650915E-01    0.325279E-02
     10.8221        0.650842E-01    0.323985E-02
     10.8253        0.650949E-01    0.327194E-02
     10.8294        0.651501E-01    0.331486E-02
     10.8326        0.652241E-01    0.314916E-02
     10.8335        0.652539E-01    0.305476E-02
     10.8343        0.652456E-01    0.295434E-02
     10.8375        0.652535E-01    0.266997E-02
     10.8417        0.653069E-01    0.234909E-02
     10.8449        0.653799E-01    0.196125E-02
     10.8458        0.654094E-01    0.181794E-02
     10.8466        0.654005E-01    0.167432E-02
     10.8498        0.654076E-01    0.127682E-02
     10.8540        0.654611E-01    0.930383E-03
     10.8572        0.655338E-01    0.618573E-03
     10.8581        0.655632E-01    0.509372E-03
     10.8589        0.655540E-01    0.406057E-03
     10.8621        0.655607E-01    0.205446E-03
     10.8663        0.656137E-01    0.209605E-03
     10.8695        0.656856E-01    0.221316E-03
     10.8704        0.657146E-01    0.204138E-03
     10.8712        0.657052E-01    0.194456E-03
     10.8745        0.657105E-01    0.350261E-03
     10.8787        0.657609E-01    0.808183E-03
     10.8819        0.658307E-01    0.113646E-02
     10.8827        0.658592E-01    0.119657E-02
     10.8836        0.658492E-01    0.125992E-02
     10.8868        0.658516E-01    0.165066E-02
     10.8910        0.658977E-01    0.230879E-02
     10.8942        0.659646E-01    0.269868E-02
     10.8951        0.659926E-01    0.276093E-02
     10.8960        0.659818E-01    0.281981E-02
     10.8992        0.659810E-01    0.314264E-02
     10.9034        0.660229E-01    0.359717E-02
     10.9066        0.660875E-01    0.375220E-02
     10.9075        0.661150E-01    0.374172E-02
     10.9083        0.661035E-01    0.372421E-02
     10.9116        0.661002E-01    0.373804E-02
     10.9158        0.661400E-01    0.375641E-02
     10.9190        0.662034E-01    0.357204E-02
     10.9199        0.662308E-01    0.347273E-02
     10.9207        0.662187E-01    0.336843E-02
     10.9240        0.662142E-01    0.307925E-02
     10.9282        0.662537E-01    0.277274E-02
     10.9314        0.663168E-01    0.240744E-02
     10.9323        0.663440E-01    0.227123E-02
     10.9332        0.663315E-01    0.213585E-02
     10.9364        0.663266E-01    0.177761E-02
     10.9406        0.663664E-01    0.149392E-02
     10.9439        0.664293E-01    0.122973E-02
     10.9447        0.664562E-01    0.113204E-02
     10.9456        0.664435E-01    0.104008E-02
     10.9489        0.664382E-01    0.879317E-03
     10.9531        0.664779E-01    0.920195E-03
     10.9563        0.665403E-01    0.939728E-03
     10.9572        0.665669E-01    0.920765E-03
     10.9581        0.665541E-01    0.907987E-03
     10.9613        0.665483E-01    0.104200E-02
     10.9656        0.665868E-01    0.144457E-02
     10.9688        0.666484E-01    0.170762E-02
     10.9697        0.666748E-01    0.174689E-02
     10.9706        0.666619E-01    0.178861E-02
     10.9738        0.666551E-01    0.209448E-02
     10.9781        0.666918E-01    0.263673E-02
     10.9813        0.667523E-01    0.293717E-02
     10.9822        0.667787E-01    0.297590E-02
     10.9831        0.667655E-01    0.301240E-02
     10.9863        0.667574E-01    0.326267E-02
     10.9906        0.667921E-01    0.365272E-02
     10.9939        0.668515E-01    0.378276E-02
     10.9947        0.668777E-01    0.376921E-02
     10.9956        0.668641E-01    0.375107E-02
     10.9989        0.668546E-01    0.378081E-02
     11.0031        0.668876E-01    0.385844E-02
     11.0064        0.669459E-01    0.374212E-02
     11.0073        0.669719E-01    0.366328E-02
     11.0082        0.669578E-01    0.358089E-02
     11.0114        0.669470E-01    0.338030E-02
     11.0157        0.669794E-01    0.319295E-02
     11.0190        0.670373E-01    0.290957E-02
     11.0199        0.670630E-01    0.279239E-02
     11.0207        0.670485E-01    0.267493E-02
     11.0240        0.670375E-01    0.236958E-02
     11.0283        0.670707E-01    0.211264E-02
     11.0316        0.671290E-01    0.182946E-02
     11.0325        0.671547E-01    0.172027E-02
     11.0333        0.671403E-01    0.161437E-02
     11.0366        0.671302E-01    0.137971E-02
     11.0409        0.671654E-01    0.127665E-02
     11.0442        0.672247E-01    0.115436E-02
     11.0451        0.672505E-01    0.109373E-02
     11.0460        0.672365E-01    0.103854E-02
     11.0493        0.672277E-01    0.100879E-02
     11.0536        0.672642E-01    0.119931E-02
     11.0569        0.673239E-01    0.131314E-02
     11.0577        0.673498E-01    0.131592E-02
     11.0586        0.673359E-01    0.132387E-02
     11.0619        0.673272E-01    0.152442E-02
     11.0662        0.673625E-01    0.198915E-02
     11.0695        0.674208E-01    0.228260E-02
     11.0704        0.674463E-01    0.232758E-02
     11.0713        0.674321E-01    0.237478E-02
     11.0746        0.674214E-01    0.269476E-02
     11.0789        0.674530E-01    0.324214E-02
     11.0822        0.675085E-01    0.353715E-02
     11.0831        0.675333E-01    0.357298E-02
     11.0840        0.675184E-01    0.360675E-02
     11.0873        0.675046E-01    0.384042E-02
     11.0916        0.675324E-01    0.419320E-02
     11.0950        0.675852E-01    0.428142E-02
     11.0959        0.676092E-01    0.425452E-02
     11.0967        0.675936E-01    0.422272E-02
     11.1001        0.675775E-01    0.419019E-02
     11.1044        0.676035E-01    0.416248E-02
     11.1077        0.676549E-01    0.394928E-02
     11.1086        0.676785E-01    0.384253E-02
     11.1095        0.676624E-01    0.373208E-02
     11.1128        0.676458E-01    0.341830E-02
     11.1172        0.676723E-01    0.307402E-02
     11.1205        0.677238E-01    0.267311E-02
     11.1214        0.677470E-01    0.252609E-02
     11.1223        0.677310E-01    0.238058E-02
     11.1256        0.677153E-01    0.197762E-02
     11.1300        0.677438E-01    0.162491E-02
     11.1333        0.677959E-01    0.130470E-02
     11.1342        0.678191E-01    0.119211E-02
     11.1351        0.678035E-01    0.108682E-02
     11.1384        0.677894E-01    0.875872E-03
     11.1428        0.678197E-01    0.861919E-03
     11.1461        0.678726E-01    0.857323E-03
     11.1470        0.678958E-01    0.835393E-03
     11.1479        0.678806E-01    0.822819E-03
     11.1513        0.678679E-01    0.966955E-03
     11.1557        0.678990E-01    0.141438E-02
     11.1590        0.679520E-01    0.174294E-02
     11.1599        0.679751E-01    0.180457E-02
     11.1608        0.679602E-01    0.187215E-02
     11.1642        0.679477E-01    0.228155E-02
     11.1685        0.679782E-01    0.297747E-02
     11.1719        0.680301E-01    0.341071E-02
     11.1728        0.680527E-01    0.348662E-02
     11.1737        0.680376E-01    0.356208E-02
     11.1771        0.680239E-01    0.394640E-02
     11.1815        0.680524E-01    0.448399E-02
     11.1848        0.681017E-01    0.470678E-02
     11.1857        0.681234E-01    0.471470E-02
     11.1866        0.681076E-01    0.471765E-02
     11.1900        0.680917E-01    0.479518E-02
     11.1944        0.681175E-01    0.487113E-02
     11.1978        0.681635E-01    0.471542E-02
     11.1987        0.681839E-01    0.462152E-02
     11.1996        0.681673E-01    0.452372E-02
     11.2030        0.681491E-01    0.423395E-02
     11.2074        0.681727E-01    0.388082E-02
     11.2108        0.682160E-01    0.345741E-02
     11.2117        0.682351E-01    0.330348E-02
     11.2126        0.682180E-01    0.315187E-02
     11.2160        0.681988E-01    0.270809E-02
     11.2204        0.682222E-01    0.227901E-02
     11.2238        0.682642E-01    0.190092E-02
     11.2247        0.682824E-01    0.177463E-02
     11.2256        0.682653E-01    0.165781E-02
     11.2290        0.682470E-01    0.139226E-02
     11.2334        0.682724E-01    0.130147E-02
     11.2368        0.683143E-01    0.125342E-02
     11.2377        0.683318E-01    0.122387E-02
     11.2386        0.683151E-01    0.120706E-02
     11.2421        0.682983E-01    0.132795E-02
     11.2465        0.683255E-01    0.175173E-02
     11.2499        0.683663E-01    0.208983E-02
     11.2508        0.683828E-01    0.216002E-02
     11.2517        0.683658E-01    0.224085E-02
     11.2551        0.683481E-01    0.269596E-02
     11.2596        0.683734E-01    0.347088E-02
     11.2630        0.684097E-01    0.400603E-02
     11.2639        0.684241E-01    0.411738E-02
     11.2648        0.684052E-01    0.423465E-02
     11.2683        0.683820E-01    0.477362E-02
     11.2727        0.684030E-01    0.553980E-02
     11.2762        0.684342E-01    0.598523E-02
     11.2771        0.684463E-01    0.606126E-02
     11.2780        0.684234E-01    0.613888E-02
     11.2814        0.683929E-01    0.648513E-02
     11.2859        0.684169E-01    0.691808E-02
     11.2893        0.684516E-01    0.706530E-02
     11.2903        0.684635E-01    0.705742E-02
     11.2912        0.684315E-01    0.704419E-02
     11.2946        0.683897E-01    0.704708E-02
     11.2991        0.684329E-01    0.706617E-02
     11.3026        0.684882E-01    0.695299E-02
     11.3035        0.685041E-01    0.688640E-02
     11.3044        0.684463E-01    0.677502E-02
     11.3078        0.683706E-01    0.653403E-02
     11.3123        0.684581E-01    0.655425E-02
     11.3158        0.685638E-01    0.667604E-02
     11.3167        0.685908E-01    0.670182E-02
     11.3176        0.684724E-01    0.646702E-02
     11.3211        0.683206E-01    0.644929E-02
     11.3256        0.684674E-01    0.795340E-02
     11.3291        0.686474E-01    0.965461E-02
     11.3300        0.686952E-01    0.101155E-01
     11.3300        0.686998E-01    0.101133E-01
     11.3303        0.685661E-01    0.110841E-01
     11.3314        0.682212E-01    0.145324E-01
     11.3328        0.684129E-01    0.186451E-01
     11.3340        0.687343E-01    0.210700E-01
     11.3343        0.687979E-01    0.215501E-01
     11.3345        0.688262E-01    0.223506E-01
     11.3357        0.689816E-01    0.253283E-01
     11.3371        0.692535E-01    0.290811E-01
     11.3382        0.694504E-01    0.317727E-01
     11.3385        0.694935E-01    0.324529E-01
     11.3388        0.695452E-01    0.332107E-01
     11.3399        0.697454E-01    0.360464E-01
     11.3413        0.700097E-01    0.397124E-01
     11.3425        0.702035E-01    0.424818E-01
     11.3428        0.702526E-01    0.432121E-01
     11.3430        0.703058E-01    0.439598E-01
     11.3442        0.705060E-01    0.467649E-01
     11.3456        0.707666E-01    0.504195E-01
     11.3467        0.709640E-01    0.532142E-01
     11.3470        0.710161E-01    0.539577E-01
     11.3473        0.710693E-01    0.547050E-01
     11.3484        0.712694E-01    0.575106E-01
     11.3498        0.715307E-01    0.611735E-01
     11.3510        0.717309E-01    0.639823E-01
     11.3513        0.717843E-01    0.647310E-01
     11.3515        0.718379E-01    0.654805E-01
     11.3527        0.720396E-01    0.682956E-01
     11.3541        0.723038E-01    0.719731E-01
     11.3552        0.725069E-01    0.747954E-01
     11.3555        0.725612E-01    0.755479E-01
     11.3558        0.726155E-01    0.763009E-01
     11.3569        0.728201E-01    0.791290E-01
     11.3583        0.730883E-01    0.828246E-01
     11.3595        0.732950E-01    0.856616E-01
     11.3598        0.733502E-01    0.864183E-01
     11.3600        0.734055E-01    0.871752E-01
     11.3612        0.736138E-01    0.900188E-01
     11.3626        0.738871E-01    0.937354E-01
     11.3637        0.740980E-01    0.965892E-01
     11.3640        0.741544E-01    0.973504E-01
     11.3643        0.742109E-01    0.981120E-01
     11.3654        0.744237E-01    0.100973    
     11.3668        0.747033E-01    0.104713    
     11.3680        0.749192E-01    0.107586    
     11.3683        0.749770E-01    0.108352    
     11.3685        0.750348E-01    0.109119    
     11.3697        0.752530E-01    0.112000    
     11.3711        0.755399E-01    0.115767    
     11.3722        0.757616E-01    0.118661    
     11.3725        0.758210E-01    0.119433    
     11.3728        0.758805E-01    0.120205    
     11.3739        0.761048E-01    0.123108    
     11.3753        0.764001E-01    0.126904    
     11.3765        0.766285E-01    0.129821    
     11.3768        0.766897E-01    0.130599    
     11.3770        0.767510E-01    0.131378    
     11.3782        0.769824E-01    0.134304    
     11.3796        0.772873E-01    0.138133    
     11.3807        0.775233E-01    0.141075    
     11.3810        0.775865E-01    0.141860    
     11.3813        0.776499E-01    0.142645    
     11.3824        0.778893E-01    0.145598    
     11.3838        0.782049E-01    0.149462    
     11.3850        0.784494E-01    0.152431    
     11.3853        0.785150E-01    0.153224    
     11.3855        0.785807E-01    0.154017    
     11.3867        0.788289E-01    0.156998    
     11.3881        0.791565E-01    0.160900    
     11.3892        0.794106E-01    0.163899    
     11.3895        0.794787E-01    0.164700    
     11.3898        0.795470E-01    0.165501    
     11.3909        0.798052E-01    0.168513    
     11.3923        0.801461E-01    0.172455    
     11.3935        0.804106E-01    0.175487    
     11.3938        0.804816E-01    0.176296    
     11.3940        0.805528E-01    0.177106    
     11.3952        0.808219E-01    0.180151    
     11.3966        0.811775E-01    0.184137    
     11.3977        0.814536E-01    0.187203    
     11.3980        0.815277E-01    0.188022    
     11.3983        0.816021E-01    0.188841    
     11.3994        0.818832E-01    0.191921    
     11.4008        0.822550E-01    0.195955    
     11.4020        0.825439E-01    0.199058    
     11.4023        0.826214E-01    0.199886    
     11.4025        0.826993E-01    0.200715    
     11.4037        0.829936E-01    0.203834    
     11.4051        0.833831E-01    0.207918    
     11.4062        0.836859E-01    0.211060    
     11.4065        0.837673E-01    0.211899    
     11.4068        0.838489E-01    0.212739    
     11.4079        0.841577E-01    0.215898    
     11.4093        0.845666E-01    0.220036    
     11.4105        0.848847E-01    0.223220    
     11.4108        0.849702E-01    0.224071    
     11.4110        0.850559E-01    0.224922    
     11.4122        0.853805E-01    0.228124    
     11.4136        0.858106E-01    0.232319    
     11.4147        0.861453E-01    0.235548    
     11.4150        0.862353E-01    0.236410    
     11.4153        0.863256E-01    0.237274    
     11.4164        0.866674E-01    0.240521    
     11.4178        0.871205E-01    0.244777    
     11.4190        0.874734E-01    0.248054    
     11.4193        0.875682E-01    0.248929    
     11.4195        0.876635E-01    0.249805    
     11.4207        0.880240E-01    0.253102    
     11.4221        0.885022E-01    0.257422    
     11.4232        0.888748E-01    0.260749    
     11.4235        0.889750E-01    0.261638    
     11.4238        0.890756E-01    0.262528    
     11.4249        0.894565E-01    0.265876    
     11.4263        0.899620E-01    0.270265    
     11.4275        0.903561E-01    0.273645    
     11.4278        0.904620E-01    0.274549    
     11.4280        0.905684E-01    0.275453    
     11.4292        0.909715E-01    0.278855    
     11.4306        0.915067E-01    0.283317    
     11.4317        0.919240E-01    0.286754    
     11.4320        0.920362E-01    0.287673    
     11.4323        0.921490E-01    0.288592    
     11.4334        0.925761E-01    0.292053    
     11.4348        0.931434E-01    0.296591    
     11.4360        0.935860E-01    0.300088    
     11.4363        0.937051E-01    0.301023    
     11.4365        0.938247E-01    0.301958    
     11.4377        0.942780E-01    0.305480    
     11.4391        0.948803E-01    0.310100    
     11.4402        0.953503E-01    0.313660    
     11.4405        0.954769E-01    0.314612    
     11.4408        0.956039E-01    0.315565    
     11.4419        0.960856E-01    0.319151    
     11.4433        0.967258E-01    0.323857    
     11.4445        0.972256E-01    0.327485    
     11.4448        0.973602E-01    0.328454    
     11.4450        0.974954E-01    0.329425    
     11.4462        0.980078E-01    0.333080    
     11.4476        0.986892E-01    0.337877    
     11.4487        0.992215E-01    0.341576    
     11.4490        0.993648E-01    0.342564    
     11.4493        0.995087E-01    0.343554    
     11.4504        0.100055        0.347282    
     11.4518        0.100781        0.352176    
     11.4530        0.101348        0.355949    
     11.4533        0.101501        0.356958    
     11.4535        0.101655        0.357968    
     11.4547        0.102237        0.361773    
     11.4561        0.103012        0.366768    
     11.4572        0.103618        0.370621    
     11.4575        0.103781        0.371651    
     11.4578        0.103945        0.372683    
     11.4589        0.104567        0.376569    
     11.4603        0.105394        0.381673    
     11.4615        0.106042        0.385610    
     11.4618        0.106216        0.386663    
     11.4620        0.106392        0.387717    
     11.4632        0.107057        0.391690    
     11.4646        0.107942        0.396907    
     11.4657        0.108635        0.400934    
     11.4660        0.108822        0.402011    
     11.4663        0.109009        0.403089    
     11.4674        0.109722        0.407153    
     11.4688        0.110670        0.412492    
     11.4700        0.111413        0.416614    
     11.4703        0.111613        0.417716    
     11.4705        0.111814        0.418821    
     11.4717        0.112578        0.422981    
     11.4731        0.113595        0.428450    
     11.4742        0.114392        0.432672    
     11.4745        0.114607        0.433802    
     11.4748        0.114823        0.434933    
     11.4759        0.115643        0.439197    
     11.4773        0.116736        0.444803    
     11.4785        0.117592        0.449134    
     11.4788        0.117823        0.450293    
     11.4790        0.118056        0.451452    
     11.4802        0.118939        0.455825    
     11.4816        0.120114        0.461580    
     11.4827        0.121032        0.466028    
     11.4830        0.121280        0.467219    
     11.4833        0.121534        0.468406    
     11.4844        0.122492        0.472890    
     11.4858        0.123751        0.478810    
     11.4870        0.124723        0.483401    
     11.4873        0.124983        0.484633    
     11.4875        0.125278        0.485829    
     11.4887        0.126352        0.490397    
     11.4901        0.127667        0.496536    
     11.4912        0.128602        0.501374    
     11.4915        0.128840        0.502682    
     11.4918        0.129288        0.503780    
     11.4929        0.130696        0.508246    
     11.4943        0.131838        0.514852    
     11.4955        0.132134        0.520474    
     11.4958        0.132123        0.522050    
     11.4960        0.133412        0.522436    
     11.4972        0.136472        0.525719    
     11.4986        0.135952        0.534112    
     11.4997        0.131821        0.543463    
     11.5000        0.130153        0.546363    
     11.5000        0.568401E-01   -0.469328    
     11.5003        0.551062E-01   -0.466800    
     11.5017        0.501891E-01   -0.458945    
     11.5033        0.477167E-01   -0.452211    
     11.5047        0.489233E-01   -0.449460    
     11.5050        0.497062E-01   -0.449050    
     11.5053        0.492901E-01   -0.447789    
     11.5067        0.479996E-01   -0.443327    
     11.5083        0.469758E-01   -0.438097    
     11.5097        0.467098E-01   -0.434490    
     11.5100        0.467163E-01   -0.433583    
     11.5103        0.465105E-01   -0.432555    
     11.5117        0.457733E-01   -0.428762    
     11.5133        0.448976E-01   -0.423958    
     11.5147        0.442954E-01   -0.420379    
     11.5150        0.441453E-01   -0.419439    
     11.5153        0.439565E-01   -0.418485    
     11.5167        0.432420E-01   -0.414938    
     11.5183        0.422978E-01   -0.410386    
     11.5197        0.415662E-01   -0.406954    
     11.5200        0.413702E-01   -0.406047    
     11.5203        0.411662E-01   -0.405141    
     11.5217        0.403886E-01   -0.401768    
     11.5233        0.393475E-01   -0.397430    
     11.5247        0.385300E-01   -0.394152    
     11.5250        0.383094E-01   -0.393285    
     11.5253        0.380863E-01   -0.392421    
     11.5267        0.372374E-01   -0.389202    
     11.5283        0.361030E-01   -0.385060    
     11.5297        0.352139E-01   -0.381928    
     11.5300        0.349743E-01   -0.381099    
     11.5303        0.347332E-01   -0.380274    
     11.5317        0.338178E-01   -0.377197    
     11.5333        0.325991E-01   -0.373236    
     11.5347        0.316472E-01   -0.370239    
     11.5350        0.313911E-01   -0.369446    
     11.5353        0.311338E-01   -0.368656    
     11.5367        0.301589E-01   -0.365711    
     11.5383        0.288653E-01   -0.361918    
     11.5397        0.278580E-01   -0.359047    
     11.5400        0.275874E-01   -0.358287    
     11.5403        0.273159E-01   -0.357530    
     11.5417        0.262884E-01   -0.354706    
     11.5433        0.249289E-01   -0.351068    
     11.5447        0.238731E-01   -0.348313    
     11.5450        0.235899E-01   -0.347583    
     11.5453        0.233059E-01   -0.346856    
     11.5467        0.222326E-01   -0.344145    
     11.5483        0.208160E-01   -0.340649    
     11.5497        0.197184E-01   -0.338001    
     11.5500        0.194243E-01   -0.337300    
     11.5503        0.191295E-01   -0.336600    
     11.5517        0.180170E-01   -0.333992    
     11.5533        0.165516E-01   -0.330626    
     11.5547        0.154186E-01   -0.328076    
     11.5550        0.151154E-01   -0.327400    
     11.5553        0.148116E-01   -0.326726    
     11.5567        0.136662E-01   -0.324211    
     11.5583        0.121605E-01   -0.320965    
     11.5597        0.109984E-01   -0.318503    
     11.5600        0.106876E-01   -0.317850    
     11.5603        0.103765E-01   -0.317199    
     11.5617        0.920456E-02   -0.314770    
     11.5633        0.766660E-02   -0.311631    
     11.5647        0.648169E-02   -0.309248    
     11.5650        0.616516E-02   -0.308616    
     11.5653        0.584832E-02   -0.307986    
     11.5667        0.465616E-02   -0.305632    
     11.5683        0.309422E-02   -0.302589    
     11.5697        0.189284E-02   -0.300277    
     11.5700        0.157219E-02   -0.299664    
     11.5703        0.125137E-02   -0.299052    
     11.5717        0.452998E-04   -0.296766    
     11.5733       -0.153228E-02   -0.293807    
     11.5747       -0.274371E-02   -0.291557    
     11.5750       -0.306675E-02   -0.290960    
     11.5753       -0.338983E-02   -0.290364    
     11.5767       -0.460331E-02   -0.288136    
     11.5783       -0.618798E-02   -0.285250    
     11.5797       -0.740283E-02   -0.283053    
     11.5800       -0.772648E-02   -0.282470    
     11.5803       -0.805004E-02   -0.281888    
     11.5817       -0.926421E-02   -0.279709    
     11.5833       -0.108471E-01   -0.276884    
     11.5847       -0.120585E-01   -0.274731    
     11.5850       -0.123809E-01   -0.274159    
     11.5853       -0.127031E-01   -0.273588    
     11.5867       -0.139109E-01   -0.271449    
     11.5883       -0.154826E-01   -0.268672    
     11.5897       -0.166833E-01   -0.266554    
     11.5900       -0.170025E-01   -0.265991    
     11.5903       -0.173214E-01   -0.265428    
     11.5917       -0.185154E-01   -0.263320    
     11.5933       -0.200662E-01   -0.260579    
     11.5947       -0.212484E-01   -0.258485    
     11.5950       -0.215624E-01   -0.257928    
     11.5953       -0.218758E-01   -0.257371    
     11.5967       -0.230482E-01   -0.255284    
     11.5983       -0.245675E-01   -0.252566    
     11.5997       -0.257230E-01   -0.250486    
     11.6000       -0.260295E-01   -0.249933    
     11.6003       -0.263352E-01   -0.249379    
     11.6017       -0.274774E-01   -0.247302    
     11.6033       -0.289538E-01   -0.244593    
     11.6047       -0.300738E-01   -0.242516    
     11.6050       -0.303704E-01   -0.241963    
     11.6053       -0.306661E-01   -0.241410    
     11.6067       -0.317689E-01   -0.239332    
     11.6083       -0.331901E-01   -0.236616    
     11.6097       -0.342648E-01   -0.234532    
     11.6100       -0.345488E-01   -0.233976    
     11.6103       -0.348318E-01   -0.233420    
     11.6117       -0.358852E-01   -0.231329    
     11.6133       -0.372378E-01   -0.228592    
     11.6147       -0.382566E-01   -0.226487    
     11.6150       -0.385253E-01   -0.225925    
     11.6153       -0.387927E-01   -0.225363    
     11.6167       -0.397856E-01   -0.223246    
     11.6183       -0.410549E-01   -0.220471    
     11.6197       -0.420062E-01   -0.218332    
     11.6200       -0.422563E-01   -0.217761    
     11.6203       -0.425049E-01   -0.217189    
     11.6217       -0.434254E-01   -0.215033    
     11.6233       -0.445949E-01   -0.212200    
     11.6247       -0.454658E-01   -0.210014    
     11.6250       -0.456940E-01   -0.209429    
     11.6253       -0.459203E-01   -0.208843    
     11.6267       -0.467548E-01   -0.206633    
     11.6283       -0.478066E-01   -0.203723    
     11.6297       -0.485828E-01   -0.201473    
     11.6300       -0.487851E-01   -0.200870    
     11.6303       -0.489852E-01   -0.200266    
     11.6317       -0.497188E-01   -0.197986    
     11.6333       -0.506327E-01   -0.194977    
     11.6347       -0.512983E-01   -0.192646    
     11.6350       -0.514703E-01   -0.192021    
     11.6353       -0.516399E-01   -0.191394    
     11.6367       -0.522559E-01   -0.189025    
     11.6383       -0.530094E-01   -0.185894    
     11.6397       -0.535463E-01   -0.183463    
     11.6400       -0.536833E-01   -0.182810    
     11.6403       -0.538173E-01   -0.182155    
     11.6417       -0.542970E-01   -0.179678    
     11.6433       -0.548646E-01   -0.176397    
     11.6447       -0.552528E-01   -0.173845    
     11.6450       -0.553491E-01   -0.173159    
     11.6453       -0.554422E-01   -0.172470    
     11.6467       -0.557642E-01   -0.169862    
     11.6483       -0.561172E-01   -0.166402    
     11.6497       -0.563336E-01   -0.163704    
     11.6500       -0.563831E-01   -0.162978    
     11.6503       -0.564289E-01   -0.162250    
     11.6517       -0.565692E-01   -0.159486    
     11.6533       -0.566746E-01   -0.155813    
     11.6547       -0.566932E-01   -0.152943    
     11.6550       -0.566887E-01   -0.152170    
     11.6553       -0.566800E-01   -0.151394    
     11.6567       -0.566108E-01   -0.148447    
     11.6583       -0.564312E-01   -0.144522    
     11.6597       -0.562218E-01   -0.141450    
     11.6600       -0.561551E-01   -0.140621    
     11.6603       -0.560835E-01   -0.139789    
     11.6617       -0.557730E-01   -0.136626    
     11.6633       -0.552648E-01   -0.132405    
     11.6647       -0.547924E-01   -0.129095    
     11.6650       -0.546540E-01   -0.128202    
     11.6653       -0.545099E-01   -0.127304    
     11.6667       -0.539209E-01   -0.123888    
     11.6683       -0.530332E-01   -0.119321    
     11.6697       -0.522570E-01   -0.115733    
     11.6700       -0.520356E-01   -0.114763    
     11.6703       -0.518078E-01   -0.113788    
     11.6717       -0.508967E-01   -0.110075    
     11.6733       -0.495695E-01   -0.105102    
     11.6747       -0.484412E-01   -0.101187    
     11.6750       -0.481237E-01   -0.100129    
     11.6753       -0.477987E-01   -0.990634E-01
     11.6767       -0.465136E-01   -0.950026E-01
     11.6783       -0.446757E-01   -0.895524E-01
     11.6797       -0.431374E-01   -0.852542E-01
     11.6800       -0.427078E-01   -0.840907E-01
     11.6803       -0.422696E-01   -0.829191E-01
     11.6817       -0.405484E-01   -0.784489E-01
     11.6833       -0.381138E-01   -0.724375E-01
     11.6847       -0.360958E-01   -0.676870E-01
     11.6850       -0.355349E-01   -0.663996E-01
     11.6853       -0.349640E-01   -0.651026E-01
     11.6867       -0.327311E-01   -0.601487E-01
     11.6883       -0.295949E-01   -0.534731E-01
     11.6897       -0.270117E-01   -0.481865E-01
     11.6900       -0.262960E-01   -0.467520E-01
     11.6903       -0.255685E-01   -0.453062E-01
     11.6917       -0.227309E-01   -0.397774E-01
     11.6933       -0.187639E-01   -0.323109E-01
     11.6947       -0.155096E-01   -0.263844E-01
     11.6950       -0.146098E-01   -0.247742E-01
     11.6953       -0.136960E-01   -0.231505E-01
     11.6967       -0.101382E-01   -0.169336E-01
     11.6983       -0.517867E-02   -0.851814E-02
     11.6997       -0.112054E-02   -0.182190E-02
     11.7000        0.229184E-14    0.270982E-14
