 Poloidal flux Psi
  rad  pla 
 1408 1006
 rho(m) Psi 
     0.00000         0.00000    
    0.138864E-02    0.271820E-04
    0.660019E-02    0.614120E-03
    0.133998E-01    0.253162E-02
    0.186114E-01    0.488444E-02
    0.200000E-01    0.564059E-02
    0.210276E-01    0.623544E-02
    0.248841E-01    0.873357E-02
    0.299159E-01    0.126253E-01
    0.337724E-01    0.160934E-01
    0.348000E-01    0.170883E-01
    0.358276E-01    0.181137E-01
    0.396841E-01    0.222282E-01
    0.447159E-01    0.282318E-01
    0.485724E-01    0.333209E-01
    0.496000E-01    0.347479E-01
    0.506276E-01    0.362060E-01
    0.544841E-01    0.419453E-01
    0.595159E-01    0.500728E-01
    0.633724E-01    0.567932E-01
    0.644000E-01    0.586550E-01
    0.654276E-01    0.605489E-01
    0.692841E-01    0.679243E-01
    0.743159E-01    0.781917E-01
    0.781724E-01    0.865564E-01
    0.792000E-01    0.888567E-01
    0.802276E-01    0.911899E-01
    0.840841E-01    0.100216    
    0.891159E-01    0.112642    
    0.929724E-01    0.122667    
    0.940000E-01    0.125409    
    0.950276E-01    0.128186    
    0.988841E-01    0.138879    
    0.103916        0.153487    
    0.107772        0.165189    
    0.108800        0.168379    
    0.109828        0.171605    
    0.113684        0.183982    
    0.118716        0.200796    
    0.122572        0.214195    
    0.123600        0.217838    
    0.124628        0.221517    
    0.128484        0.235600    
    0.133516        0.254647    
    0.137372        0.269763    
    0.138400        0.273864    
    0.139428        0.278003    
    0.143284        0.293812    
    0.148316        0.315120    
    0.152172        0.331975    
    0.153200        0.336540    
    0.154228        0.341144    
    0.158084        0.358701    
    0.163116        0.382299    
    0.166972        0.400916    
    0.168000        0.405951    
    0.169028        0.411027    
    0.172884        0.430354    
    0.177916        0.456270    
    0.181772        0.476672    
    0.182800        0.482182    
    0.183828        0.487735    
    0.187684        0.508856    
    0.192716        0.537120    
    0.196572        0.559328    
    0.197600        0.565321    
    0.198628        0.571357    
    0.202484        0.594293    
    0.207516        0.624934    
    0.211372        0.648971    
    0.212400        0.655451    
    0.213428        0.661976    
    0.217284        0.686749    
    0.222316        0.719795    
    0.226172        0.745682    
    0.227200        0.752655    
    0.228228        0.759675    
    0.232084        0.786306    
    0.237116        0.821785    
    0.240972        0.849542    
    0.242000        0.857013    
    0.243028        0.864534    
    0.246884        0.893043    
    0.251916        0.930981    
    0.255772        0.960627    
    0.256800        0.968603    
    0.257828        0.976629    
    0.261684         1.00704    
    0.266716         1.04746    
    0.270572         1.07901    
    0.271600         1.08750    
    0.272628         1.09603    
    0.276484         1.12836    
    0.281516         1.17128    
    0.285372         1.20477    
    0.286400         1.21376    
    0.287428         1.22281    
    0.291284         1.25707    
    0.296316         1.30253    
    0.300172         1.33795    
    0.301200         1.34747    
    0.302228         1.35704    
    0.306084         1.39324    
    0.311116         1.44125    
    0.314972         1.47864    
    0.316000         1.48867    
    0.317028         1.49877    
    0.320884         1.53694    
    0.325916         1.58751    
    0.329772         1.62687    
    0.330800         1.63744    
    0.331828         1.64806    
    0.335684         1.68820    
    0.340716         1.74137    
    0.344572         1.78271    
    0.345600         1.79381    
    0.346628         1.80496    
    0.350484         1.84710    
    0.355516         1.90286    
    0.359372         1.94621    
    0.360400         1.95784    
    0.361428         1.96952    
    0.365284         2.01367    
    0.370316         2.07205    
    0.374172         2.11741    
    0.375200         2.12957    
    0.376228         2.14179    
    0.380084         2.18795    
    0.385116         2.24898    
    0.388972         2.29635    
    0.390000         2.30906    
    0.391028         2.32182    
    0.394884         2.37000    
    0.399916         2.43367    
    0.403772         2.48308    
    0.404800         2.49633    
    0.405828         2.50963    
    0.409684         2.55985    
    0.414716         2.62618    
    0.418572         2.67763    
    0.419600         2.69142    
    0.420628         2.70527    
    0.424484         2.75754    
    0.429516         2.82654    
    0.433372         2.88004    
    0.434400         2.89437    
    0.435428         2.90877    
    0.439284         2.96309    
    0.444316         3.03477    
    0.448172         3.09033    
    0.449200         3.10521    
    0.450228         3.12016    
    0.454084         3.17654    
    0.459116         3.25091    
    0.462972         3.30854    
    0.464000         3.32397    
    0.465028         3.33946    
    0.468884         3.39791    
    0.473916         3.47498    
    0.477772         3.53468    
    0.478800         3.55066    
    0.479828         3.56671    
    0.483684         3.62723    
    0.488716         3.70701    
    0.492572         3.76878    
    0.493600         3.78532    
    0.494628         3.80192    
    0.498484         3.86452    
    0.503516         3.94701    
    0.507372         4.01086    
    0.508400         4.02795    
    0.509428         4.04511    
    0.513284         4.10979    
    0.518316         4.19500    
    0.522172         4.26093    
    0.523200         4.27858    
    0.524228         4.29629    
    0.528084         4.36306    
    0.533116         4.45099    
    0.536972         4.51901    
    0.538000         4.53721    
    0.539028         4.55548    
    0.542884         4.62433    
    0.547916         4.71499    
    0.551772         4.78510    
    0.552800         4.80386    
    0.553828         4.82268    
    0.557684         4.89363    
    0.562716         4.98701    
    0.566572         5.05921    
    0.567600         5.07852    
    0.568628         5.09790    
    0.572484         5.17094    
    0.577516         5.26705    
    0.581372         5.34134    
    0.582400         5.36121    
    0.583428         5.38115    
    0.587284         5.45627    
    0.592316         5.55510    
    0.596172         5.63148    
    0.597200         5.65191    
    0.598228         5.67241    
    0.602084         5.74962    
    0.607116         5.85118    
    0.610972         5.92964    
    0.612000         5.95063    
    0.613028         5.97168    
    0.616884         6.05098    
    0.621916         6.15526    
    0.625772         6.23581    
    0.626800         6.25735    
    0.627828         6.27896    
    0.631684         6.36034    
    0.636716         6.46733    
    0.640572         6.54996    
    0.641600         6.57206    
    0.642628         6.59422    
    0.646484         6.67768    
    0.651516         6.78739    
    0.655372         6.87209    
    0.656400         6.89474    
    0.657428         6.91746    
    0.661284         7.00299    
    0.666316         7.11540    
    0.670172         7.20218    
    0.671200         7.22538    
    0.672228         7.24864    
    0.676084         7.33624    
    0.681116         7.45135    
    0.684972         7.54019    
    0.686000         7.56394    
    0.687028         7.58775    
    0.690884         7.67742    
    0.695916         7.79521    
    0.699772         7.88610    
    0.700800         7.91040    
    0.701828         7.93476    
    0.705684         8.02648    
    0.710716         8.14694    
    0.714572         8.23989    
    0.715600         8.26473    
    0.716628         8.28964    
    0.720484         8.38340    
    0.725516         8.50652    
    0.729372         8.60151    
    0.730400         8.62689    
    0.731428         8.65234    
    0.735284         8.74813    
    0.740316         8.87391    
    0.744172         8.97092    
    0.745200         8.99685    
    0.746228         9.02283    
    0.750084         9.12065    
    0.755116         9.24906    
    0.758972         9.34809    
    0.760000         9.37455    
    0.761028         9.40107    
    0.764884         9.50090    
    0.769916         9.63194    
    0.773772         9.73297    
    0.774800         9.75997    
    0.775828         9.78702    
    0.779684         9.88885    
    0.784716         10.0225    
    0.788572         10.1255    
    0.789600         10.1530    
    0.790628         10.1806    
    0.794484         10.2844    
    0.799516         10.4207    
    0.803372         10.5257    
    0.804400         10.5537    
    0.805428         10.5818    
    0.809284         10.6876    
    0.814316         10.8264    
    0.818172         10.9334    
    0.819200         10.9619    
    0.820228         10.9906    
    0.824084         11.0983    
    0.829116         11.2396    
    0.832972         11.3486    
    0.834000         11.3777    
    0.835028         11.4068    
    0.838884         11.5165    
    0.843916         11.6604    
    0.847772         11.7712    
    0.848800         11.8008    
    0.849828         11.8305    
    0.853684         11.9421    
    0.858716         12.0885    
    0.862572         12.2012    
    0.863600         12.2313    
    0.864628         12.2615    
    0.868484         12.3750    
    0.873516         12.5239    
    0.877372         12.6386    
    0.878400         12.6692    
    0.879428         12.6999    
    0.883284         12.8153    
    0.888316         12.9666    
    0.892172         13.0831    
    0.893200         13.1143    
    0.894228         13.1455    
    0.898084         13.2627    
    0.903116         13.4165    
    0.906972         13.5349    
    0.908000         13.5665    
    0.909028         13.5982    
    0.912884         13.7174    
    0.917916         13.8735    
    0.921772         13.9938    
    0.922800         14.0259    
    0.923828         14.0581    
    0.927684         14.1791    
    0.932716         14.3376    
    0.936572         14.4597    
    0.937600         14.4923    
    0.938628         14.5250    
    0.942484         14.6478    
    0.947516         14.8087    
    0.951372         14.9326    
    0.952400         14.9657    
    0.953428         14.9988    
    0.957284         15.1234    
    0.962316         15.2867    
    0.966172         15.4124    
    0.967200         15.4460    
    0.968228         15.4796    
    0.972084         15.6060    
    0.977116         15.7716    
    0.980972         15.8990    
    0.982000         15.9331    
    0.983028         15.9671    
    0.986884         16.0953    
    0.991916         16.2632    
    0.995772         16.3924    
    0.996800         16.4269    
    0.997828         16.4614    
     1.00168         16.5913    
     1.00672         16.7615    
     1.01057         16.8924    
     1.01160         16.9274    
     1.01263         16.9624    
     1.01648         17.0940    
     1.02152         17.2664    
     1.02537         17.3990    
     1.02640         17.4345    
     1.02743         17.4699    
     1.03128         17.6032    
     1.03632         17.7778    
     1.04017         17.9122    
     1.04120         17.9480    
     1.04223         17.9839    
     1.04608         18.1190    
     1.05112         18.2957    
     1.05497         18.4318    
     1.05600         18.4681    
     1.05703         18.5044    
     1.06088         18.6411    
     1.06592         18.8200    
     1.06977         18.9577    
     1.07080         18.9944    
     1.07183         19.0312    
     1.07568         19.1695    
     1.08072         19.3506    
     1.08457         19.4899    
     1.08560         19.5271    
     1.08663         19.5643    
     1.09048         19.7042    
     1.09552         19.8874    
     1.09937         20.0283    
     1.10040         20.0659    
     1.10143         20.1035    
     1.10528         20.2450    
     1.11032         20.4303    
     1.11417         20.5728    
     1.11520         20.6108    
     1.11623         20.6488    
     1.12008         20.7919    
     1.12512         20.9793    
     1.12897         21.1233    
     1.13000         21.1617    
     1.13103         21.2002    
     1.13488         21.3449    
     1.13992         21.5342    
     1.14377         21.6798    
     1.14480         21.7186    
     1.14583         21.7575    
     1.14968         21.9037    
     1.15472         22.0950    
     1.15857         22.2421    
     1.15960         22.2813    
     1.16063         22.3206    
     1.16448         22.4683    
     1.16952         22.6616    
     1.17337         22.8102    
     1.17440         22.8499    
     1.17543         22.8895    
     1.17928         23.0387    
     1.18432         23.2339    
     1.18817         23.3840    
     1.18920         23.4241    
     1.19023         23.4641    
     1.19408         23.6148    
     1.19912         23.8119    
     1.20297         23.9634    
     1.20400         24.0038    
     1.20503         24.0443    
     1.20888         24.1964    
     1.21392         24.3954    
     1.21777         24.5483    
     1.21880         24.5892    
     1.21983         24.6300    
     1.22368         24.7835    
     1.22872         24.9844    
     1.23257         25.1387    
     1.23360         25.1799    
     1.23463         25.2211    
     1.23848         25.3760    
     1.24352         25.5787    
     1.24737         25.7344    
     1.24840         25.7760    
     1.24943         25.8176    
     1.25328         25.9739    
     1.25832         26.1783    
     1.26217         26.3354    
     1.26320         26.3774    
     1.26423         26.4193    
     1.26808         26.5770    
     1.27312         26.7832    
     1.27697         26.9416    
     1.27800         26.9839    
     1.27903         27.0262    
     1.28288         27.1852    
     1.28792         27.3931    
     1.29177         27.5529    
     1.29280         27.5955    
     1.29383         27.6382    
     1.29768         27.7985    
     1.30272         28.0081    
     1.30657         28.1692    
     1.30760         28.2122    
     1.30863         28.2551    
     1.31248         28.4167    
     1.31752         28.6280    
     1.32137         28.7904    
     1.32240         28.8337    
     1.32343         28.8770    
     1.32728         29.0399    
     1.33232         29.2528    
     1.33617         29.4164    
     1.33720         29.4601    
     1.33823         29.5037    
     1.34208         29.6678    
     1.34712         29.8824    
     1.35097         30.0472    
     1.35200         30.0912    
     1.35303         30.1352    
     1.35688         30.3005    
     1.36192         30.5166    
     1.36577         30.6826    
     1.36680         30.7269    
     1.36783         30.7712    
     1.37168         30.9377    
     1.37672         31.1554    
     1.38057         31.3227    
     1.38160         31.3673    
     1.38263         31.4119    
     1.38648         31.5796    
     1.39152         31.7988    
     1.39537         31.9672    
     1.39640         32.0121    
     1.39743         32.0570    
     1.40128         32.2258    
     1.40632         32.4465    
     1.41017         32.6161    
     1.41120         32.6613    
     1.41223         32.7065    
     1.41608         32.8765    
     1.42112         33.0986    
     1.42497         33.2692    
     1.42600         33.3148    
     1.42703         33.3603    
     1.43088         33.5313    
     1.43592         33.7550    
     1.43977         33.9267    
     1.44080         33.9725    
     1.44183         34.0183    
     1.44568         34.1904    
     1.45072         34.4154    
     1.45457         34.5882    
     1.45560         34.6343    
     1.45663         34.6804    
     1.46048         34.8536    
     1.46552         35.0800    
     1.46937         35.2538    
     1.47040         35.3002    
     1.47143         35.3465    
     1.47528         35.5208    
     1.48032         35.7485    
     1.48417         35.9233    
     1.48520         35.9700    
     1.48623         36.0166    
     1.49008         36.1918    
     1.49512         36.4209    
     1.49897         36.5967    
     1.50000         36.6436    
     1.50092         36.6858    
     1.50439         36.8441    
     1.50891         37.0510    
     1.51238         37.2099    
     1.51330         37.2522    
     1.51422         37.2946    
     1.51769         37.4537    
     1.52221         37.6616    
     1.52568         37.8212    
     1.52660         37.8638    
     1.52752         37.9063    
     1.53099         38.0662    
     1.53551         38.2752    
     1.53898         38.4355    
     1.53990         38.4783    
     1.54082         38.5210    
     1.54429         38.6817    
     1.54881         38.8915    
     1.55228         39.0526    
     1.55320         39.0956    
     1.55412         39.1385    
     1.55759         39.2999    
     1.56211         39.5107    
     1.56558         39.6725    
     1.56650         39.7157    
     1.56742         39.7588    
     1.57089         39.9209    
     1.57541         40.1326    
     1.57888         40.2951    
     1.57980         40.3385    
     1.58072         40.3818    
     1.58419         40.5446    
     1.58871         40.7572    
     1.59218         40.9204    
     1.59310         40.9639    
     1.59402         41.0074    
     1.59749         41.1709    
     1.60201         41.3844    
     1.60548         41.5483    
     1.60640         41.5920    
     1.60732         41.6356    
     1.61079         41.7998    
     1.61531         42.0141    
     1.61878         42.1786    
     1.61970         42.2225    
     1.62062         42.2664    
     1.62409         42.4311    
     1.62861         42.6463    
     1.63208         42.8114    
     1.63300         42.8555    
     1.63392         42.8995    
     1.63739         43.0649    
     1.64191         43.2809    
     1.64538         43.4466    
     1.64630         43.4909    
     1.64722         43.5350    
     1.65069         43.7010    
     1.65521         43.9178    
     1.65868         44.0842    
     1.65960         44.1285    
     1.66052         44.1729    
     1.66399         44.3394    
     1.66851         44.5570    
     1.67198         44.7239    
     1.67290         44.7685    
     1.67382         44.8129    
     1.67729         44.9801    
     1.68181         45.1984    
     1.68528         45.3659    
     1.68620         45.4106    
     1.68712         45.4552    
     1.69059         45.6229    
     1.69511         45.8419    
     1.69858         46.0100    
     1.69950         46.0548    
     1.70042         46.0996    
     1.70389         46.2678    
     1.70841         46.4875    
     1.71188         46.6561    
     1.71280         46.7010    
     1.71372         46.7459    
     1.71719         46.9147    
     1.72171         47.1351    
     1.72518         47.3042    
     1.72610         47.3493    
     1.72702         47.3943    
     1.73049         47.5636    
     1.73501         47.7846    
     1.73848         47.9542    
     1.73940         47.9994    
     1.74032         48.0446    
     1.74379         48.2143    
     1.74831         48.4360    
     1.75178         48.6060    
     1.75270         48.6514    
     1.75362         48.6967    
     1.75709         48.8669    
     1.76161         49.0892    
     1.76508         49.2597    
     1.76600         49.3052    
     1.76692         49.3506    
     1.77039         49.5213    
     1.77491         49.7441    
     1.77838         49.9150    
     1.77930         49.9606    
     1.78022         50.0062    
     1.78369         50.1773    
     1.78821         50.4007    
     1.79168         50.5720    
     1.79260         50.6177    
     1.79352         50.6634    
     1.79699         50.8349    
     1.80151         51.0589    
     1.80498         51.2306    
     1.80590         51.2764    
     1.80682         51.3222    
     1.81029         51.4941    
     1.81481         51.7186    
     1.81828         51.8907    
     1.81920         51.9366    
     1.82012         51.9825    
     1.82359         52.1548    
     1.82811         52.3797    
     1.83158         52.5522    
     1.83250         52.5982    
     1.83342         52.6442    
     1.83689         52.8169    
     1.84141         53.0423    
     1.84488         53.2151    
     1.84580         53.2612    
     1.84672         53.3073    
     1.85019         53.4803    
     1.85471         53.7062    
     1.85818         53.8794    
     1.85910         53.9255    
     1.86002         53.9717    
     1.86349         54.1450    
     1.86801         54.3713    
     1.87148         54.5448    
     1.87240         54.5911    
     1.87332         54.6373    
     1.87679         54.8109    
     1.88131         55.0376    
     1.88478         55.2114    
     1.88570         55.2578    
     1.88662         55.3041    
     1.89009         55.4780    
     1.89461         55.7050    
     1.89808         55.8791    
     1.89900         55.9256    
     1.89992         55.9719    
     1.90339         56.1461    
     1.90791         56.3735    
     1.91138         56.5479    
     1.91230         56.5944    
     1.91322         56.6408    
     1.91669         56.8153    
     1.92121         57.0430    
     1.92468         57.2176    
     1.92560         57.2642    
     1.92652         57.3107    
     1.92999         57.4854    
     1.93451         57.7134    
     1.93798         57.8882    
     1.93890         57.9348    
     1.93982         57.9814    
     1.94329         58.1563    
     1.94781         58.3846    
     1.95128         58.5597    
     1.95220         58.6063    
     1.95312         58.6530    
     1.95659         58.8281    
     1.96111         59.0566    
     1.96458         59.2319    
     1.96550         59.2786    
     1.96642         59.3253    
     1.96989         59.5006    
     1.97441         59.7293    
     1.97788         59.9047    
     1.97880         59.9515    
     1.97972         59.9982    
     1.98319         60.1737    
     1.98771         60.4027    
     1.99118         60.5783    
     1.99210         60.6251    
     1.99302         60.6718    
     1.99649         60.8474    
     2.00101         61.0766    
     2.00448         61.2523    
     2.00540         61.2992    
     2.00632         61.3460    
     2.00979         61.5217    
     2.01431         61.7511    
     2.01778         61.9269    
     2.01870         61.9738    
     2.01962         62.0206    
     2.02309         62.1964    
     2.02761         62.4259    
     2.03108         62.6018    
     2.03200         62.6488    
     2.03292         62.6956    
     2.03639         62.8716    
     2.04091         63.1012    
     2.04438         63.2772    
     2.04530         63.3241    
     2.04622         63.3710    
     2.04969         63.5470    
     2.05421         63.7767    
     2.05768         63.9528    
     2.05860         63.9997    
     2.05952         64.0466    
     2.06299         64.2227    
     2.06751         64.4524    
     2.07098         64.6286    
     2.07190         64.6755    
     2.07282         64.7224    
     2.07629         64.8985    
     2.08081         65.1284    
     2.08428         65.3045    
     2.08520         65.3515    
     2.08612         65.3984    
     2.08959         65.5745    
     2.09411         65.8044    
     2.09758         65.9805    
     2.09850         66.0275    
     2.09942         66.0744    
     2.10289         66.2505    
     2.10741         66.4804    
     2.11088         66.6565    
     2.11180         66.7035    
     2.11272         66.7504    
     2.11619         66.9265    
     2.12071         67.1563    
     2.12418         67.3325    
     2.12510         67.3794    
     2.12602         67.4263    
     2.12949         67.6024    
     2.13401         67.8322    
     2.13748         68.0083    
     2.13840         68.0552    
     2.13932         68.1021    
     2.14279         68.2782    
     2.14731         68.5079    
     2.15078         68.6839    
     2.15170         68.7308    
     2.15262         68.7777    
     2.15609         68.9537    
     2.16061         69.1833    
     2.16408         69.3592    
     2.16500         69.4061    
     2.16592         69.4530    
     2.16939         69.6289    
     2.17391         69.8584    
     2.17738         70.0342    
     2.17830         70.0811    
     2.17922         70.1279    
     2.18269         70.3037    
     2.18721         70.5331    
     2.19068         70.7088    
     2.19160         70.7557    
     2.19252         70.8024    
     2.19599         70.9781    
     2.20051         71.2073    
     2.20398         71.3829    
     2.20490         71.4297    
     2.20582         71.4765    
     2.20929         71.6520    
     2.21381         71.8810    
     2.21728         72.0564    
     2.21820         72.1032    
     2.21912         72.1499    
     2.22259         72.3253    
     2.22711         72.5541    
     2.23058         72.7294    
     2.23150         72.7761    
     2.23242         72.8228    
     2.23589         72.9980    
     2.24041         73.2265    
     2.24388         73.4016    
     2.24480         73.4483    
     2.24572         73.4949    
     2.24919         73.6699    
     2.25371         73.8982    
     2.25718         74.0731    
     2.25810         74.1197    
     2.25902         74.1662    
     2.26249         74.3410    
     2.26701         74.5690    
     2.27048         74.7437    
     2.27140         74.7903    
     2.27232         74.8368    
     2.27579         75.0113    
     2.28031         75.2390    
     2.28378         75.4135    
     2.28470         75.4600    
     2.28562         75.5064    
     2.28909         75.6807    
     2.29361         75.9081    
     2.29708         76.0822    
     2.29800         76.1287    
     2.29892         76.1750    
     2.30239         76.3491    
     2.30691         76.5761    
     2.31038         76.7500    
     2.31130         76.7963    
     2.31222         76.8426    
     2.31569         77.0164    
     2.32021         77.2430    
     2.32368         77.4166    
     2.32460         77.4629    
     2.32552         77.5091    
     2.32899         77.6826    
     2.33351         77.9088    
     2.33698         78.0821    
     2.33790         78.1283    
     2.33882         78.1744    
     2.34229         78.3475    
     2.34681         78.5733    
     2.35028         78.7463    
     2.35120         78.7924    
     2.35212         78.8384    
     2.35559         79.0112    
     2.36011         79.2365    
     2.36358         79.4092    
     2.36450         79.4552    
     2.36542         79.5011    
     2.36889         79.6736    
     2.37341         79.8984    
     2.37688         80.0707    
     2.37780         80.1166    
     2.37872         80.1624    
     2.38219         80.3345    
     2.38671         80.5589    
     2.39018         80.7307    
     2.39110         80.7765    
     2.39202         80.8222    
     2.39549         80.9939    
     2.40001         81.2178    
     2.40348         81.3892    
     2.40440         81.4349    
     2.40532         81.4806    
     2.40879         81.6518    
     2.41331         81.8751    
     2.41678         82.0462    
     2.41770         82.0918    
     2.41862         82.1373    
     2.42209         82.3081    
     2.42661         82.5309    
     2.43008         82.7014    
     2.43100         82.7469    
     2.43192         82.7923    
     2.43539         82.9627    
     2.43991         83.1848    
     2.44338         83.3550    
     2.44430         83.4003    
     2.44522         83.4456    
     2.44869         83.6155    
     2.45321         83.8371    
     2.45668         84.0067    
     2.45760         84.0519    
     2.45852         84.0971    
     2.46199         84.2665    
     2.46651         84.4874    
     2.46998         84.6566    
     2.47090         84.7017    
     2.47182         84.7467    
     2.47529         84.9156    
     2.47981         85.1358    
     2.48328         85.3045    
     2.48420         85.3494    
     2.48512         85.3943    
     2.48859         85.5627    
     2.49311         85.7823    
     2.49658         85.9504    
     2.49750         85.9952    
     2.49842         86.0399    
     2.50189         86.2078    
     2.50641         86.4266    
     2.50988         86.5942    
     2.51080         86.6389    
     2.51172         86.6834    
     2.51519         86.8508    
     2.51971         87.0689    
     2.52318         87.2359    
     2.52410         87.2804    
     2.52502         87.3248    
     2.52849         87.4916    
     2.53301         87.7089    
     2.53648         87.8753    
     2.53740         87.9197    
     2.53832         87.9640    
     2.54179         88.1301    
     2.54631         88.3467    
     2.54978         88.5125    
     2.55070         88.5567    
     2.55162         88.6008    
     2.55509         88.7664    
     2.55961         88.9821    
     2.56308         89.1473    
     2.56400         89.1913    
     2.56492         89.2353    
     2.56839         89.4002    
     2.57291         89.6151    
     2.57638         89.7797    
     2.57730         89.8235    
     2.57822         89.8673    
     2.58169         90.0316    
     2.58621         90.2457    
     2.58968         90.4096    
     2.59060         90.4532    
     2.59152         90.4968    
     2.59499         90.6604    
     2.59951         90.8737    
     2.60298         91.0369    
     2.60390         91.0804    
     2.60482         91.1238    
     2.60829         91.2867    
     2.61281         91.4990    
     2.61628         91.6615    
     2.61720         91.7049    
     2.61812         91.7481    
     2.62159         91.9103    
     2.62611         92.1217    
     2.62958         92.2835    
     2.63050         92.3266    
     2.63142         92.3697    
     2.63489         92.5312    
     2.63941         92.7416    
     2.64288         92.9027    
     2.64380         92.9456    
     2.64472         92.9884    
     2.64819         93.1492    
     2.65271         93.3587    
     2.65618         93.5190    
     2.65710         93.5618    
     2.65802         93.6044    
     2.66149         93.7644    
     2.66601         93.9729    
     2.66948         94.1325    
     2.67040         94.1750    
     2.67132         94.2174    
     2.67479         94.3767    
     2.67931         94.5841    
     2.68278         94.7429    
     2.68370         94.7852    
     2.68462         94.8274    
     2.68809         94.9859    
     2.69261         95.1923    
     2.69608         95.3503    
     2.69700         95.3924    
     2.69792         95.4344    
     2.70139         95.5920    
     2.70591         95.7974    
     2.70938         95.9546    
     2.71030         95.9965    
     2.71122         96.0382    
     2.71469         96.1951    
     2.71921         96.3993    
     2.72268         96.5557    
     2.72360         96.5973    
     2.72452         96.6389    
     2.72799         96.7948    
     2.73251         96.9980    
     2.73598         97.1535    
     2.73690         97.1949    
     2.73782         97.2362    
     2.74129         97.3913    
     2.74581         97.5934    
     2.74928         97.7480    
     2.75020         97.7892    
     2.75112         97.8303    
     2.75459         97.9845    
     2.75911         98.1854    
     2.76258         98.3391    
     2.76350         98.3800    
     2.76442         98.4209    
     2.76789         98.5742    
     2.77241         98.7739    
     2.77588         98.9267    
     2.77680         98.9674    
     2.77772         99.0080    
     2.78119         99.1604    
     2.78571         99.3589    
     2.78918         99.5108    
     2.79010         99.5513    
     2.79102         99.5916    
     2.79449         99.7431    
     2.79901         99.9404    
     2.80248         100.091    
     2.80340         100.132    
     2.80432         100.172    
     2.80779         100.322    
     2.81231         100.518    
     2.81578         100.668    
     2.81670         100.708    
     2.81762         100.748    
     2.82109         100.897    
     2.82561         101.092    
     2.82908         101.241    
     2.83000         101.281    
     2.83000         101.281    
     2.83030         101.293    
     2.83140         101.341    
     2.83285         101.403    
     2.83395         101.450    
     2.83425         101.463    
     2.83455         101.476    
     2.83565         101.523    
     2.83710         101.585    
     2.83820         101.632    
     2.83850         101.645    
     2.83880         101.658    
     2.83990         101.705    
     2.84135         101.767    
     2.84245         101.814    
     2.84275         101.826    
     2.84305         101.839    
     2.84415         101.886    
     2.84560         101.948    
     2.84670         101.995    
     2.84700         102.008    
     2.84730         102.020    
     2.84840         102.067    
     2.84985         102.129    
     2.85095         102.176    
     2.85125         102.188    
     2.85155         102.201    
     2.85265         102.248    
     2.85410         102.309    
     2.85520         102.356    
     2.85550         102.369    
     2.85580         102.381    
     2.85690         102.428    
     2.85835         102.489    
     2.85945         102.536    
     2.85975         102.549    
     2.86005         102.561    
     2.86115         102.608    
     2.86260         102.669    
     2.86370         102.716    
     2.86400         102.728    
     2.86430         102.741    
     2.86540         102.787    
     2.86685         102.848    
     2.86795         102.895    
     2.86825         102.908    
     2.86855         102.920    
     2.86965         102.967    
     2.87110         103.027    
     2.87220         103.074    
     2.87250         103.086    
     2.87280         103.099    
     2.87390         103.145    
     2.87535         103.206    
     2.87645         103.252    
     2.87675         103.265    
     2.87705         103.277    
     2.87815         103.324    
     2.87960         103.384    
     2.88070         103.431    
     2.88100         103.443    
     2.88130         103.455    
     2.88240         103.502    
     2.88385         103.562    
     2.88495         103.608    
     2.88525         103.621    
     2.88555         103.633    
     2.88665         103.679    
     2.88810         103.740    
     2.88920         103.786    
     2.88950         103.798    
     2.88980         103.810    
     2.89090         103.857    
     2.89235         103.917    
     2.89345         103.963    
     2.89375         103.975    
     2.89405         103.987    
     2.89515         104.033    
     2.89660         104.094    
     2.89770         104.140    
     2.89800         104.152    
     2.89830         104.164    
     2.89940         104.210    
     2.90085         104.270    
     2.90195         104.316    
     2.90225         104.328    
     2.90255         104.340    
     2.90365         104.386    
     2.90510         104.446    
     2.90620         104.492    
     2.90650         104.504    
     2.90680         104.516    
     2.90790         104.562    
     2.90935         104.622    
     2.91045         104.667    
     2.91075         104.680    
     2.91105         104.692    
     2.91215         104.737    
     2.91360         104.797    
     2.91470         104.843    
     2.91500         104.855    
     2.91530         104.867    
     2.91640         104.913    
     2.91785         104.972    
     2.91895         105.018    
     2.91925         105.030    
     2.91955         105.042    
     2.92065         105.087    
     2.92210         105.147    
     2.92320         105.192    
     2.92350         105.204    
     2.92380         105.216    
     2.92490         105.262    
     2.92635         105.321    
     2.92745         105.366    
     2.92775         105.378    
     2.92805         105.390    
     2.92915         105.436    
     2.93060         105.495    
     2.93170         105.540    
     2.93200         105.552    
     2.93230         105.564    
     2.93340         105.609    
     2.93485         105.668    
     2.93595         105.713    
     2.93625         105.725    
     2.93655         105.737    
     2.93765         105.783    
     2.93910         105.841    
     2.94020         105.886    
     2.94050         105.899    
     2.94080         105.910    
     2.94190         105.955    
     2.94335         106.014    
     2.94445         106.059    
     2.94475         106.071    
     2.94505         106.083    
     2.94615         106.128    
     2.94760         106.187    
     2.94870         106.232    
     2.94900         106.244    
     2.94930         106.255    
     2.95040         106.300    
     2.95185         106.359    
     2.95295         106.404    
     2.95325         106.416    
     2.95355         106.427    
     2.95465         106.472    
     2.95610         106.531    
     2.95720         106.575    
     2.95750         106.587    
     2.95780         106.599    
     2.95890         106.644    
     2.96035         106.702    
     2.96145         106.746    
     2.96175         106.758    
     2.96205         106.770    
     2.96315         106.815    
     2.96460         106.873    
     2.96570         106.917    
     2.96600         106.929    
     2.96630         106.941    
     2.96740         106.986    
     2.96885         107.044    
     2.96995         107.088    
     2.97025         107.100    
     2.97055         107.112    
     2.97165         107.156    
     2.97310         107.214    
     2.97420         107.258    
     2.97450         107.270    
     2.97480         107.282    
     2.97590         107.326    
     2.97735         107.384    
     2.97845         107.428    
     2.97875         107.440    
     2.97905         107.452    
     2.98015         107.496    
     2.98160         107.554    
     2.98270         107.598    
     2.98300         107.610    
     2.98330         107.621    
     2.98440         107.665    
     2.98585         107.723    
     2.98695         107.767    
     2.98725         107.779    
     2.98755         107.790    
     2.98865         107.834    
     2.99010         107.892    
     2.99120         107.936    
     2.99150         107.948    
     2.99180         107.959    
     2.99290         108.003    
     2.99435         108.060    
     2.99545         108.104    
     2.99575         108.116    
     2.99605         108.128    
     2.99715         108.172    
     2.99860         108.229    
     2.99970         108.273    
     3.00000         108.284    
     3.00000         108.284    
     3.00035         108.298    
     3.00165         108.349    
     3.00335         108.416    
     3.00465         108.468    
     3.00500         108.482    
     3.00535         108.495    
     3.00665         108.547    
     3.00835         108.614    
     3.00965         108.665    
     3.01000         108.679    
     3.01035         108.692    
     3.01165         108.743    
     3.01335         108.810    
     3.01465         108.861    
     3.01500         108.875    
     3.01535         108.889    
     3.01665         108.940    
     3.01835         109.006    
     3.01965         109.057    
     3.02000         109.071    
     3.02035         109.084    
     3.02165         109.135    
     3.02335         109.202    
     3.02465         109.253    
     3.02500         109.266    
     3.02535         109.280    
     3.02665         109.331    
     3.02835         109.397    
     3.02965         109.448    
     3.03000         109.461    
     3.03035         109.475    
     3.03165         109.526    
     3.03335         109.592    
     3.03465         109.642    
     3.03500         109.656    
     3.03535         109.669    
     3.03665         109.720    
     3.03835         109.786    
     3.03965         109.837    
     3.04000         109.850    
     3.04035         109.863    
     3.04165         109.914    
     3.04335         109.980    
     3.04465         110.030    
     3.04500         110.044    
     3.04535         110.057    
     3.04665         110.107    
     3.04835         110.173    
     3.04965         110.223    
     3.05000         110.237    
     3.05035         110.250    
     3.05165         110.300    
     3.05335         110.366    
     3.05465         110.416    
     3.05500         110.430    
     3.05535         110.443    
     3.05665         110.493    
     3.05835         110.558    
     3.05965         110.608    
     3.06000         110.622    
     3.06035         110.635    
     3.06165         110.685    
     3.06335         110.750    
     3.06465         110.800    
     3.06500         110.814    
     3.06535         110.827    
     3.06665         110.877    
     3.06835         110.942    
     3.06965         110.992    
     3.07000         111.005    
     3.07035         111.018    
     3.07165         111.068    
     3.07335         111.133    
     3.07465         111.182    
     3.07500         111.196    
     3.07535         111.209    
     3.07665         111.259    
     3.07835         111.323    
     3.07965         111.373    
     3.08000         111.386    
     3.08035         111.399    
     3.08165         111.449    
     3.08335         111.513    
     3.08465         111.563    
     3.08500         111.576    
     3.08535         111.589    
     3.08665         111.639    
     3.08835         111.703    
     3.08965         111.752    
     3.09000         111.766    
     3.09035         111.779    
     3.09165         111.828    
     3.09335         111.892    
     3.09465         111.941    
     3.09500         111.955    
     3.09535         111.968    
     3.09665         112.017    
     3.09835         112.081    
     3.09965         112.130    
     3.10000         112.143    
     3.10035         112.156    
     3.10165         112.205    
     3.10335         112.269    
     3.10465         112.318    
     3.10500         112.331    
     3.10535         112.344    
     3.10665         112.393    
     3.10835         112.457    
     3.10965         112.506    
     3.11000         112.519    
     3.11035         112.532    
     3.11165         112.581    
     3.11335         112.645    
     3.11465         112.693    
     3.11500         112.706    
     3.11535         112.719    
     3.11665         112.768    
     3.11835         112.831    
     3.11965         112.880    
     3.12000         112.893    
     3.12035         112.906    
     3.12165         112.955    
     3.12335         113.018    
     3.12465         113.066    
     3.12500         113.079    
     3.12535         113.092    
     3.12665         113.141    
     3.12835         113.204    
     3.12965         113.252    
     3.13000         113.265    
     3.13035         113.278    
     3.13165         113.327    
     3.13335         113.390    
     3.13465         113.438    
     3.13500         113.451    
     3.13535         113.464    
     3.13665         113.512    
     3.13835         113.575    
     3.13965         113.623    
     3.14000         113.636    
     3.14035         113.649    
     3.14165         113.697    
     3.14335         113.760    
     3.14465         113.808    
     3.14500         113.820    
     3.14535         113.833    
     3.14665         113.881    
     3.14835         113.944    
     3.14965         113.992    
     3.15000         114.005    
     3.15035         114.017    
     3.15165         114.065    
     3.15335         114.128    
     3.15465         114.176    
     3.15500         114.188    
     3.15535         114.201    
     3.15665         114.249    
     3.15835         114.311    
     3.15965         114.359    
     3.16000         114.372    
     3.16035         114.384    
     3.16165         114.432    
     3.16335         114.494    
     3.16465         114.542    
     3.16500         114.554    
     3.16535         114.567    
     3.16665         114.615    
     3.16835         114.677    
     3.16965         114.724    
     3.17000         114.737    
     3.17035         114.749    
     3.17165         114.797    
     3.17335         114.859    
     3.17465         114.906    
     3.17500         114.919    
     3.17535         114.931    
     3.17665         114.979    
     3.17835         115.040    
     3.17965         115.088    
     3.18000         115.100    
     3.18035         115.113    
     3.18165         115.160    
     3.18335         115.222    
     3.18465         115.269    
     3.18500         115.282    
     3.18535         115.294    
     3.18665         115.341    
     3.18835         115.403    
     3.18965         115.450    
     3.19000         115.462    
     3.19035         115.475    
     3.19165         115.522    
     3.19335         115.583    
     3.19465         115.630    
     3.19500         115.642    
     3.19535         115.655    
     3.19665         115.702    
     3.19835         115.763    
     3.19965         115.810    
     3.20000         115.822    
