 Safety factor
  rad  pla 
 1408 1006
 rho(m) q 
     0.00000         1.27926    
    0.138864E-02     1.27927    
    0.660019E-02     1.27931    
    0.133998E-01     1.27961    
    0.186114E-01     1.28002    
    0.200000E-01     1.28015    
    0.210276E-01     1.28026    
    0.248841E-01     1.28069    
    0.299159E-01     1.28134    
    0.337724E-01     1.28193    
    0.348000E-01     1.28210    
    0.358276E-01     1.28227    
    0.396841E-01     1.28296    
    0.447159E-01     1.28396    
    0.485724E-01     1.28481    
    0.496000E-01     1.28505    
    0.506276E-01     1.28529    
    0.544841E-01     1.28625    
    0.595159E-01     1.28759    
    0.633724E-01     1.28870    
    0.644000E-01     1.28901    
    0.654276E-01     1.28932    
    0.692841E-01     1.29054    
    0.743159E-01     1.29221    
    0.781724E-01     1.29358    
    0.792000E-01     1.29395    
    0.802276E-01     1.29433    
    0.840841E-01     1.29580    
    0.891159E-01     1.29780    
    0.929724E-01     1.29941    
    0.940000E-01     1.29985    
    0.950276E-01     1.30030    
    0.988841E-01     1.30201    
    0.103916         1.30432    
    0.107772         1.30617    
    0.108800         1.30667    
    0.109828         1.30718    
    0.113684         1.30912    
    0.118716         1.31174    
    0.122572         1.31381    
    0.123600         1.31437    
    0.124628         1.31494    
    0.128484         1.31710    
    0.133516         1.32000    
    0.137372         1.32228    
    0.138400         1.32290    
    0.139428         1.32352    
    0.143284         1.32588    
    0.148316         1.32905    
    0.152172         1.33153    
    0.153200         1.33220    
    0.154228         1.33287    
    0.158084         1.33542    
    0.163116         1.33883    
    0.166972         1.34149    
    0.168000         1.34221    
    0.169028         1.34293    
    0.172884         1.34565    
    0.177916         1.34928    
    0.181772         1.35210    
    0.182800         1.35286    
    0.183828         1.35362    
    0.187684         1.35650    
    0.192716         1.36032    
    0.196572         1.36328    
    0.197600         1.36408    
    0.198628         1.36488    
    0.202484         1.36790    
    0.207516         1.37188    
    0.211372         1.37497    
    0.212400         1.37580    
    0.213428         1.37662    
    0.217284         1.37976    
    0.222316         1.38388    
    0.226172         1.38707    
    0.227200         1.38792    
    0.228228         1.38878    
    0.232084         1.39200    
    0.237116         1.39623    
    0.240972         1.39950    
    0.242000         1.40037    
    0.243028         1.40125    
    0.246884         1.40454    
    0.251916         1.40886    
    0.255772         1.41218    
    0.256800         1.41307    
    0.257828         1.41396    
    0.261684         1.41730    
    0.266716         1.42167    
    0.270572         1.42502    
    0.271600         1.42592    
    0.272628         1.42681    
    0.276484         1.43018    
    0.281516         1.43457    
    0.285372         1.43794    
    0.286400         1.43884    
    0.287428         1.43974    
    0.291284         1.44311    
    0.296316         1.44749    
    0.300172         1.45085    
    0.301200         1.45175    
    0.302228         1.45264    
    0.306084         1.45599    
    0.311116         1.46035    
    0.314972         1.46368    
    0.316000         1.46456    
    0.317028         1.46545    
    0.320884         1.46876    
    0.325916         1.47306    
    0.329772         1.47634    
    0.330800         1.47721    
    0.331828         1.47808    
    0.335684         1.48134    
    0.340716         1.48555    
    0.344572         1.48877    
    0.345600         1.48962    
    0.346628         1.49047    
    0.350484         1.49365    
    0.355516         1.49776    
    0.359372         1.50089    
    0.360400         1.50172    
    0.361428         1.50255    
    0.365284         1.50564    
    0.370316         1.50963    
    0.374172         1.51266    
    0.375200         1.51346    
    0.376228         1.51426    
    0.380084         1.51725    
    0.385116         1.52110    
    0.388972         1.52402    
    0.390000         1.52479    
    0.391028         1.52556    
    0.394884         1.52843    
    0.399916         1.53212    
    0.403772         1.53492    
    0.404800         1.53566    
    0.405828         1.53639    
    0.409684         1.53914    
    0.414716         1.54267    
    0.418572         1.54533    
    0.419600         1.54603    
    0.420628         1.54673    
    0.424484         1.54934    
    0.429516         1.55270    
    0.433372         1.55522    
    0.434400         1.55589    
    0.435428         1.55655    
    0.439284         1.55902    
    0.444316         1.56219    
    0.448172         1.56457    
    0.449200         1.56520    
    0.450228         1.56583    
    0.454084         1.56816    
    0.459116         1.57114    
    0.462972         1.57338    
    0.464000         1.57397    
    0.465028         1.57455    
    0.468884         1.57674    
    0.473916         1.57952    
    0.477772         1.58162    
    0.478800         1.58217    
    0.479828         1.58272    
    0.483684         1.58476    
    0.488716         1.58736    
    0.492572         1.58931    
    0.493600         1.58982    
    0.494628         1.59033    
    0.498484         1.59222    
    0.503516         1.59464    
    0.507372         1.59644    
    0.508400         1.59692    
    0.509428         1.59739    
    0.513284         1.59914    
    0.518316         1.60138    
    0.522172         1.60304    
    0.523200         1.60348    
    0.524228         1.60392    
    0.528084         1.60554    
    0.533116         1.60759    
    0.536972         1.60913    
    0.538000         1.60953    
    0.539028         1.60994    
    0.542884         1.61142    
    0.547916         1.61331    
    0.551772         1.61472    
    0.552800         1.61509    
    0.553828         1.61546    
    0.557684         1.61682    
    0.562716         1.61855    
    0.566572         1.61984    
    0.567600         1.62018    
    0.568628         1.62052    
    0.572484         1.62177    
    0.577516         1.62335    
    0.581372         1.62453    
    0.582400         1.62484    
    0.583428         1.62515    
    0.587284         1.62629    
    0.592316         1.62774    
    0.596172         1.62881    
    0.597200         1.62910    
    0.598228         1.62938    
    0.602084         1.63042    
    0.607116         1.63174    
    0.610972         1.63273    
    0.612000         1.63298    
    0.613028         1.63324    
    0.616884         1.63419    
    0.621916         1.63540    
    0.625772         1.63630    
    0.626800         1.63654    
    0.627828         1.63677    
    0.631684         1.63765    
    0.636716         1.63875    
    0.640572         1.63958    
    0.641600         1.63980    
    0.642628         1.64001    
    0.646484         1.64081    
    0.651516         1.64183    
    0.655372         1.64260    
    0.656400         1.64280    
    0.657428         1.64300    
    0.661284         1.64374    
    0.666316         1.64468    
    0.670172         1.64539    
    0.671200         1.64557    
    0.672228         1.64576    
    0.676084         1.64645    
    0.681116         1.64733    
    0.684972         1.64799    
    0.686000         1.64816    
    0.687028         1.64834    
    0.690884         1.64898    
    0.695916         1.64981    
    0.699772         1.65043    
    0.700800         1.65060    
    0.701828         1.65076    
    0.705684         1.65137    
    0.710716         1.65216    
    0.714572         1.65275    
    0.715600         1.65291    
    0.716628         1.65307    
    0.720484         1.65365    
    0.725516         1.65441    
    0.729372         1.65499    
    0.730400         1.65514    
    0.731428         1.65529    
    0.735284         1.65586    
    0.740316         1.65660    
    0.744172         1.65716    
    0.745200         1.65731    
    0.746228         1.65746    
    0.750084         1.65801    
    0.755116         1.65874    
    0.758972         1.65930    
    0.760000         1.65945    
    0.761028         1.65959    
    0.764884         1.66015    
    0.769916         1.66087    
    0.773772         1.66143    
    0.774800         1.66158    
    0.775828         1.66173    
    0.779684         1.66229    
    0.784716         1.66302    
    0.788572         1.66358    
    0.789600         1.66374    
    0.790628         1.66389    
    0.794484         1.66445    
    0.799516         1.66520    
    0.803372         1.66578    
    0.804400         1.66593    
    0.805428         1.66609    
    0.809284         1.66667    
    0.814316         1.66744    
    0.818172         1.66804    
    0.819200         1.66819    
    0.820228         1.66835    
    0.824084         1.66896    
    0.829116         1.66975    
    0.832972         1.67037    
    0.834000         1.67054    
    0.835028         1.67070    
    0.838884         1.67133    
    0.843916         1.67216    
    0.847772         1.67281    
    0.848800         1.67298    
    0.849828         1.67315    
    0.853684         1.67381    
    0.858716         1.67468    
    0.862572         1.67535    
    0.863600         1.67554    
    0.864628         1.67572    
    0.868484         1.67641    
    0.873516         1.67732    
    0.877372         1.67803    
    0.878400         1.67822    
    0.879428         1.67841    
    0.883284         1.67913    
    0.888316         1.68009    
    0.892172         1.68084    
    0.893200         1.68104    
    0.894228         1.68124    
    0.898084         1.68200    
    0.903116         1.68301    
    0.906972         1.68379    
    0.908000         1.68400    
    0.909028         1.68422    
    0.912884         1.68502    
    0.917916         1.68608    
    0.921772         1.68691    
    0.922800         1.68713    
    0.923828         1.68735    
    0.927684         1.68819    
    0.932716         1.68931    
    0.936572         1.69018    
    0.937600         1.69042    
    0.938628         1.69065    
    0.942484         1.69154    
    0.947516         1.69271    
    0.951372         1.69363    
    0.952400         1.69387    
    0.953428         1.69412    
    0.957284         1.69505    
    0.962316         1.69629    
    0.966172         1.69725    
    0.967200         1.69751    
    0.968228         1.69777    
    0.972084         1.69875    
    0.977116         1.70004    
    0.980972         1.70105    
    0.982000         1.70132    
    0.983028         1.70159    
    0.986884         1.70262    
    0.991916         1.70398    
    0.995772         1.70503    
    0.996800         1.70532    
    0.997828         1.70560    
     1.00168         1.70668    
     1.00672         1.70810    
     1.01057         1.70920    
     1.01160         1.70950    
     1.01263         1.70980    
     1.01648         1.71092    
     1.02152         1.71241    
     1.02537         1.71356    
     1.02640         1.71387    
     1.02743         1.71418    
     1.03128         1.71536    
     1.03632         1.71691    
     1.04017         1.71811    
     1.04120         1.71843    
     1.04223         1.71876    
     1.04608         1.71998    
     1.05112         1.72160    
     1.05497         1.72285    
     1.05600         1.72319    
     1.05703         1.72352    
     1.06088         1.72480    
     1.06592         1.72648    
     1.06977         1.72778    
     1.07080         1.72813    
     1.07183         1.72848    
     1.07568         1.72980    
     1.08072         1.73155    
     1.08457         1.73290    
     1.08560         1.73327    
     1.08663         1.73363    
     1.09048         1.73500    
     1.09552         1.73682    
     1.09937         1.73822    
     1.10040         1.73860    
     1.10143         1.73897    
     1.10528         1.74040    
     1.11032         1.74228    
     1.11417         1.74373    
     1.11520         1.74412    
     1.11623         1.74451    
     1.12008         1.74598    
     1.12512         1.74793    
     1.12897         1.74943    
     1.13000         1.74983    
     1.13103         1.75024    
     1.13488         1.75176    
     1.13992         1.75377    
     1.14377         1.75532    
     1.14480         1.75574    
     1.14583         1.75616    
     1.14968         1.75773    
     1.15472         1.75981    
     1.15857         1.76141    
     1.15960         1.76184    
     1.16063         1.76227    
     1.16448         1.76390    
     1.16952         1.76603    
     1.17337         1.76769    
     1.17440         1.76813    
     1.17543         1.76858    
     1.17928         1.77025    
     1.18432         1.77245    
     1.18817         1.77416    
     1.18920         1.77461    
     1.19023         1.77507    
     1.19408         1.77680    
     1.19912         1.77906    
     1.20297         1.78082    
     1.20400         1.78129    
     1.20503         1.78176    
     1.20888         1.78353    
     1.21392         1.78587    
     1.21777         1.78767    
     1.21880         1.78815    
     1.21983         1.78864    
     1.22368         1.79046    
     1.22872         1.79286    
     1.23257         1.79471    
     1.23360         1.79521    
     1.23463         1.79571    
     1.23848         1.79758    
     1.24352         1.80004    
     1.24737         1.80195    
     1.24840         1.80245    
     1.24943         1.80297    
     1.25328         1.80489    
     1.25832         1.80742    
     1.26217         1.80937    
     1.26320         1.80989    
     1.26423         1.81042    
     1.26808         1.81239    
     1.27312         1.81498    
     1.27697         1.81698    
     1.27800         1.81752    
     1.27903         1.81806    
     1.28288         1.82008    
     1.28792         1.82274    
     1.29177         1.82479    
     1.29280         1.82534    
     1.29383         1.82589    
     1.29768         1.82796    
     1.30272         1.83068    
     1.30657         1.83278    
     1.30760         1.83335    
     1.30863         1.83391    
     1.31248         1.83603    
     1.31752         1.83882    
     1.32137         1.84097    
     1.32240         1.84155    
     1.32343         1.84212    
     1.32728         1.84429    
     1.33232         1.84715    
     1.33617         1.84935    
     1.33720         1.84994    
     1.33823         1.85053    
     1.34208         1.85275    
     1.34712         1.85567    
     1.35097         1.85792    
     1.35200         1.85852    
     1.35303         1.85912    
     1.35688         1.86140    
     1.36192         1.86438    
     1.36577         1.86668    
     1.36680         1.86730    
     1.36783         1.86791    
     1.37168         1.87024    
     1.37672         1.87329    
     1.38057         1.87564    
     1.38160         1.87627    
     1.38263         1.87690    
     1.38648         1.87927    
     1.39152         1.88239    
     1.39537         1.88479    
     1.39640         1.88543    
     1.39743         1.88608    
     1.40128         1.88850    
     1.40632         1.89168    
     1.41017         1.89414    
     1.41120         1.89479    
     1.41223         1.89545    
     1.41608         1.89792    
     1.42112         1.90117    
     1.42497         1.90368    
     1.42600         1.90435    
     1.42703         1.90502    
     1.43088         1.90755    
     1.43592         1.91086    
     1.43977         1.91342    
     1.44080         1.91410    
     1.44183         1.91479    
     1.44568         1.91737    
     1.45072         1.92075    
     1.45457         1.92336    
     1.45560         1.92406    
     1.45663         1.92476    
     1.46048         1.92739    
     1.46552         1.93084    
     1.46937         1.93350    
     1.47040         1.93421    
     1.47143         1.93493    
     1.47528         1.93761    
     1.48032         1.94113    
     1.48417         1.94385    
     1.48520         1.94457    
     1.48623         1.94530    
     1.49008         1.94803    
     1.49512         1.95162    
     1.49897         1.95439    
     1.50000         1.95513    
     1.50092         1.95580    
     1.50439         1.95830    
     1.50891         1.96159    
     1.51238         1.96412    
     1.51330         1.96480    
     1.51422         1.96548    
     1.51769         1.96803    
     1.52221         1.97137    
     1.52568         1.97394    
     1.52660         1.97463    
     1.52752         1.97532    
     1.53099         1.97792    
     1.53551         1.98132    
     1.53898         1.98394    
     1.53990         1.98464    
     1.54082         1.98534    
     1.54429         1.98798    
     1.54881         1.99143    
     1.55228         1.99410    
     1.55320         1.99481    
     1.55412         1.99552    
     1.55759         1.99821    
     1.56211         2.00172    
     1.56558         2.00443    
     1.56650         2.00516    
     1.56742         2.00588    
     1.57089         2.00861    
     1.57541         2.01219    
     1.57888         2.01494    
     1.57980         2.01568    
     1.58072         2.01641    
     1.58419         2.01919    
     1.58871         2.02282    
     1.59218         2.02563    
     1.59310         2.02637    
     1.59402         2.02712    
     1.59749         2.02994    
     1.60201         2.03364    
     1.60548         2.03649    
     1.60640         2.03725    
     1.60732         2.03801    
     1.61079         2.04088    
     1.61531         2.04463    
     1.61878         2.04753    
     1.61970         2.04830    
     1.62062         2.04908    
     1.62409         2.05199    
     1.62861         2.05581    
     1.63208         2.05875    
     1.63300         2.05954    
     1.63392         2.06032    
     1.63739         2.06329    
     1.64191         2.06717    
     1.64538         2.07016    
     1.64630         2.07096    
     1.64722         2.07176    
     1.65069         2.07477    
     1.65521         2.07871    
     1.65868         2.08175    
     1.65960         2.08256    
     1.66052         2.08337    
     1.66399         2.08643    
     1.66851         2.09044    
     1.67198         2.09353    
     1.67290         2.09435    
     1.67382         2.09518    
     1.67729         2.09829    
     1.68181         2.10236    
     1.68528         2.10550    
     1.68620         2.10634    
     1.68712         2.10718    
     1.69059         2.11034    
     1.69511         2.11447    
     1.69858         2.11766    
     1.69950         2.11851    
     1.70042         2.11937    
     1.70389         2.12258    
     1.70841         2.12678    
     1.71188         2.13002    
     1.71280         2.13089    
     1.71372         2.13175    
     1.71719         2.13501    
     1.72171         2.13929    
     1.72518         2.14258    
     1.72610         2.14346    
     1.72702         2.14434    
     1.73049         2.14765    
     1.73501         2.15199    
     1.73848         2.15533    
     1.73940         2.15623    
     1.74032         2.15712    
     1.74379         2.16048    
     1.74831         2.16490    
     1.75178         2.16829    
     1.75270         2.16920    
     1.75362         2.17011    
     1.75709         2.17353    
     1.76161         2.17801    
     1.76508         2.18146    
     1.76600         2.18238    
     1.76692         2.18330    
     1.77039         2.18677    
     1.77491         2.19133    
     1.77838         2.19483    
     1.77930         2.19577    
     1.78022         2.19671    
     1.78369         2.20023    
     1.78821         2.20486    
     1.79168         2.20842    
     1.79260         2.20937    
     1.79352         2.21032    
     1.79699         2.21390    
     1.80151         2.21860    
     1.80498         2.22222    
     1.80590         2.22318    
     1.80682         2.22415    
     1.81029         2.22779    
     1.81481         2.23256    
     1.81828         2.23624    
     1.81920         2.23722    
     1.82012         2.23820    
     1.82359         2.24190    
     1.82811         2.24675    
     1.83158         2.25048    
     1.83250         2.25147    
     1.83342         2.25247    
     1.83689         2.25623    
     1.84141         2.26115    
     1.84488         2.26494    
     1.84580         2.26596    
     1.84672         2.26697    
     1.85019         2.27078    
     1.85471         2.27579    
     1.85818         2.27964    
     1.85910         2.28066    
     1.86002         2.28169    
     1.86349         2.28557    
     1.86801         2.29065    
     1.87148         2.29456    
     1.87240         2.29561    
     1.87332         2.29665    
     1.87679         2.30059    
     1.88131         2.30575    
     1.88478         2.30972    
     1.88570         2.31078    
     1.88662         2.31185    
     1.89009         2.31585    
     1.89461         2.32109    
     1.89808         2.32512    
     1.89900         2.32620    
     1.89992         2.32728    
     1.90339         2.33134    
     1.90791         2.33667    
     1.91138         2.34077    
     1.91230         2.34186    
     1.91322         2.34296    
     1.91669         2.34708    
     1.92121         2.35249    
     1.92468         2.35666    
     1.92560         2.35777    
     1.92652         2.35888    
     1.92999         2.36308    
     1.93451         2.36857    
     1.93798         2.37280    
     1.93890         2.37393    
     1.93982         2.37506    
     1.94329         2.37932    
     1.94781         2.38490    
     1.95128         2.38920    
     1.95220         2.39035    
     1.95312         2.39150    
     1.95659         2.39582    
     1.96111         2.40149    
     1.96458         2.40586    
     1.96550         2.40703    
     1.96642         2.40819    
     1.96989         2.41259    
     1.97441         2.41835    
     1.97788         2.42278    
     1.97880         2.42397    
     1.97972         2.42515    
     1.98319         2.42962    
     1.98771         2.43547    
     1.99118         2.43998    
     1.99210         2.44118    
     1.99302         2.44239    
     1.99649         2.44692    
     2.00101         2.45287    
     2.00448         2.45744    
     2.00540         2.45867    
     2.00632         2.45989    
     2.00979         2.46450    
     2.01431         2.47054    
     2.01778         2.47519    
     2.01870         2.47643    
     2.01962         2.47768    
     2.02309         2.48236    
     2.02761         2.48850    
     2.03108         2.49322    
     2.03200         2.49448    
     2.03292         2.49575    
     2.03639         2.50051    
     2.04091         2.50674    
     2.04438         2.51154    
     2.04530         2.51283    
     2.04622         2.51411    
     2.04969         2.51894    
     2.05421         2.52528    
     2.05768         2.53016    
     2.05860         2.53146    
     2.05952         2.53277    
     2.06299         2.53768    
     2.06751         2.54412    
     2.07098         2.54908    
     2.07190         2.55040    
     2.07282         2.55173    
     2.07629         2.55672    
     2.08081         2.56326    
     2.08428         2.56830    
     2.08520         2.56965    
     2.08612         2.57099    
     2.08959         2.57607    
     2.09411         2.58271    
     2.09758         2.58784    
     2.09850         2.58920    
     2.09942         2.59057    
     2.10289         2.59573    
     2.10741         2.60248    
     2.11088         2.60769    
     2.11180         2.60908    
     2.11272         2.61047    
     2.11619         2.61571    
     2.12071         2.62258    
     2.12418         2.62787    
     2.12510         2.62928    
     2.12602         2.63070    
     2.12949         2.63602    
     2.13401         2.64300    
     2.13748         2.64838    
     2.13840         2.64981    
     2.13932         2.65125    
     2.14279         2.65666    
     2.14731         2.66376    
     2.15078         2.66923    
     2.15170         2.67069    
     2.15262         2.67215    
     2.15609         2.67765    
     2.16061         2.68486    
     2.16408         2.69042    
     2.16500         2.69190    
     2.16592         2.69339    
     2.16939         2.69898    
     2.17391         2.70631    
     2.17738         2.71196    
     2.17830         2.71347    
     2.17922         2.71498    
     2.18269         2.72067    
     2.18721         2.72812    
     2.19068         2.73387    
     2.19160         2.73540    
     2.19252         2.73694    
     2.19599         2.74272    
     2.20051         2.75030    
     2.20398         2.75614    
     2.20490         2.75770    
     2.20582         2.75926    
     2.20929         2.76514    
     2.21381         2.77284    
     2.21728         2.77878    
     2.21820         2.78037    
     2.21912         2.78196    
     2.22259         2.78793    
     2.22711         2.79577    
     2.23058         2.80181    
     2.23150         2.80342    
     2.23242         2.80504    
     2.23589         2.81112    
     2.24041         2.81909    
     2.24388         2.82523    
     2.24480         2.82687    
     2.24572         2.82851    
     2.24919         2.83469    
     2.25371         2.84280    
     2.25718         2.84904    
     2.25810         2.85071    
     2.25902         2.85238    
     2.26249         2.85867    
     2.26701         2.86692    
     2.27048         2.87327    
     2.27140         2.87497    
     2.27232         2.87667    
     2.27579         2.88306    
     2.28031         2.89145    
     2.28378         2.89791    
     2.28470         2.89964    
     2.28562         2.90137    
     2.28909         2.90787    
     2.29361         2.91640    
     2.29708         2.92298    
     2.29800         2.92474    
     2.29892         2.92649    
     2.30239         2.93311    
     2.30691         2.94179    
     2.31038         2.94848    
     2.31130         2.95027    
     2.31222         2.95206    
     2.31569         2.95880    
     2.32021         2.96763    
     2.32368         2.97443    
     2.32460         2.97625    
     2.32552         2.97807    
     2.32899         2.98493    
     2.33351         2.99392    
     2.33698         3.00084    
     2.33790         3.00269    
     2.33882         3.00454    
     2.34229         3.01152    
     2.34681         3.02067    
     2.35028         3.02772    
     2.35120         3.02960    
     2.35212         3.03148    
     2.35559         3.03858    
     2.36011         3.04789    
     2.36358         3.05507    
     2.36450         3.05698    
     2.36542         3.05890    
     2.36889         3.06613    
     2.37341         3.07561    
     2.37688         3.08291    
     2.37780         3.08486    
     2.37872         3.08682    
     2.38219         3.09417    
     2.38671         3.10382    
     2.39018         3.11125    
     2.39110         3.11324    
     2.39202         3.11523    
     2.39549         3.12272    
     2.40001         3.13254    
     2.40348         3.14011    
     2.40440         3.14213    
     2.40532         3.14416    
     2.40879         3.15178    
     2.41331         3.16178    
     2.41678         3.16949    
     2.41770         3.17155    
     2.41862         3.17361    
     2.42209         3.18138    
     2.42661         3.19156    
     2.43008         3.19941    
     2.43100         3.20151    
     2.43192         3.20361    
     2.43539         3.21152    
     2.43991         3.22189    
     2.44338         3.22989    
     2.44430         3.23202    
     2.44522         3.23416    
     2.44869         3.24222    
     2.45321         3.25278    
     2.45668         3.26093    
     2.45760         3.26310    
     2.45852         3.26528    
     2.46199         3.27349    
     2.46651         3.28425    
     2.46998         3.29255    
     2.47090         3.29477    
     2.47182         3.29699    
     2.47529         3.30534    
     2.47981         3.31631    
     2.48328         3.32477    
     2.48420         3.32702    
     2.48512         3.32929    
     2.48859         3.33780    
     2.49311         3.34898    
     2.49658         3.35759    
     2.49750         3.35990    
     2.49842         3.36220    
     2.50189         3.37088    
     2.50641         3.38227    
     2.50988         3.39105    
     2.51080         3.39340    
     2.51172         3.39575    
     2.51519         3.40459    
     2.51971         3.41620    
     2.52318         3.42515    
     2.52410         3.42754    
     2.52502         3.42994    
     2.52849         3.43895    
     2.53301         3.45079    
     2.53648         3.45991    
     2.53740         3.46235    
     2.53832         3.46479    
     2.54179         3.47398    
     2.54631         3.48605    
     2.54978         3.49535    
     2.55070         3.49784    
     2.55162         3.50033    
     2.55509         3.50970    
     2.55961         3.52200    
     2.56308         3.53149    
     2.56400         3.53402    
     2.56492         3.53656    
     2.56839         3.54612    
     2.57291         3.55867    
     2.57638         3.56834    
     2.57730         3.57093    
     2.57822         3.57352    
     2.58169         3.58327    
     2.58621         3.59606    
     2.58968         3.60593    
     2.59060         3.60857    
     2.59152         3.61121    
     2.59499         3.62116    
     2.59951         3.63421    
     2.60298         3.64428    
     2.60390         3.64697    
     2.60482         3.64967    
     2.60829         3.65982    
     2.61281         3.67314    
     2.61628         3.68341    
     2.61720         3.68616    
     2.61812         3.68891    
     2.62159         3.69926    
     2.62611         3.71286    
     2.62958         3.72334    
     2.63050         3.72614    
     2.63142         3.72895    
     2.63489         3.73952    
     2.63941         3.75339    
     2.64288         3.76409    
     2.64380         3.76695    
     2.64472         3.76982    
     2.64819         3.78061    
     2.65271         3.79477    
     2.65618         3.80570    
     2.65710         3.80862    
     2.65802         3.81154    
     2.66149         3.82256    
     2.66601         3.83702    
     2.66948         3.84817    
     2.67040         3.85116    
     2.67132         3.85414    
     2.67479         3.86539    
     2.67931         3.88016    
     2.68278         3.89155    
     2.68370         3.89460    
     2.68462         3.89765    
     2.68809         3.90914    
     2.69261         3.92422    
     2.69608         3.93586    
     2.69700         3.93897    
     2.69792         3.94208    
     2.70139         3.95382    
     2.70591         3.96923    
     2.70938         3.98112    
     2.71030         3.98430    
     2.71122         3.98748    
     2.71469         3.99947    
     2.71921         4.01522    
     2.72268         4.02736    
     2.72360         4.03061    
     2.72452         4.03386    
     2.72799         4.04612    
     2.73251         4.06221    
     2.73598         4.07463    
     2.73690         4.07795    
     2.73782         4.08127    
     2.74129         4.09380    
     2.74581         4.11025    
     2.74928         4.12294    
     2.75020         4.12633    
     2.75112         4.12973    
     2.75459         4.14253    
     2.75911         4.15935    
     2.76258         4.17233    
     2.76350         4.17580    
     2.76442         4.17928    
     2.76789         4.19237    
     2.77241         4.20957    
     2.77588         4.22284    
     2.77680         4.22639    
     2.77772         4.22994    
     2.78119         4.24333    
     2.78571         4.26093    
     2.78918         4.27450    
     2.79010         4.27813    
     2.79102         4.28177    
     2.79449         4.29547    
     2.79901         4.31347    
     2.80248         4.32736    
     2.80340         4.33107    
     2.80432         4.33479    
     2.80779         4.34881    
     2.81231         4.36723    
     2.81578         4.38144    
     2.81670         4.38524    
     2.81762         4.38905    
     2.82109         4.40340    
     2.82561         4.42225    
     2.82908         4.43680    
     2.83000         4.44069    
     2.83000         4.44069    
     2.83030         4.44197    
     2.83140         4.44675    
     2.83285         4.45301    
     2.83395         4.45780    
     2.83425         4.45908    
     2.83455         4.46036    
     2.83565         4.46517    
     2.83710         4.47144    
     2.83820         4.47626    
     2.83850         4.47754    
     2.83880         4.47882    
     2.83990         4.48365    
     2.84135         4.48994    
     2.84245         4.49478    
     2.84275         4.49607    
     2.84305         4.49735    
     2.84415         4.50219    
     2.84560         4.50851    
     2.84670         4.51336    
     2.84700         4.51466    
     2.84730         4.51595    
     2.84840         4.52081    
     2.84985         4.52715    
     2.85095         4.53202    
     2.85125         4.53332    
     2.85155         4.53461    
     2.85265         4.53949    
     2.85410         4.54586    
     2.85520         4.55074    
     2.85550         4.55204    
     2.85580         4.55335    
     2.85690         4.55824    
     2.85835         4.56463    
     2.85945         4.56953    
     2.85975         4.57084    
     2.86005         4.57214    
     2.86115         4.57705    
     2.86260         4.58347    
     2.86370         4.58839    
     2.86400         4.58970    
     2.86430         4.59101    
     2.86540         4.59594    
     2.86685         4.60238    
     2.86795         4.60731    
     2.86825         4.60863    
     2.86855         4.60995    
     2.86965         4.61489    
     2.87110         4.62135    
     2.87220         4.62631    
     2.87250         4.62763    
     2.87280         4.62895    
     2.87390         4.63392    
     2.87535         4.64040    
     2.87645         4.64537    
     2.87675         4.64670    
     2.87705         4.64803    
     2.87815         4.65301    
     2.87960         4.65951    
     2.88070         4.66451    
     2.88100         4.66584    
     2.88130         4.66717    
     2.88240         4.67217    
     2.88385         4.67870    
     2.88495         4.68371    
     2.88525         4.68504    
     2.88555         4.68638    
     2.88665         4.69140    
     2.88810         4.69795    
     2.88920         4.70298    
     2.88950         4.70432    
     2.88980         4.70566    
     2.89090         4.71070    
     2.89235         4.71728    
     2.89345         4.72232    
     2.89375         4.72367    
     2.89405         4.72502    
     2.89515         4.73007    
     2.89660         4.73667    
     2.89770         4.74174    
     2.89800         4.74309    
     2.89830         4.74444    
     2.89940         4.74951    
     2.90085         4.75614    
     2.90195         4.76122    
     2.90225         4.76258    
     2.90255         4.76393    
     2.90365         4.76902    
     2.90510         4.77567    
     2.90620         4.78077    
     2.90650         4.78214    
     2.90680         4.78350    
     2.90790         4.78861    
     2.90935         4.79528    
     2.91045         4.80040    
     2.91075         4.80177    
     2.91105         4.80313    
     2.91215         4.80826    
     2.91360         4.81496    
     2.91470         4.82010    
     2.91500         4.82147    
     2.91530         4.82284    
     2.91640         4.82799    
     2.91785         4.83471    
     2.91895         4.83987    
     2.91925         4.84124    
     2.91955         4.84262    
     2.92065         4.84778    
     2.92210         4.85453    
     2.92320         4.85971    
     2.92350         4.86109    
     2.92380         4.86247    
     2.92490         4.86765    
     2.92635         4.87443    
     2.92745         4.87962    
     2.92775         4.88101    
     2.92805         4.88239    
     2.92915         4.88760    
     2.93060         4.89439    
     2.93170         4.89961    
     2.93200         4.90100    
     2.93230         4.90239    
     2.93340         4.90761    
     2.93485         4.91444    
     2.93595         4.91967    
     2.93625         4.92106    
     2.93655         4.92246    
     2.93765         4.92770    
     2.93910         4.93455    
     2.94020         4.93980    
     2.94050         4.94120    
     2.94080         4.94260    
     2.94190         4.94787    
     2.94335         4.95474    
     2.94445         4.96001    
     2.94475         4.96142    
     2.94505         4.96282    
     2.94615         4.96810    
     2.94760         4.97500    
     2.94870         4.98029    
     2.94900         4.98170    
     2.94930         4.98311    
     2.95040         4.98841    
     2.95185         4.99533    
     2.95295         5.00065    
     2.95325         5.00206    
     2.95355         5.00348    
     2.95465         5.00880    
     2.95610         5.01574    
     2.95720         5.02108    
     2.95750         5.02250    
     2.95780         5.02392    
     2.95890         5.02926    
     2.96035         5.03623    
     2.96145         5.04158    
     2.96175         5.04301    
     2.96205         5.04443    
     2.96315         5.04979    
     2.96460         5.05679    
     2.96570         5.06216    
     2.96600         5.06359    
     2.96630         5.06502    
     2.96740         5.07040    
     2.96885         5.07743    
     2.96995         5.08282    
     2.97025         5.08425    
     2.97055         5.08569    
     2.97165         5.09109    
     2.97310         5.09814    
     2.97420         5.10355    
     2.97450         5.10499    
     2.97480         5.10643    
     2.97590         5.11185    
     2.97735         5.11893    
     2.97845         5.12436    
     2.97875         5.12580    
     2.97905         5.12725    
     2.98015         5.13269    
     2.98160         5.13979    
     2.98270         5.14524    
     2.98300         5.14669    
     2.98330         5.14815    
     2.98440         5.15360    
     2.98585         5.16073    
     2.98695         5.16620    
     2.98725         5.16766    
     2.98755         5.16912    
     2.98865         5.17460    
     2.99010         5.18175    
     2.99120         5.18724    
     2.99150         5.18870    
     2.99180         5.19017    
     2.99290         5.19567    
     2.99435         5.20285    
     2.99545         5.20836    
     2.99575         5.20983    
     2.99605         5.21130    
     2.99715         5.21681    
     2.99860         5.22402    
     2.99970         5.22955    
     3.00000         5.23103    
     3.00000         5.23103    
     3.00035         5.23276    
     3.00165         5.23928    
     3.00335         5.24779    
     3.00465         5.25432    
     3.00500         5.25607    
     3.00535         5.25781    
     3.00665         5.26435    
     3.00835         5.27290    
     3.00965         5.27947    
     3.01000         5.28122    
     3.01035         5.28297    
     3.01165         5.28954    
     3.01335         5.29813    
     3.01465         5.30472    
     3.01500         5.30648    
     3.01535         5.30823    
     3.01665         5.31484    
     3.01835         5.32346    
     3.01965         5.33008    
     3.02000         5.33184    
     3.02035         5.33361    
     3.02165         5.34024    
     3.02335         5.34890    
     3.02465         5.35555    
     3.02500         5.35732    
     3.02535         5.35910    
     3.02665         5.36576    
     3.02835         5.37446    
     3.02965         5.38113    
     3.03000         5.38292    
     3.03035         5.38470    
     3.03165         5.39138    
     3.03335         5.40012    
     3.03465         5.40683    
     3.03500         5.40862    
     3.03535         5.41041    
     3.03665         5.41712    
     3.03835         5.42590    
     3.03965         5.43264    
     3.04000         5.43443    
     3.04035         5.43623    
     3.04165         5.44298    
     3.04335         5.45179    
     3.04465         5.45856    
     3.04500         5.46036    
     3.04535         5.46216    
     3.04665         5.46894    
     3.04835         5.47779    
     3.04965         5.48459    
     3.05000         5.48640    
     3.05035         5.48821    
     3.05165         5.49502    
     3.05335         5.50391    
     3.05465         5.51074    
     3.05500         5.51256    
     3.05535         5.51438    
     3.05665         5.52121    
     3.05835         5.53014    
     3.05965         5.53700    
     3.06000         5.53882    
     3.06035         5.54065    
     3.06165         5.54752    
     3.06335         5.55649    
     3.06465         5.56337    
     3.06500         5.56521    
     3.06535         5.56705    
     3.06665         5.57394    
     3.06835         5.58295    
     3.06965         5.58987    
     3.07000         5.59171    
     3.07035         5.59355    
     3.07165         5.60048    
     3.07335         5.60953    
     3.07465         5.61647    
     3.07500         5.61833    
     3.07535         5.62018    
     3.07665         5.62714    
     3.07835         5.63622    
     3.07965         5.64320    
     3.08000         5.64506    
     3.08035         5.64692    
     3.08165         5.65391    
     3.08335         5.66304    
     3.08465         5.67004    
     3.08500         5.67191    
     3.08535         5.67378    
     3.08665         5.68080    
     3.08835         5.68997    
     3.08965         5.69700    
     3.09000         5.69888    
     3.09035         5.70076    
     3.09165         5.70781    
     3.09335         5.71702    
     3.09465         5.72408    
     3.09500         5.72597    
     3.09535         5.72785    
     3.09665         5.73493    
     3.09835         5.74418    
     3.09965         5.75128    
     3.10000         5.75318    
     3.10035         5.75507    
     3.10165         5.76218    
     3.10335         5.77147    
     3.10465         5.77860    
     3.10500         5.78050    
     3.10535         5.78240    
     3.10665         5.78955    
     3.10835         5.79888    
     3.10965         5.80604    
     3.11000         5.80795    
     3.11035         5.80986    
     3.11165         5.81704    
     3.11335         5.82641    
     3.11465         5.83360    
     3.11500         5.83552    
     3.11535         5.83744    
     3.11665         5.84465    
     3.11835         5.85406    
     3.11965         5.86128    
     3.12000         5.86321    
     3.12035         5.86514    
     3.12165         5.87238    
     3.12335         5.88183    
     3.12465         5.88909    
     3.12500         5.89103    
     3.12535         5.89296    
     3.12665         5.90023    
     3.12835         5.90973    
     3.12965         5.91702    
     3.13000         5.91896    
     3.13035         5.92091    
     3.13165         5.92821    
     3.13335         5.93775    
     3.13465         5.94507    
     3.13500         5.94702    
     3.13535         5.94898    
     3.13665         5.95631    
     3.13835         5.96589    
     3.13965         5.97325    
     3.14000         5.97521    
     3.14035         5.97717    
     3.14165         5.98454    
     3.14335         5.99416    
     3.14465         6.00155    
     3.14500         6.00352    
     3.14535         6.00549    
     3.14665         6.01289    
     3.14835         6.02256    
     3.14965         6.02998    
     3.15000         6.03195    
     3.15035         6.03393    
     3.15165         6.04137    
     3.15335         6.05108    
     3.15465         6.05853    
     3.15500         6.06052    
     3.15535         6.06251    
     3.15665         6.06997    
     3.15835         6.07973    
     3.15965         6.08721    
     3.16000         6.08921    
     3.16035         6.09120    
     3.16165         6.09870    
     3.16335         6.10850    
     3.16465         6.11602    
     3.16500         6.11802    
     3.16535         6.12003    
     3.16665         6.12756    
     3.16835         6.13740    
     3.16965         6.14496    
     3.17000         6.14697    
     3.17035         6.14899    
     3.17165         6.15655    
     3.17335         6.16644    
     3.17465         6.17402    
     3.17500         6.17605    
     3.17535         6.17807    
     3.17665         6.18567    
     3.17835         6.19560    
     3.17965         6.20322    
     3.18000         6.20525    
     3.18035         6.20728    
     3.18165         6.21492    
     3.18335         6.22489    
     3.18465         6.23255    
     3.18500         6.23459    
     3.18535         6.23663    
     3.18665         6.24430    
     3.18835         6.25432    
     3.18965         6.26200    
     3.19000         6.26405    
     3.19035         6.26610    
     3.19165         6.27381    
     3.19335         6.28387    
     3.19465         6.29159    
     3.19500         6.29365    
     3.19535         6.29571    
     3.19665         6.30345    
     3.19835         6.31356    
     3.19965         6.32132    
     3.20000         6.32338    
