 Species temperature profiles
 nspec rad  pla 
     3 1408 1006
 rho(m) Electrons Deuterium Tritium   
     0.00000         50000.0         50000.0         50000.0    
    0.138864E-02     50000.0         50000.0         50000.0    
    0.660019E-02     49999.6         49999.6         49999.6    
    0.133998E-01     49998.3         49998.3         49998.3    
    0.186114E-01     49996.8         49996.8         49996.8    
    0.200000E-01     49996.3         49996.3         49996.3    
    0.210276E-01     49995.9         49995.9         49995.9    
    0.248841E-01     49994.2         49994.2         49994.2    
    0.299159E-01     49991.6         49991.6         49991.6    
    0.337724E-01     49989.3         49989.3         49989.3    
    0.348000E-01     49988.7         49988.7         49988.7    
    0.358276E-01     49988.0         49988.0         49988.0    
    0.396841E-01     49985.3         49985.3         49985.3    
    0.447159E-01     49981.3         49981.3         49981.3    
    0.485724E-01     49977.9         49977.9         49977.9    
    0.496000E-01     49977.0         49977.0         49977.0    
    0.506276E-01     49976.0         49976.0         49976.0    
    0.544841E-01     49972.2         49972.2         49972.2    
    0.595159E-01     49966.9         49966.9         49966.9    
    0.633724E-01     49962.4         49962.4         49962.4    
    0.644000E-01     49961.2         49961.2         49961.2    
    0.654276E-01     49960.0         49960.0         49960.0    
    0.692841E-01     49955.1         49955.1         49955.1    
    0.743159E-01     49948.3         49948.3         49948.3    
    0.781724E-01     49942.8         49942.8         49942.8    
    0.792000E-01     49941.3         49941.3         49941.3    
    0.802276E-01     49939.8         49939.8         49939.8    
    0.840841E-01     49933.9         49933.9         49933.9    
    0.891159E-01     49925.7         49925.7         49925.7    
    0.929724E-01     49919.2         49919.2         49919.2    
    0.940000E-01     49917.4         49917.4         49917.4    
    0.950276E-01     49915.5         49915.5         49915.5    
    0.988841E-01     49908.6         49908.6         49908.6    
    0.103916         49899.0         49899.0         49899.0    
    0.107772         49891.4         49891.4         49891.4    
    0.108800         49889.3         49889.3         49889.3    
    0.109828         49887.2         49887.2         49887.2    
    0.113684         49879.1         49879.1         49879.1    
    0.118716         49868.2         49868.2         49868.2    
    0.122572         49859.5         49859.5         49859.5    
    0.123600         49857.1         49857.1         49857.1    
    0.124628         49854.8         49854.8         49854.8    
    0.128484         49845.6         49845.6         49845.6    
    0.133516         49833.3         49833.3         49833.3    
    0.137372         49823.6         49823.6         49823.6    
    0.138400         49820.9         49820.9         49820.9    
    0.139428         49818.2         49818.2         49818.2    
    0.143284         49808.1         49808.1         49808.1    
    0.148316         49794.3         49794.3         49794.3    
    0.152172         49783.5         49783.5         49783.5    
    0.153200         49780.6         49780.6         49780.6    
    0.154228         49777.6         49777.6         49777.6    
    0.158084         49766.4         49766.4         49766.4    
    0.163116         49751.3         49751.3         49751.3    
    0.166972         49739.4         49739.4         49739.4    
    0.168000         49736.2         49736.2         49736.2    
    0.169028         49733.0         49733.0         49733.0    
    0.172884         49720.6         49720.6         49720.6    
    0.177916         49704.2         49704.2         49704.2    
    0.181772         49691.2         49691.2         49691.2    
    0.182800         49687.7         49687.7         49687.7    
    0.183828         49684.2         49684.2         49684.2    
    0.187684         49670.8         49670.8         49670.8    
    0.192716         49653.0         49653.0         49653.0    
    0.196572         49638.9         49638.9         49638.9    
    0.197600         49635.2         49635.2         49635.2    
    0.198628         49631.4         49631.4         49631.4    
    0.202484         49616.9         49616.9         49616.9    
    0.207516         49597.7         49597.7         49597.7    
    0.211372         49582.6         49582.6         49582.6    
    0.212400         49578.5         49578.5         49578.5    
    0.213428         49574.5         49574.5         49574.5    
    0.217284         49559.0         49559.0         49559.0    
    0.222316         49538.3         49538.3         49538.3    
    0.226172         49522.2         49522.2         49522.2    
    0.227200         49517.9         49517.9         49517.9    
    0.228228         49513.5         49513.5         49513.5    
    0.232084         49496.9         49496.9         49496.9    
    0.237116         49474.9         49474.9         49474.9    
    0.240972         49457.7         49457.7         49457.7    
    0.242000         49453.1         49453.1         49453.1    
    0.243028         49448.5         49448.5         49448.5    
    0.246884         49430.9         49430.9         49430.9    
    0.251916         49407.5         49407.5         49407.5    
    0.255772         49389.2         49389.2         49389.2    
    0.256800         49384.3         49384.3         49384.3    
    0.257828         49379.4         49379.4         49379.4    
    0.261684         49360.7         49360.7         49360.7    
    0.266716         49336.0         49336.0         49336.0    
    0.270572         49316.7         49316.7         49316.7    
    0.271600         49311.5         49311.5         49311.5    
    0.272628         49306.3         49306.3         49306.3    
    0.276484         49286.6         49286.6         49286.6    
    0.281516         49260.4         49260.4         49260.4    
    0.285372         49240.1         49240.1         49240.1    
    0.286400         49234.6         49234.6         49234.6    
    0.287428         49229.1         49229.1         49229.1    
    0.291284         49208.3         49208.3         49208.3    
    0.296316         49180.8         49180.8         49180.8    
    0.300172         49159.4         49159.4         49159.4    
    0.301200         49153.7         49153.7         49153.7    
    0.302228         49147.9         49147.9         49147.9    
    0.306084         49126.1         49126.1         49126.1    
    0.311116         49097.2         49097.2         49097.2    
    0.314972         49074.8         49074.8         49074.8    
    0.316000         49068.7         49068.7         49068.7    
    0.317028         49062.7         49062.7         49062.7    
    0.320884         49039.8         49039.8         49039.8    
    0.325916         49009.6         49009.6         49009.6    
    0.329772         48986.1         48986.1         48986.1    
    0.330800         48979.8         48979.8         48979.8    
    0.331828         48973.4         48973.4         48973.4    
    0.335684         48949.5         48949.5         48949.5    
    0.340716         48917.9         48917.9         48917.9    
    0.344572         48893.4         48893.4         48893.4    
    0.345600         48886.8         48886.8         48886.8    
    0.346628         48880.2         48880.2         48880.2    
    0.350484         48855.2         48855.2         48855.2    
    0.355516         48822.3         48822.3         48822.3    
    0.359372         48796.7         48796.7         48796.7    
    0.360400         48789.8         48789.8         48789.8    
    0.361428         48782.9         48782.9         48782.9    
    0.365284         48756.9         48756.9         48756.9    
    0.370316         48722.6         48722.6         48722.6    
    0.374172         48696.0         48696.0         48696.0    
    0.375200         48688.8         48688.8         48688.8    
    0.376228         48681.7         48681.7         48681.7    
    0.380084         48654.6         48654.6         48654.6    
    0.385116         48618.9         48618.9         48618.9    
    0.388972         48591.3         48591.3         48591.3    
    0.390000         48583.8         48583.8         48583.8    
    0.391028         48576.4         48576.4         48576.4    
    0.394884         48548.3         48548.3         48548.3    
    0.399916         48511.3         48511.3         48511.3    
    0.403772         48482.6         48482.6         48482.6    
    0.404800         48474.9         48474.9         48474.9    
    0.405828         48467.2         48467.2         48467.2    
    0.409684         48438.1         48438.1         48438.1    
    0.414716         48399.7         48399.7         48399.7    
    0.418572         48369.9         48369.9         48369.9    
    0.419600         48362.0         48362.0         48362.0    
    0.420628         48354.0         48354.0         48354.0    
    0.424484         48323.8         48323.8         48323.8    
    0.429516         48284.1         48284.1         48284.1    
    0.433372         48253.3         48253.3         48253.3    
    0.434400         48245.1         48245.1         48245.1    
    0.435428         48236.8         48236.8         48236.8    
    0.439284         48205.6         48205.6         48205.6    
    0.444316         48164.6         48164.6         48164.6    
    0.448172         48132.8         48132.8         48132.8    
    0.449200         48124.2         48124.2         48124.2    
    0.450228         48115.7         48115.7         48115.7    
    0.454084         48083.5         48083.5         48083.5    
    0.459116         48041.1         48041.1         48041.1    
    0.462972         48008.2         48008.2         48008.2    
    0.464000         47999.5         47999.5         47999.5    
    0.465028         47990.6         47990.6         47990.6    
    0.468884         47957.4         47957.4         47957.4    
    0.473916         47913.7         47913.7         47913.7    
    0.477772         47879.8         47879.8         47879.8    
    0.478800         47870.7         47870.7         47870.7    
    0.479828         47861.7         47861.7         47861.7    
    0.483684         47827.4         47827.4         47827.4    
    0.488716         47782.3         47782.3         47782.3    
    0.492572         47747.4         47747.4         47747.4    
    0.493600         47738.1         47738.1         47738.1    
    0.494628         47728.8         47728.8         47728.8    
    0.498484         47693.5         47693.5         47693.5    
    0.503516         47647.1         47647.1         47647.1    
    0.507372         47611.2         47611.2         47611.2    
    0.508400         47601.6         47601.6         47601.6    
    0.509428         47591.9         47591.9         47591.9    
    0.513284         47555.7         47555.7         47555.7    
    0.518316         47507.9         47507.9         47507.9    
    0.522172         47471.0         47471.0         47471.0    
    0.523200         47461.1         47461.1         47461.1    
    0.524228         47451.2         47451.2         47451.2    
    0.528084         47413.9         47413.9         47413.9    
    0.533116         47364.9         47364.9         47364.9    
    0.536972         47326.9         47326.9         47326.9    
    0.538000         47316.8         47316.8         47316.8    
    0.539028         47306.6         47306.6         47306.6    
    0.542884         47268.3         47268.3         47268.3    
    0.547916         47217.9         47217.9         47217.9    
    0.551772         47179.0         47179.0         47179.0    
    0.552800         47168.6         47168.6         47168.6    
    0.553828         47158.2         47158.2         47158.2    
    0.557684         47118.9         47118.9         47118.9    
    0.562716         47067.2         47067.2         47067.2    
    0.566572         47027.2         47027.2         47027.2    
    0.567600         47016.5         47016.5         47016.5    
    0.568628         47005.8         47005.8         47005.8    
    0.572484         46965.5         46965.5         46965.5    
    0.577516         46912.5         46912.5         46912.5    
    0.581372         46871.6         46871.6         46871.6    
    0.582400         46860.6         46860.6         46860.6    
    0.583428         46849.7         46849.7         46849.7    
    0.587284         46808.4         46808.4         46808.4    
    0.592316         46754.0         46754.0         46754.0    
    0.596172         46712.1         46712.1         46712.1    
    0.597200         46700.9         46700.9         46700.9    
    0.598228         46689.7         46689.7         46689.7    
    0.602084         46647.4         46647.4         46647.4    
    0.607116         46591.7         46591.7         46591.7    
    0.610972         46548.8         46548.8         46548.8    
    0.612000         46537.4         46537.4         46537.4    
    0.613028         46525.9         46525.9         46525.9    
    0.616884         46482.5         46482.5         46482.5    
    0.621916         46425.6         46425.6         46425.6    
    0.625772         46381.7         46381.7         46381.7    
    0.626800         46370.0         46370.0         46370.0    
    0.627828         46358.2         46358.2         46358.2    
    0.631684         46313.9         46313.9         46313.9    
    0.636716         46255.7         46255.7         46255.7    
    0.640572         46210.8         46210.8         46210.8    
    0.641600         46198.8         46198.8         46198.8    
    0.642628         46186.8         46186.8         46186.8    
    0.646484         46141.5         46141.5         46141.5    
    0.651516         46082.1         46082.1         46082.1    
    0.655372         46036.2         46036.2         46036.2    
    0.656400         46023.9         46023.9         46023.9    
    0.657428         46011.6         46011.6         46011.6    
    0.661284         45965.4         45965.4         45965.4    
    0.666316         45904.6         45904.6         45904.6    
    0.670172         45857.8         45857.8         45857.8    
    0.671200         45845.2         45845.2         45845.2    
    0.672228         45832.7         45832.7         45832.7    
    0.676084         45785.4         45785.4         45785.4    
    0.681116         45723.4         45723.4         45723.4    
    0.684972         45675.6         45675.6         45675.6    
    0.686000         45662.8         45662.8         45662.8    
    0.687028         45650.0         45650.0         45650.0    
    0.690884         45601.8         45601.8         45601.8    
    0.695916         45538.5         45538.5         45538.5    
    0.699772         45489.7         45489.7         45489.7    
    0.700800         45476.6         45476.6         45476.6    
    0.701828         45463.6         45463.6         45463.6    
    0.705684         45414.4         45414.4         45414.4    
    0.710716         45349.8         45349.8         45349.8    
    0.714572         45300.1         45300.1         45300.1    
    0.715600         45286.8         45286.8         45286.8    
    0.716628         45273.4         45273.4         45273.4    
    0.720484         45223.3         45223.3         45223.3    
    0.725516         45157.5         45157.5         45157.5    
    0.729372         45106.8         45106.8         45106.8    
    0.730400         45093.2         45093.2         45093.2    
    0.731428         45079.6         45079.6         45079.6    
    0.735284         45028.5         45028.5         45028.5    
    0.740316         44961.5         44961.5         44961.5    
    0.744172         44909.8         44909.8         44909.8    
    0.745200         44896.0         44896.0         44896.0    
    0.746228         44882.1         44882.1         44882.1    
    0.750084         44830.1         44830.1         44830.1    
    0.755116         44761.8         44761.8         44761.8    
    0.758972         44709.1         44709.1         44709.1    
    0.760000         44695.1         44695.1         44695.1    
    0.761028         44681.0         44681.0         44681.0    
    0.764884         44628.0         44628.0         44628.0    
    0.769916         44558.4         44558.4         44558.4    
    0.773772         44504.8         44504.8         44504.8    
    0.774800         44490.5         44490.5         44490.5    
    0.775828         44476.2         44476.2         44476.2    
    0.779684         44422.2         44422.2         44422.2    
    0.784716         44351.4         44351.4         44351.4    
    0.788572         44296.9         44296.9         44296.9    
    0.789600         44282.4         44282.4         44282.4    
    0.790628         44267.8         44267.8         44267.8    
    0.794484         44212.9         44212.9         44212.9    
    0.799516         44140.9         44140.9         44140.9    
    0.803372         44085.4         44085.4         44085.4    
    0.804400         44070.6         44070.6         44070.6    
    0.805428         44055.7         44055.7         44055.7    
    0.809284         43999.9         43999.9         43999.9    
    0.814316         43926.7         43926.7         43926.7    
    0.818172         43870.3         43870.3         43870.3    
    0.819200         43855.2         43855.2         43855.2    
    0.820228         43840.1         43840.1         43840.1    
    0.824084         43783.4         43783.4         43783.4    
    0.829116         43709.0         43709.0         43709.0    
    0.832972         43651.6         43651.6         43651.6    
    0.834000         43636.3         43636.3         43636.3    
    0.835028         43621.0         43621.0         43621.0    
    0.838884         43563.3         43563.3         43563.3    
    0.843916         43487.7         43487.7         43487.7    
    0.847772         43429.4         43429.4         43429.4    
    0.848800         43413.9         43413.9         43413.9    
    0.849828         43398.3         43398.3         43398.3    
    0.853684         43339.7         43339.7         43339.7    
    0.858716         43262.8         43262.8         43262.8    
    0.862572         43203.7         43203.7         43203.7    
    0.863600         43187.9         43187.9         43187.9    
    0.864628         43172.1         43172.1         43172.1    
    0.868484         43112.5         43112.5         43112.5    
    0.873516         43034.5         43034.5         43034.5    
    0.877372         42974.4         42974.4         42974.4    
    0.878400         42958.4         42958.4         42958.4    
    0.879428         42942.3         42942.3         42942.3    
    0.883284         42881.9         42881.9         42881.9    
    0.888316         42802.7         42802.7         42802.7    
    0.892172         42741.7         42741.7         42741.7    
    0.893200         42725.4         42725.4         42725.4    
    0.894228         42709.1         42709.1         42709.1    
    0.898084         42647.8         42647.8         42647.8    
    0.903116         42567.4         42567.4         42567.4    
    0.906972         42505.5         42505.5         42505.5    
    0.908000         42489.0         42489.0         42489.0    
    0.909028         42472.5         42472.5         42472.5    
    0.912884         42410.2         42410.2         42410.2    
    0.917916         42328.7         42328.7         42328.7    
    0.921772         42265.9         42265.9         42265.9    
    0.922800         42249.1         42249.1         42249.1    
    0.923828         42232.4         42232.4         42232.4    
    0.927684         42169.2         42169.2         42169.2    
    0.932716         42086.5         42086.5         42086.5    
    0.936572         42022.9         42022.9         42022.9    
    0.937600         42005.9         42005.9         42005.9    
    0.938628         41988.9         41988.9         41988.9    
    0.942484         41924.8         41924.8         41924.8    
    0.947516         41841.0         41841.0         41841.0    
    0.951372         41776.4         41776.4         41776.4    
    0.952400         41759.2         41759.2         41759.2    
    0.953428         41742.0         41742.0         41742.0    
    0.957284         41677.1         41677.1         41677.1    
    0.962316         41592.1         41592.1         41592.1    
    0.966172         41526.7         41526.7         41526.7    
    0.967200         41509.2         41509.2         41509.2    
    0.968228         41491.7         41491.7         41491.7    
    0.972084         41425.9         41425.9         41425.9    
    0.977116         41339.8         41339.8         41339.8    
    0.980972         41273.5         41273.5         41273.5    
    0.982000         41255.8         41255.8         41255.8    
    0.983028         41238.1         41238.1         41238.1    
    0.986884         41171.5         41171.5         41171.5    
    0.991916         41084.2         41084.2         41084.2    
    0.995772         41017.1         41017.1         41017.1    
    0.996800         40999.1         40999.1         40999.1    
    0.997828         40981.2         40981.2         40981.2    
     1.00168         40913.7         40913.7         40913.7    
     1.00672         40825.3         40825.3         40825.3    
     1.01057         40757.3         40757.3         40757.3    
     1.01160         40739.1         40739.1         40739.1    
     1.01263         40721.0         40721.0         40721.0    
     1.01648         40652.6         40652.6         40652.6    
     1.02152         40563.1         40563.1         40563.1    
     1.02537         40494.3         40494.3         40494.3    
     1.02640         40475.9         40475.9         40475.9    
     1.02743         40457.5         40457.5         40457.5    
     1.03128         40388.3         40388.3         40388.3    
     1.03632         40297.7         40297.7         40297.7    
     1.04017         40228.0         40228.0         40228.0    
     1.04120         40209.4         40209.4         40209.4    
     1.04223         40190.8         40190.8         40190.8    
     1.04608         40120.8         40120.8         40120.8    
     1.05112         40029.1         40029.1         40029.1    
     1.05497         39958.5         39958.5         39958.5    
     1.05600         39939.7         39939.7         39939.7    
     1.05703         39920.9         39920.9         39920.9    
     1.06088         39850.0         39850.0         39850.0    
     1.06592         39757.2         39757.2         39757.2    
     1.06977         39685.9         39685.9         39685.9    
     1.07080         39666.8         39666.8         39666.8    
     1.07183         39647.7         39647.7         39647.7    
     1.07568         39576.1         39576.1         39576.1    
     1.08072         39482.2         39482.2         39482.2    
     1.08457         39410.0         39410.0         39410.0    
     1.08560         39390.8         39390.8         39390.8    
     1.08663         39371.5         39371.5         39371.5    
     1.09048         39299.0         39299.0         39299.0    
     1.09552         39204.1         39204.1         39204.1    
     1.09937         39131.1         39131.1         39131.1    
     1.10040         39111.6         39111.6         39111.6    
     1.10143         39092.1         39092.1         39092.1    
     1.10528         39018.8         39018.8         39018.8    
     1.11032         38922.8         38922.8         38922.8    
     1.11417         38849.0         38849.0         38849.0    
     1.11520         38829.3         38829.3         38829.3    
     1.11623         38809.6         38809.6         38809.6    
     1.12008         38735.5         38735.5         38735.5    
     1.12512         38638.4         38638.4         38638.4    
     1.12897         38563.9         38563.9         38563.9    
     1.13000         38543.9         38543.9         38543.9    
     1.13103         38524.0         38524.0         38524.0    
     1.13488         38449.1         38449.1         38449.1    
     1.13992         38351.0         38351.0         38351.0    
     1.14377         38275.7         38275.7         38275.7    
     1.14480         38255.5         38255.5         38255.5    
     1.14583         38235.4         38235.4         38235.4    
     1.14968         38159.7         38159.7         38159.7    
     1.15472         38060.6         38060.6         38060.6    
     1.15857         37984.4         37984.4         37984.4    
     1.15960         37964.1         37964.1         37964.1    
     1.16063         37943.8         37943.8         37943.8    
     1.16448         37867.3         37867.3         37867.3    
     1.16952         37767.2         37767.2         37767.2    
     1.17337         37690.3         37690.3         37690.3    
     1.17440         37669.7         37669.7         37669.7    
     1.17543         37649.2         37649.2         37649.2    
     1.17928         37571.9         37571.9         37571.9    
     1.18432         37470.8         37470.8         37470.8    
     1.18817         37393.1         37393.1         37393.1    
     1.18920         37372.4         37372.4         37372.4    
     1.19023         37351.6         37351.6         37351.6    
     1.19408         37273.6         37273.6         37273.6    
     1.19912         37171.5         37171.5         37171.5    
     1.20297         37093.0         37093.0         37093.0    
     1.20400         37072.1         37072.1         37072.1    
     1.20503         37051.1         37051.1         37051.1    
     1.20888         36972.4         36972.4         36972.4    
     1.21392         36869.3         36869.3         36869.3    
     1.21777         36790.1         36790.1         36790.1    
     1.21880         36768.9         36768.9         36768.9    
     1.21983         36747.8         36747.8         36747.8    
     1.22368         36668.2         36668.2         36668.2    
     1.22872         36564.2         36564.2         36564.2    
     1.23257         36484.2         36484.2         36484.2    
     1.23360         36462.9         36462.9         36462.9    
     1.23463         36441.5         36441.5         36441.5    
     1.23848         36361.3         36361.3         36361.3    
     1.24352         36256.3         36256.3         36256.3    
     1.24737         36175.6         36175.6         36175.6    
     1.24840         36154.0         36154.0         36154.0    
     1.24943         36132.5         36132.5         36132.5    
     1.25328         36051.5         36051.5         36051.5    
     1.25832         35945.6         35945.6         35945.6    
     1.26217         35864.1         35864.1         35864.1    
     1.26320         35842.4         35842.4         35842.4    
     1.26423         35820.7         35820.7         35820.7    
     1.26808         35739.0         35739.0         35739.0    
     1.27312         35632.1         35632.1         35632.1    
     1.27697         35549.9         35549.9         35549.9    
     1.27800         35528.0         35528.0         35528.0    
     1.27903         35506.1         35506.1         35506.1    
     1.28288         35423.7         35423.7         35423.7    
     1.28792         35315.9         35315.9         35315.9    
     1.29177         35233.0         35233.0         35233.0    
     1.29280         35210.9         35210.9         35210.9    
     1.29383         35188.8         35188.8         35188.8    
     1.29768         35105.7         35105.7         35105.7    
     1.30272         34996.9         34996.9         34996.9    
     1.30657         34913.4         34913.4         34913.4    
     1.30760         34891.1         34891.1         34891.1    
     1.30863         34868.8         34868.8         34868.8    
     1.31248         34785.0         34785.0         34785.0    
     1.31752         34675.4         34675.4         34675.4    
     1.32137         34591.2         34591.2         34591.2    
     1.32240         34568.7         34568.7         34568.7    
     1.32343         34546.2         34546.2         34546.2    
     1.32728         34461.7         34461.7         34461.7    
     1.33232         34351.2         34351.2         34351.2    
     1.33617         34266.3         34266.3         34266.3    
     1.33720         34243.6         34243.6         34243.6    
     1.33823         34221.0         34221.0         34221.0    
     1.34208         34135.8         34135.8         34135.8    
     1.34712         34024.4         34024.4         34024.4    
     1.35097         33938.8         33938.8         33938.8    
     1.35200         33916.0         33916.0         33916.0    
     1.35303         33893.2         33893.2         33893.2    
     1.35688         33807.3         33807.3         33807.3    
     1.36192         33695.1         33695.1         33695.1    
     1.36577         33608.8         33608.8         33608.8    
     1.36680         33585.8         33585.8         33585.8    
     1.36783         33562.8         33562.8         33562.8    
     1.37168         33476.3         33476.3         33476.3    
     1.37672         33363.2         33363.2         33363.2    
     1.38057         33276.4         33276.4         33276.4    
     1.38160         33253.2         33253.2         33253.2    
     1.38263         33230.0         33230.0         33230.0    
     1.38648         33142.9         33142.9         33142.9    
     1.39152         33028.9         33028.9         33028.9    
     1.39537         32941.4         32941.4         32941.4    
     1.39640         32918.1         32918.1         32918.1    
     1.39743         32894.7         32894.7         32894.7    
     1.40128         32806.9         32806.9         32806.9    
     1.40632         32692.2         32692.2         32692.2    
     1.41017         32604.0         32604.0         32604.0    
     1.41120         32580.5         32580.5         32580.5    
     1.41223         32557.0         32557.0         32557.0    
     1.41608         32468.6         32468.6         32468.6    
     1.42112         32353.0         32353.0         32353.0    
     1.42497         32264.3         32264.3         32264.3    
     1.42600         32240.6         32240.6         32240.6    
     1.42703         32216.9         32216.9         32216.9    
     1.43088         32127.9         32127.9         32127.9    
     1.43592         32011.6         32011.6         32011.6    
     1.43977         31922.2         31922.2         31922.2    
     1.44080         31898.4         31898.4         31898.4    
     1.44183         31874.5         31874.5         31874.5    
     1.44568         31784.9         31784.9         31784.9    
     1.45072         31667.8         31667.8         31667.8    
     1.45457         31577.8         31577.8         31577.8    
     1.45560         31553.8         31553.8         31553.8    
     1.45663         31529.8         31529.8         31529.8    
     1.46048         31439.6         31439.6         31439.6    
     1.46552         31321.7         31321.7         31321.7    
     1.46937         31231.2         31231.2         31231.2    
     1.47040         31207.0         31207.0         31207.0    
     1.47143         31182.9         31182.9         31182.9    
     1.47528         31092.1         31092.1         31092.1    
     1.48032         30973.5         30973.5         30973.5    
     1.48417         30882.3         30882.3         30882.3    
     1.48520         30858.0         30858.0         30858.0    
     1.48623         30833.7         30833.7         30833.7    
     1.49008         30742.4         30742.4         30742.4    
     1.49512         30623.0         30623.0         30623.0    
     1.49897         30531.3         30531.3         30531.3    
     1.50000         30506.9         30506.9         30506.9    
     1.50092         30484.9         30484.9         30484.9    
     1.50439         30402.3         30402.3         30402.3    
     1.50891         30294.4         30294.4         30294.4    
     1.51238         30211.6         30211.6         30211.6    
     1.51330         30189.5         30189.5         30189.5    
     1.51422         30167.4         30167.4         30167.4    
     1.51769         30084.4         30084.4         30084.4    
     1.52221         29975.9         29975.9         29975.9    
     1.52568         29892.7         29892.7         29892.7    
     1.52660         29870.5         29870.5         29870.5    
     1.52752         29848.2         29848.2         29848.2    
     1.53099         29764.8         29764.8         29764.8    
     1.53551         29655.8         29655.8         29655.8    
     1.53898         29572.1         29572.1         29572.1    
     1.53990         29549.8         29549.8         29549.8    
     1.54082         29527.4         29527.4         29527.4    
     1.54429         29443.6         29443.6         29443.6    
     1.54881         29334.0         29334.0         29334.0    
     1.55228         29249.9         29249.9         29249.9    
     1.55320         29227.5         29227.5         29227.5    
     1.55412         29205.0         29205.0         29205.0    
     1.55759         29120.7         29120.7         29120.7    
     1.56211         29010.6         29010.6         29010.6    
     1.56558         28926.1         28926.1         28926.1    
     1.56650         28903.6         28903.6         28903.6    
     1.56742         28881.0         28881.0         28881.0    
     1.57089         28796.4         28796.4         28796.4    
     1.57541         28685.7         28685.7         28685.7    
     1.57888         28600.8         28600.8         28600.8    
     1.57980         28578.2         28578.2         28578.2    
     1.58072         28555.5         28555.5         28555.5    
     1.58419         28470.4         28470.4         28470.4    
     1.58871         28359.3         28359.3         28359.3    
     1.59218         28274.0         28274.0         28274.0    
     1.59310         28251.2         28251.2         28251.2    
     1.59402         28228.5         28228.5         28228.5    
     1.59749         28143.0         28143.0         28143.0    
     1.60201         28031.4         28031.4         28031.4    
     1.60548         27945.7         27945.7         27945.7    
     1.60640         27922.9         27922.9         27922.9    
     1.60732         27900.0         27900.0         27900.0    
     1.61079         27814.2         27814.2         27814.2    
     1.61531         27702.0         27702.0         27702.0    
     1.61878         27616.0         27616.0         27616.0    
     1.61970         27593.0         27593.0         27593.0    
     1.62062         27570.1         27570.1         27570.1    
     1.62409         27483.9         27483.9         27483.9    
     1.62861         27371.3         27371.3         27371.3    
     1.63208         27284.9         27284.9         27284.9    
     1.63300         27261.8         27261.8         27261.8    
     1.63392         27238.8         27238.8         27238.8    
     1.63739         27152.2         27152.2         27152.2    
     1.64191         27039.2         27039.2         27039.2    
     1.64538         26952.4         26952.4         26952.4    
     1.64630         26929.3         26929.3         26929.3    
     1.64722         26906.1         26906.1         26906.1    
     1.65069         26819.2         26819.2         26819.2    
     1.65521         26705.7         26705.7         26705.7    
     1.65868         26618.6         26618.6         26618.6    
     1.65960         26595.4         26595.4         26595.4    
     1.66052         26572.2         26572.2         26572.2    
     1.66399         26484.9         26484.9         26484.9    
     1.66851         26371.0         26371.0         26371.0    
     1.67198         26283.5         26283.5         26283.5    
     1.67290         26260.2         26260.2         26260.2    
     1.67382         26236.9         26236.9         26236.9    
     1.67729         26149.4         26149.4         26149.4    
     1.68181         26035.0         26035.0         26035.0    
     1.68528         25947.2         25947.2         25947.2    
     1.68620         25923.9         25923.9         25923.9    
     1.68712         25900.5         25900.5         25900.5    
     1.69059         25812.6         25812.6         25812.6    
     1.69511         25697.8         25697.8         25697.8    
     1.69858         25609.7         25609.7         25609.7    
     1.69950         25586.3         25586.3         25586.3    
     1.70042         25562.8         25562.8         25562.8    
     1.70389         25474.6         25474.6         25474.6    
     1.70841         25359.4         25359.4         25359.4    
     1.71188         25271.1         25271.1         25271.1    
     1.71280         25247.5         25247.5         25247.5    
     1.71372         25224.0         25224.0         25224.0    
     1.71719         25135.5         25135.5         25135.5    
     1.72171         25020.0         25020.0         25020.0    
     1.72518         24931.3         24931.3         24931.3    
     1.72610         24907.7         24907.7         24907.7    
     1.72702         24884.0         24884.0         24884.0    
     1.73049         24795.3         24795.3         24795.3    
     1.73501         24679.4         24679.4         24679.4    
     1.73848         24590.5         24590.5         24590.5    
     1.73940         24566.8         24566.8         24566.8    
     1.74032         24543.1         24543.1         24543.1    
     1.74379         24454.0         24454.0         24454.0    
     1.74831         24337.8         24337.8         24337.8    
     1.75178         24248.6         24248.6         24248.6    
     1.75270         24224.8         24224.8         24224.8    
     1.75362         24201.0         24201.0         24201.0    
     1.75709         24111.8         24111.8         24111.8    
     1.76161         23995.2         23995.2         23995.2    
     1.76508         23905.7         23905.7         23905.7    
     1.76600         23881.9         23881.9         23881.9    
     1.76692         23858.1         23858.1         23858.1    
     1.77039         23768.5         23768.5         23768.5    
     1.77491         23651.6         23651.6         23651.6    
     1.77838         23561.9         23561.9         23561.9    
     1.77930         23538.0         23538.0         23538.0    
     1.78022         23514.1         23514.1         23514.1    
     1.78369         23424.4         23424.4         23424.4    
     1.78821         23307.2         23307.2         23307.2    
     1.79168         23217.3         23217.3         23217.3    
     1.79260         23193.3         23193.3         23193.3    
     1.79352         23169.3         23169.3         23169.3    
     1.79699         23079.3         23079.3         23079.3    
     1.80151         22961.8         22961.8         22961.8    
     1.80498         22871.7         22871.7         22871.7    
     1.80590         22847.7         22847.7         22847.7    
     1.80682         22823.7         22823.7         22823.7    
     1.81029         22733.5         22733.5         22733.5    
     1.81481         22615.7         22615.7         22615.7    
     1.81828         22525.4         22525.4         22525.4    
     1.81920         22501.3         22501.3         22501.3    
     1.82012         22477.2         22477.2         22477.2    
     1.82359         22386.8         22386.8         22386.8    
     1.82811         22268.8         22268.8         22268.8    
     1.83158         22178.3         22178.3         22178.3    
     1.83250         22154.1         22154.1         22154.1    
     1.83342         22130.0         22130.0         22130.0    
     1.83689         22039.4         22039.4         22039.4    
     1.84141         21921.2         21921.2         21921.2    
     1.84488         21830.5         21830.5         21830.5    
     1.84580         21806.3         21806.3         21806.3    
     1.84672         21782.1         21782.1         21782.1    
     1.85019         21691.4         21691.4         21691.4    
     1.85471         21572.9         21572.9         21572.9    
     1.85818         21482.0         21482.0         21482.0    
     1.85910         21457.8         21457.8         21457.8    
     1.86002         21433.6         21433.6         21433.6    
     1.86349         21342.7         21342.7         21342.7    
     1.86801         21224.0         21224.0         21224.0    
     1.87148         21133.0         21133.0         21133.0    
     1.87240         21108.7         21108.7         21108.7    
     1.87332         21084.4         21084.4         21084.4    
     1.87679         20993.4         20993.4         20993.4    
     1.88131         20874.5         20874.5         20874.5    
     1.88478         20783.4         20783.4         20783.4    
     1.88570         20759.1         20759.1         20759.1    
     1.88662         20734.8         20734.8         20734.8    
     1.89009         20643.6         20643.6         20643.6    
     1.89461         20524.5         20524.5         20524.5    
     1.89808         20433.2         20433.2         20433.2    
     1.89900         20408.9         20408.9         20408.9    
     1.89992         20384.6         20384.6         20384.6    
     1.90339         20293.3         20293.3         20293.3    
     1.90791         20174.1         20174.1         20174.1    
     1.91138         20082.7         20082.7         20082.7    
     1.91230         20058.3         20058.3         20058.3    
     1.91322         20034.0         20034.0         20034.0    
     1.91669         19942.5         19942.5         19942.5    
     1.92121         19823.2         19823.2         19823.2    
     1.92468         19731.7         19731.7         19731.7    
     1.92560         19707.4         19707.4         19707.4    
     1.92652         19683.0         19683.0         19683.0    
     1.92999         19591.4         19591.4         19591.4    
     1.93451         19472.0         19472.0         19472.0    
     1.93798         19380.4         19380.4         19380.4    
     1.93890         19356.0         19356.0         19356.0    
     1.93982         19331.6         19331.6         19331.6    
     1.94329         19240.0         19240.0         19240.0    
     1.94781         19120.5         19120.5         19120.5    
     1.95128         19028.9         19028.9         19028.9    
     1.95220         19004.4         19004.4         19004.4    
     1.95312         18980.0         18980.0         18980.0    
     1.95659         18888.4         18888.4         18888.4    
     1.96111         18768.8         18768.8         18768.8    
     1.96458         18677.1         18677.1         18677.1    
     1.96550         18652.6         18652.6         18652.6    
     1.96642         18628.2         18628.2         18628.2    
     1.96989         18536.5         18536.5         18536.5    
     1.97441         18416.8         18416.8         18416.8    
     1.97788         18325.1         18325.1         18325.1    
     1.97880         18300.7         18300.7         18300.7    
     1.97972         18276.2         18276.2         18276.2    
     1.98319         18184.5         18184.5         18184.5    
     1.98771         18064.8         18064.8         18064.8    
     1.99118         17973.0         17973.0         17973.0    
     1.99210         17948.6         17948.6         17948.6    
     1.99302         17924.1         17924.1         17924.1    
     1.99649         17832.4         17832.4         17832.4    
     2.00101         17712.7         17712.7         17712.7    
     2.00448         17620.9         17620.9         17620.9    
     2.00540         17596.5         17596.5         17596.5    
     2.00632         17572.0         17572.0         17572.0    
     2.00979         17480.3         17480.3         17480.3    
     2.01431         17360.6         17360.6         17360.6    
     2.01778         17268.8         17268.8         17268.8    
     2.01870         17244.4         17244.4         17244.4    
     2.01962         17219.9         17219.9         17219.9    
     2.02309         17128.2         17128.2         17128.2    
     2.02761         17008.5         17008.5         17008.5    
     2.03108         16916.8         16916.8         16916.8    
     2.03200         16892.4         16892.4         16892.4    
     2.03292         16867.9         16867.9         16867.9    
     2.03639         16776.2         16776.2         16776.2    
     2.04091         16656.6         16656.6         16656.6    
     2.04438         16564.9         16564.9         16564.9    
     2.04530         16540.5         16540.5         16540.5    
     2.04622         16516.1         16516.1         16516.1    
     2.04969         16424.4         16424.4         16424.4    
     2.05421         16304.9         16304.9         16304.9    
     2.05768         16213.3         16213.3         16213.3    
     2.05860         16188.8         16188.8         16188.8    
     2.05952         16164.4         16164.4         16164.4    
     2.06299         16072.9         16072.9         16072.9    
     2.06751         15953.4         15953.4         15953.4    
     2.07098         15861.9         15861.9         15861.9    
     2.07190         15837.5         15837.5         15837.5    
     2.07282         15813.1         15813.1         15813.1    
     2.07629         15721.6         15721.6         15721.6    
     2.08081         15602.2         15602.2         15602.2    
     2.08428         15510.8         15510.8         15510.8    
     2.08520         15486.5         15486.5         15486.5    
     2.08612         15462.1         15462.1         15462.1    
     2.08959         15370.7         15370.7         15370.7    
     2.09411         15251.5         15251.5         15251.5    
     2.09758         15160.2         15160.2         15160.2    
     2.09850         15135.9         15135.9         15135.9    
     2.09942         15111.5         15111.5         15111.5    
     2.10289         15020.3         15020.3         15020.3    
     2.10741         14901.2         14901.2         14901.2    
     2.11088         14810.0         14810.0         14810.0    
     2.11180         14785.7         14785.7         14785.7    
     2.11272         14761.5         14761.5         14761.5    
     2.11619         14670.3         14670.3         14670.3    
     2.12071         14551.5         14551.5         14551.5    
     2.12418         14460.4         14460.4         14460.4    
     2.12510         14436.2         14436.2         14436.2    
     2.12602         14412.0         14412.0         14412.0    
     2.12949         14321.0         14321.0         14321.0    
     2.13401         14202.4         14202.4         14202.4    
     2.13748         14111.5         14111.5         14111.5    
     2.13840         14087.3         14087.3         14087.3    
     2.13932         14063.1         14063.1         14063.1    
     2.14279         13972.3         13972.3         13972.3    
     2.14731         13853.9         13853.9         13853.9    
     2.15078         13763.3         13763.3         13763.3    
     2.15170         13739.1         13739.1         13739.1    
     2.15262         13715.0         13715.0         13715.0    
     2.15609         13624.4         13624.4         13624.4    
     2.16061         13506.3         13506.3         13506.3    
     2.16408         13415.8         13415.8         13415.8    
     2.16500         13391.7         13391.7         13391.7    
     2.16592         13367.6         13367.6         13367.6    
     2.16939         13277.3         13277.3         13277.3    
     2.17391         13159.5         13159.5         13159.5    
     2.17738         13069.2         13069.2         13069.2    
     2.17830         13045.2         13045.2         13045.2    
     2.17922         13021.2         13021.2         13021.2    
     2.18269         12931.1         12931.1         12931.1    
     2.18721         12813.6         12813.6         12813.6    
     2.19068         12723.6         12723.6         12723.6    
     2.19160         12699.7         12699.7         12699.7    
     2.19252         12675.7         12675.7         12675.7    
     2.19599         12585.8         12585.8         12585.8    
     2.20051         12468.7         12468.7         12468.7    
     2.20398         12379.0         12379.0         12379.0    
     2.20490         12355.1         12355.1         12355.1    
     2.20582         12331.3         12331.3         12331.3    
     2.20929         12241.7         12241.7         12241.7    
     2.21381         12125.0         12125.0         12125.0    
     2.21728         12035.6         12035.6         12035.6    
     2.21820         12011.8         12011.8         12011.8    
     2.21912         11988.0         11988.0         11988.0    
     2.22259         11898.7         11898.7         11898.7    
     2.22711         11782.4         11782.4         11782.4    
     2.23058         11693.3         11693.3         11693.3    
     2.23150         11669.6         11669.6         11669.6    
     2.23242         11645.9         11645.9         11645.9    
     2.23589         11557.0         11557.0         11557.0    
     2.24041         11441.1         11441.1         11441.1    
     2.24388         11352.4         11352.4         11352.4    
     2.24480         11328.8         11328.8         11328.8    
     2.24572         11305.1         11305.1         11305.1    
     2.24919         11216.6         11216.6         11216.6    
     2.25371         11101.2         11101.2         11101.2    
     2.25718         11012.8         11012.8         11012.8    
     2.25810         10989.3         10989.3         10989.3    
     2.25902         10965.8         10965.8         10965.8    
     2.26249         10877.6         10877.6         10877.6    
     2.26701         10762.7         10762.7         10762.7    
     2.27048         10674.8         10674.8         10674.8    
     2.27140         10651.4         10651.4         10651.4    
     2.27232         10628.0         10628.0         10628.0    
     2.27579         10540.2         10540.2         10540.2    
     2.28031         10425.8         10425.8         10425.8    
     2.28378         10338.3         10338.3         10338.3    
     2.28470         10315.0         10315.0         10315.0    
     2.28562         10291.7         10291.7         10291.7    
     2.28909         10204.4         10204.4         10204.4    
     2.29361         10090.6         10090.6         10090.6    
     2.29708         10003.6         10003.6         10003.6    
     2.29800         9980.38         9980.38         9980.38    
     2.29892         9957.21         9957.21         9957.21    
     2.30239         9870.33         9870.33         9870.33    
     2.30691         9757.17         9757.17         9757.17    
     2.31038         9670.59         9670.59         9670.59    
     2.31130         9647.54         9647.54         9647.54    
     2.31222         9624.50         9624.50         9624.50    
     2.31569         9538.12         9538.12         9538.12    
     2.32021         9425.61         9425.61         9425.61    
     2.32368         9339.54         9339.54         9339.54    
     2.32460         9316.62         9316.62         9316.62    
     2.32552         9293.72         9293.72         9293.72    
     2.32899         9207.86         9207.86         9207.86    
     2.33351         9096.04         9096.04         9096.04    
     2.33698         9010.50         9010.50         9010.50    
     2.33790         8987.73         8987.73         8987.73    
     2.33882         8964.98         8964.98         8964.98    
     2.34229         8879.66         8879.66         8879.66    
     2.34681         8768.57         8768.57         8768.57    
     2.35028         8683.60         8683.60         8683.60    
     2.35120         8660.99         8660.99         8660.99    
     2.35212         8638.38         8638.38         8638.38    
     2.35559         8553.65         8553.65         8553.65    
     2.36011         8443.33         8443.33         8443.33    
     2.36358         8358.96         8358.96         8358.96    
     2.36450         8336.50         8336.50         8336.50    
     2.36542         8314.06         8314.06         8314.06    
     2.36889         8229.94         8229.94         8229.94    
     2.37341         8120.43         8120.43         8120.43    
     2.37688         8036.69         8036.69         8036.69    
     2.37780         8014.41         8014.41         8014.41    
     2.37872         7992.14         7992.14         7992.14    
     2.38219         7908.66         7908.66         7908.66    
     2.38671         7800.00         7800.00         7800.00    
     2.39018         7716.93         7716.93         7716.93    
     2.39110         7694.83         7694.83         7694.83    
     2.39202         7672.73         7672.73         7672.73    
     2.39549         7589.93         7589.93         7589.93    
     2.40001         7482.18         7482.18         7482.18    
     2.40348         7399.81         7399.81         7399.81    
     2.40440         7377.89         7377.89         7377.89    
     2.40532         7355.99         7355.99         7355.99    
     2.40879         7273.90         7273.90         7273.90    
     2.41331         7167.10         7167.10         7167.10    
     2.41678         7085.46         7085.46         7085.46    
     2.41770         7063.74         7063.74         7063.74    
     2.41862         7042.04         7042.04         7042.04    
     2.42209         6960.70         6960.70         6960.70    
     2.42661         6854.89         6854.89         6854.89    
     2.43008         6774.03         6774.03         6774.03    
     2.43100         6752.52         6752.52         6752.52    
     2.43192         6731.02         6731.02         6731.02    
     2.43539         6650.48         6650.48         6650.48    
     2.43991         6545.71         6545.71         6545.71    
     2.44338         6465.66         6465.66         6465.66    
     2.44430         6444.37         6444.37         6444.37    
     2.44522         6423.09         6423.09         6423.09    
     2.44869         6343.38         6343.38         6343.38    
     2.45321         6239.71         6239.71         6239.71    
     2.45668         6160.52         6160.52         6160.52    
     2.45760         6139.46         6139.46         6139.46    
     2.45852         6118.41         6118.41         6118.41    
     2.46199         6039.57         6039.57         6039.57    
     2.46651         5937.06         5937.06         5937.06    
     2.46998         5858.76         5858.76         5858.76    
     2.47090         5837.94         5837.94         5837.94    
     2.47182         5817.13         5817.13         5817.13    
     2.47529         5739.20         5739.20         5739.20    
     2.47981         5637.90         5637.90         5637.90    
     2.48328         5560.55         5560.55         5560.55    
     2.48420         5539.98         5539.98         5539.98    
     2.48512         5519.43         5519.43         5519.43    
     2.48859         5442.46         5442.46         5442.46    
     2.49311         5342.43         5342.43         5342.43    
     2.49658         5266.06         5266.06         5266.06    
     2.49750         5245.76         5245.76         5245.76    
     2.49842         5225.47         5225.47         5225.47    
     2.50189         5149.51         5149.51         5149.51    
     2.50641         5050.82         5050.82         5050.82    
     2.50988         4975.49         4975.49         4975.49    
     2.51080         4955.46         4955.46         4955.46    
     2.51172         4935.46         4935.46         4935.46    
     2.51519         4860.56         4860.56         4860.56    
     2.51971         4763.26         4763.26         4763.26    
     2.52318         4689.02         4689.02         4689.02    
     2.52410         4669.29         4669.29         4669.29    
     2.52502         4649.58         4649.58         4649.58    
     2.52849         4575.79         4575.79         4575.79    
     2.53301         4479.96         4479.96         4479.96    
     2.53648         4406.87         4406.87         4406.87    
     2.53740         4387.44         4387.44         4387.44    
     2.53832         4368.04         4368.04         4368.04    
     2.54179         4295.42         4295.42         4295.42    
     2.54631         4201.13         4201.13         4201.13    
     2.54978         4129.24         4129.24         4129.24    
     2.55070         4110.14         4110.14         4110.14    
     2.55162         4091.06         4091.06         4091.06    
     2.55509         4019.66         4019.66         4019.66    
     2.55961         3927.00         3927.00         3927.00    
     2.56308         3856.37         3856.37         3856.37    
     2.56400         3837.61         3837.61         3837.61    
     2.56492         3818.87         3818.87         3818.87    
     2.56839         3748.76         3748.76         3748.76    
     2.57291         3657.81         3657.81         3657.81    
     2.57638         3588.50         3588.50         3588.50    
     2.57730         3570.10         3570.10         3570.10    
     2.57822         3551.72         3551.72         3551.72    
     2.58169         3482.96         3482.96         3482.96    
     2.58621         3393.81         3393.81         3393.81    
     2.58968         3325.90         3325.90         3325.90    
     2.59060         3307.87         3307.87         3307.87    
     2.59152         3289.86         3289.86         3289.86    
     2.59499         3222.54         3222.54         3222.54    
     2.59951         3135.27         3135.27         3135.27    
     2.60298         3068.83         3068.83         3068.83    
     2.60390         3051.20         3051.20         3051.20    
     2.60482         3033.59         3033.59         3033.59    
     2.60829         2967.76         2967.76         2967.76    
     2.61281         2882.49         2882.49         2882.49    
     2.61628         2817.60         2817.60         2817.60    
     2.61720         2800.39         2800.39         2800.39    
     2.61812         2783.20         2783.20         2783.20    
     2.62159         2718.96         2718.96         2718.96    
     2.62611         2635.78         2635.78         2635.78    
     2.62958         2572.54         2572.54         2572.54    
     2.63050         2555.76         2555.76         2555.76    
     2.63142         2539.01         2539.01         2539.01    
     2.63489         2476.44         2476.44         2476.44    
     2.63941         2395.49         2395.49         2395.49    
     2.64288         2333.98         2333.98         2333.98    
     2.64380         2317.67         2317.67         2317.67    
     2.64472         2301.39         2301.39         2301.39    
     2.64819         2240.59         2240.59         2240.59    
     2.65271         2161.99         2161.99         2161.99    
     2.65618         2102.31         2102.31         2102.31    
     2.65710         2086.49         2086.49         2086.49    
     2.65802         2070.71         2070.71         2070.71    
     2.66149         2011.79         2011.79         2011.79    
     2.66601         1935.69         1935.69         1935.69    
     2.66948         1877.96         1877.96         1877.96    
     2.67040         1862.66         1862.66         1862.66    
     2.67132         1847.41         1847.41         1847.41    
     2.67479         1790.49         1790.49         1790.49    
     2.67931         1717.04         1717.04         1717.04    
     2.68278         1661.38         1661.38         1661.38    
     2.68370         1646.64         1646.64         1646.64    
     2.68462         1631.95         1631.95         1631.95    
     2.68809         1577.15         1577.15         1577.15    
     2.69261         1506.54         1506.54         1506.54    
     2.69608         1453.09         1453.09         1453.09    
     2.69700         1438.95         1438.95         1438.95    
     2.69792         1424.86         1424.86         1424.86    
     2.70139         1372.34         1372.34         1372.34    
     2.70591         1304.76         1304.76         1304.76    
     2.70938         1253.69         1253.69         1253.69    
     2.71030         1240.19         1240.19         1240.19    
     2.71122         1226.74         1226.74         1226.74    
     2.71469         1176.67         1176.67         1176.67    
     2.71921         1112.35         1112.35         1112.35    
     2.72268         1063.85         1063.85         1063.85    
     2.72360         1051.04         1051.04         1051.04    
     2.72452         1038.28         1038.28         1038.28    
     2.72799         990.854         990.854         990.854    
     2.73251         930.069         930.069         930.069    
     2.73598         884.339         884.339         884.339    
     2.73690         872.282         872.282         872.282    
     2.73782         860.280         860.280         860.280    
     2.74129         815.729         815.729         815.729    
     2.74581         758.798         758.798         758.798    
     2.74928         716.105         716.105         716.105    
     2.75020         704.870         704.870         704.870    
     2.75112         693.696         693.696         693.696    
     2.75459         652.302         652.302         652.302    
     2.75911         599.616         599.616         599.616    
     2.76258         560.282         560.282         560.282    
     2.76350         549.959         549.959         549.959    
     2.76442         539.702         539.702         539.702    
     2.76789         501.819         501.819         501.819    
     2.77241         453.877         453.877         453.877    
     2.77588         418.315         418.315         418.315    
     2.77680         409.018         409.018         409.018    
     2.77772         399.797         399.797         399.797    
     2.78119         365.888         365.888         365.888    
     2.78571         323.356         323.356         323.356    
     2.78918         292.131         292.131         292.131    
     2.79010         284.019         284.019         284.019    
     2.79102         275.998         275.998         275.998    
     2.79449         246.717         246.717         246.717    
     2.79901         210.560         210.560         210.560    
     2.80248         184.518         184.518         184.518    
     2.80340         177.836         177.836         177.836    
     2.80432         171.267         171.267         171.267    
     2.80779         147.654         147.654         147.654    
     2.81231         119.490         119.490         119.490    
     2.81578         100.150         100.150         100.150    
     2.81670         95.3571         95.3571         95.3571    
     2.81762         90.7263         90.7263         90.7263    
     2.82109         74.9032         74.9032         74.9032    
     2.82561         58.6191         58.6191         58.6191    
     2.82908         50.8325         50.8325         50.8325    
     2.83000         50.0000         50.0000         50.0000    
     2.83000         0.00000         0.00000         0.00000    
     2.83030         0.00000         0.00000         0.00000    
     2.83140         0.00000         0.00000         0.00000    
     2.83285         0.00000         0.00000         0.00000    
     2.83395         0.00000         0.00000         0.00000    
     2.83425         0.00000         0.00000         0.00000    
     2.83455         0.00000         0.00000         0.00000    
     2.83565         0.00000         0.00000         0.00000    
     2.83710         0.00000         0.00000         0.00000    
     2.83820         0.00000         0.00000         0.00000    
     2.83850         0.00000         0.00000         0.00000    
     2.83880         0.00000         0.00000         0.00000    
     2.83990         0.00000         0.00000         0.00000    
     2.84135         0.00000         0.00000         0.00000    
     2.84245         0.00000         0.00000         0.00000    
     2.84275         0.00000         0.00000         0.00000    
     2.84305         0.00000         0.00000         0.00000    
     2.84415         0.00000         0.00000         0.00000    
     2.84560         0.00000         0.00000         0.00000    
     2.84670         0.00000         0.00000         0.00000    
     2.84700         0.00000         0.00000         0.00000    
     2.84730         0.00000         0.00000         0.00000    
     2.84840         0.00000         0.00000         0.00000    
     2.84985         0.00000         0.00000         0.00000    
     2.85095         0.00000         0.00000         0.00000    
     2.85125         0.00000         0.00000         0.00000    
     2.85155         0.00000         0.00000         0.00000    
     2.85265         0.00000         0.00000         0.00000    
     2.85410         0.00000         0.00000         0.00000    
     2.85520         0.00000         0.00000         0.00000    
     2.85550         0.00000         0.00000         0.00000    
     2.85580         0.00000         0.00000         0.00000    
     2.85690         0.00000         0.00000         0.00000    
     2.85835         0.00000         0.00000         0.00000    
     2.85945         0.00000         0.00000         0.00000    
     2.85975         0.00000         0.00000         0.00000    
     2.86005         0.00000         0.00000         0.00000    
     2.86115         0.00000         0.00000         0.00000    
     2.86260         0.00000         0.00000         0.00000    
     2.86370         0.00000         0.00000         0.00000    
     2.86400         0.00000         0.00000         0.00000    
     2.86430         0.00000         0.00000         0.00000    
     2.86540         0.00000         0.00000         0.00000    
     2.86685         0.00000         0.00000         0.00000    
     2.86795         0.00000         0.00000         0.00000    
     2.86825         0.00000         0.00000         0.00000    
     2.86855         0.00000         0.00000         0.00000    
     2.86965         0.00000         0.00000         0.00000    
     2.87110         0.00000         0.00000         0.00000    
     2.87220         0.00000         0.00000         0.00000    
     2.87250         0.00000         0.00000         0.00000    
     2.87280         0.00000         0.00000         0.00000    
     2.87390         0.00000         0.00000         0.00000    
     2.87535         0.00000         0.00000         0.00000    
     2.87645         0.00000         0.00000         0.00000    
     2.87675         0.00000         0.00000         0.00000    
     2.87705         0.00000         0.00000         0.00000    
     2.87815         0.00000         0.00000         0.00000    
     2.87960         0.00000         0.00000         0.00000    
     2.88070         0.00000         0.00000         0.00000    
     2.88100         0.00000         0.00000         0.00000    
     2.88130         0.00000         0.00000         0.00000    
     2.88240         0.00000         0.00000         0.00000    
     2.88385         0.00000         0.00000         0.00000    
     2.88495         0.00000         0.00000         0.00000    
     2.88525         0.00000         0.00000         0.00000    
     2.88555         0.00000         0.00000         0.00000    
     2.88665         0.00000         0.00000         0.00000    
     2.88810         0.00000         0.00000         0.00000    
     2.88920         0.00000         0.00000         0.00000    
     2.88950         0.00000         0.00000         0.00000    
     2.88980         0.00000         0.00000         0.00000    
     2.89090         0.00000         0.00000         0.00000    
     2.89235         0.00000         0.00000         0.00000    
     2.89345         0.00000         0.00000         0.00000    
     2.89375         0.00000         0.00000         0.00000    
     2.89405         0.00000         0.00000         0.00000    
     2.89515         0.00000         0.00000         0.00000    
     2.89660         0.00000         0.00000         0.00000    
     2.89770         0.00000         0.00000         0.00000    
     2.89800         0.00000         0.00000         0.00000    
     2.89830         0.00000         0.00000         0.00000    
     2.89940         0.00000         0.00000         0.00000    
     2.90085         0.00000         0.00000         0.00000    
     2.90195         0.00000         0.00000         0.00000    
     2.90225         0.00000         0.00000         0.00000    
     2.90255         0.00000         0.00000         0.00000    
     2.90365         0.00000         0.00000         0.00000    
     2.90510         0.00000         0.00000         0.00000    
     2.90620         0.00000         0.00000         0.00000    
     2.90650         0.00000         0.00000         0.00000    
     2.90680         0.00000         0.00000         0.00000    
     2.90790         0.00000         0.00000         0.00000    
     2.90935         0.00000         0.00000         0.00000    
     2.91045         0.00000         0.00000         0.00000    
     2.91075         0.00000         0.00000         0.00000    
     2.91105         0.00000         0.00000         0.00000    
     2.91215         0.00000         0.00000         0.00000    
     2.91360         0.00000         0.00000         0.00000    
     2.91470         0.00000         0.00000         0.00000    
     2.91500         0.00000         0.00000         0.00000    
     2.91530         0.00000         0.00000         0.00000    
     2.91640         0.00000         0.00000         0.00000    
     2.91785         0.00000         0.00000         0.00000    
     2.91895         0.00000         0.00000         0.00000    
     2.91925         0.00000         0.00000         0.00000    
     2.91955         0.00000         0.00000         0.00000    
     2.92065         0.00000         0.00000         0.00000    
     2.92210         0.00000         0.00000         0.00000    
     2.92320         0.00000         0.00000         0.00000    
     2.92350         0.00000         0.00000         0.00000    
     2.92380         0.00000         0.00000         0.00000    
     2.92490         0.00000         0.00000         0.00000    
     2.92635         0.00000         0.00000         0.00000    
     2.92745         0.00000         0.00000         0.00000    
     2.92775         0.00000         0.00000         0.00000    
     2.92805         0.00000         0.00000         0.00000    
     2.92915         0.00000         0.00000         0.00000    
     2.93060         0.00000         0.00000         0.00000    
     2.93170         0.00000         0.00000         0.00000    
     2.93200         0.00000         0.00000         0.00000    
     2.93230         0.00000         0.00000         0.00000    
     2.93340         0.00000         0.00000         0.00000    
     2.93485         0.00000         0.00000         0.00000    
     2.93595         0.00000         0.00000         0.00000    
     2.93625         0.00000         0.00000         0.00000    
     2.93655         0.00000         0.00000         0.00000    
     2.93765         0.00000         0.00000         0.00000    
     2.93910         0.00000         0.00000         0.00000    
     2.94020         0.00000         0.00000         0.00000    
     2.94050         0.00000         0.00000         0.00000    
     2.94080         0.00000         0.00000         0.00000    
     2.94190         0.00000         0.00000         0.00000    
     2.94335         0.00000         0.00000         0.00000    
     2.94445         0.00000         0.00000         0.00000    
     2.94475         0.00000         0.00000         0.00000    
     2.94505         0.00000         0.00000         0.00000    
     2.94615         0.00000         0.00000         0.00000    
     2.94760         0.00000         0.00000         0.00000    
     2.94870         0.00000         0.00000         0.00000    
     2.94900         0.00000         0.00000         0.00000    
     2.94930         0.00000         0.00000         0.00000    
     2.95040         0.00000         0.00000         0.00000    
     2.95185         0.00000         0.00000         0.00000    
     2.95295         0.00000         0.00000         0.00000    
     2.95325         0.00000         0.00000         0.00000    
     2.95355         0.00000         0.00000         0.00000    
     2.95465         0.00000         0.00000         0.00000    
     2.95610         0.00000         0.00000         0.00000    
     2.95720         0.00000         0.00000         0.00000    
     2.95750         0.00000         0.00000         0.00000    
     2.95780         0.00000         0.00000         0.00000    
     2.95890         0.00000         0.00000         0.00000    
     2.96035         0.00000         0.00000         0.00000    
     2.96145         0.00000         0.00000         0.00000    
     2.96175         0.00000         0.00000         0.00000    
     2.96205         0.00000         0.00000         0.00000    
     2.96315         0.00000         0.00000         0.00000    
     2.96460         0.00000         0.00000         0.00000    
     2.96570         0.00000         0.00000         0.00000    
     2.96600         0.00000         0.00000         0.00000    
     2.96630         0.00000         0.00000         0.00000    
     2.96740         0.00000         0.00000         0.00000    
     2.96885         0.00000         0.00000         0.00000    
     2.96995         0.00000         0.00000         0.00000    
     2.97025         0.00000         0.00000         0.00000    
     2.97055         0.00000         0.00000         0.00000    
     2.97165         0.00000         0.00000         0.00000    
     2.97310         0.00000         0.00000         0.00000    
     2.97420         0.00000         0.00000         0.00000    
     2.97450         0.00000         0.00000         0.00000    
     2.97480         0.00000         0.00000         0.00000    
     2.97590         0.00000         0.00000         0.00000    
     2.97735         0.00000         0.00000         0.00000    
     2.97845         0.00000         0.00000         0.00000    
     2.97875         0.00000         0.00000         0.00000    
     2.97905         0.00000         0.00000         0.00000    
     2.98015         0.00000         0.00000         0.00000    
     2.98160         0.00000         0.00000         0.00000    
     2.98270         0.00000         0.00000         0.00000    
     2.98300         0.00000         0.00000         0.00000    
     2.98330         0.00000         0.00000         0.00000    
     2.98440         0.00000         0.00000         0.00000    
     2.98585         0.00000         0.00000         0.00000    
     2.98695         0.00000         0.00000         0.00000    
     2.98725         0.00000         0.00000         0.00000    
     2.98755         0.00000         0.00000         0.00000    
     2.98865         0.00000         0.00000         0.00000    
     2.99010         0.00000         0.00000         0.00000    
     2.99120         0.00000         0.00000         0.00000    
     2.99150         0.00000         0.00000         0.00000    
     2.99180         0.00000         0.00000         0.00000    
     2.99290         0.00000         0.00000         0.00000    
     2.99435         0.00000         0.00000         0.00000    
     2.99545         0.00000         0.00000         0.00000    
     2.99575         0.00000         0.00000         0.00000    
     2.99605         0.00000         0.00000         0.00000    
     2.99715         0.00000         0.00000         0.00000    
     2.99860         0.00000         0.00000         0.00000    
     2.99970         0.00000         0.00000         0.00000    
     3.00000         0.00000         0.00000         0.00000    
     3.00000         0.00000         0.00000         0.00000    
     3.00035         0.00000         0.00000         0.00000    
     3.00165         0.00000         0.00000         0.00000    
     3.00335         0.00000         0.00000         0.00000    
     3.00465         0.00000         0.00000         0.00000    
     3.00500         0.00000         0.00000         0.00000    
     3.00535         0.00000         0.00000         0.00000    
     3.00665         0.00000         0.00000         0.00000    
     3.00835         0.00000         0.00000         0.00000    
     3.00965         0.00000         0.00000         0.00000    
     3.01000         0.00000         0.00000         0.00000    
     3.01035         0.00000         0.00000         0.00000    
     3.01165         0.00000         0.00000         0.00000    
     3.01335         0.00000         0.00000         0.00000    
     3.01465         0.00000         0.00000         0.00000    
     3.01500         0.00000         0.00000         0.00000    
     3.01535         0.00000         0.00000         0.00000    
     3.01665         0.00000         0.00000         0.00000    
     3.01835         0.00000         0.00000         0.00000    
     3.01965         0.00000         0.00000         0.00000    
     3.02000         0.00000         0.00000         0.00000    
     3.02035         0.00000         0.00000         0.00000    
     3.02165         0.00000         0.00000         0.00000    
     3.02335         0.00000         0.00000         0.00000    
     3.02465         0.00000         0.00000         0.00000    
     3.02500         0.00000         0.00000         0.00000    
     3.02535         0.00000         0.00000         0.00000    
     3.02665         0.00000         0.00000         0.00000    
     3.02835         0.00000         0.00000         0.00000    
     3.02965         0.00000         0.00000         0.00000    
     3.03000         0.00000         0.00000         0.00000    
     3.03035         0.00000         0.00000         0.00000    
     3.03165         0.00000         0.00000         0.00000    
     3.03335         0.00000         0.00000         0.00000    
     3.03465         0.00000         0.00000         0.00000    
     3.03500         0.00000         0.00000         0.00000    
     3.03535         0.00000         0.00000         0.00000    
     3.03665         0.00000         0.00000         0.00000    
     3.03835         0.00000         0.00000         0.00000    
     3.03965         0.00000         0.00000         0.00000    
     3.04000         0.00000         0.00000         0.00000    
     3.04035         0.00000         0.00000         0.00000    
     3.04165         0.00000         0.00000         0.00000    
     3.04335         0.00000         0.00000         0.00000    
     3.04465         0.00000         0.00000         0.00000    
     3.04500         0.00000         0.00000         0.00000    
     3.04535         0.00000         0.00000         0.00000    
     3.04665         0.00000         0.00000         0.00000    
     3.04835         0.00000         0.00000         0.00000    
     3.04965         0.00000         0.00000         0.00000    
     3.05000         0.00000         0.00000         0.00000    
     3.05035         0.00000         0.00000         0.00000    
     3.05165         0.00000         0.00000         0.00000    
     3.05335         0.00000         0.00000         0.00000    
     3.05465         0.00000         0.00000         0.00000    
     3.05500         0.00000         0.00000         0.00000    
     3.05535         0.00000         0.00000         0.00000    
     3.05665         0.00000         0.00000         0.00000    
     3.05835         0.00000         0.00000         0.00000    
     3.05965         0.00000         0.00000         0.00000    
     3.06000         0.00000         0.00000         0.00000    
     3.06035         0.00000         0.00000         0.00000    
     3.06165         0.00000         0.00000         0.00000    
     3.06335         0.00000         0.00000         0.00000    
     3.06465         0.00000         0.00000         0.00000    
     3.06500         0.00000         0.00000         0.00000    
     3.06535         0.00000         0.00000         0.00000    
     3.06665         0.00000         0.00000         0.00000    
     3.06835         0.00000         0.00000         0.00000    
     3.06965         0.00000         0.00000         0.00000    
     3.07000         0.00000         0.00000         0.00000    
     3.07035         0.00000         0.00000         0.00000    
     3.07165         0.00000         0.00000         0.00000    
     3.07335         0.00000         0.00000         0.00000    
     3.07465         0.00000         0.00000         0.00000    
     3.07500         0.00000         0.00000         0.00000    
     3.07535         0.00000         0.00000         0.00000    
     3.07665         0.00000         0.00000         0.00000    
     3.07835         0.00000         0.00000         0.00000    
     3.07965         0.00000         0.00000         0.00000    
     3.08000         0.00000         0.00000         0.00000    
     3.08035         0.00000         0.00000         0.00000    
     3.08165         0.00000         0.00000         0.00000    
     3.08335         0.00000         0.00000         0.00000    
     3.08465         0.00000         0.00000         0.00000    
     3.08500         0.00000         0.00000         0.00000    
     3.08535         0.00000         0.00000         0.00000    
     3.08665         0.00000         0.00000         0.00000    
     3.08835         0.00000         0.00000         0.00000    
     3.08965         0.00000         0.00000         0.00000    
     3.09000         0.00000         0.00000         0.00000    
     3.09035         0.00000         0.00000         0.00000    
     3.09165         0.00000         0.00000         0.00000    
     3.09335         0.00000         0.00000         0.00000    
     3.09465         0.00000         0.00000         0.00000    
     3.09500         0.00000         0.00000         0.00000    
     3.09535         0.00000         0.00000         0.00000    
     3.09665         0.00000         0.00000         0.00000    
     3.09835         0.00000         0.00000         0.00000    
     3.09965         0.00000         0.00000         0.00000    
     3.10000         0.00000         0.00000         0.00000    
     3.10035         0.00000         0.00000         0.00000    
     3.10165         0.00000         0.00000         0.00000    
     3.10335         0.00000         0.00000         0.00000    
     3.10465         0.00000         0.00000         0.00000    
     3.10500         0.00000         0.00000         0.00000    
     3.10535         0.00000         0.00000         0.00000    
     3.10665         0.00000         0.00000         0.00000    
     3.10835         0.00000         0.00000         0.00000    
     3.10965         0.00000         0.00000         0.00000    
     3.11000         0.00000         0.00000         0.00000    
     3.11035         0.00000         0.00000         0.00000    
     3.11165         0.00000         0.00000         0.00000    
     3.11335         0.00000         0.00000         0.00000    
     3.11465         0.00000         0.00000         0.00000    
     3.11500         0.00000         0.00000         0.00000    
     3.11535         0.00000         0.00000         0.00000    
     3.11665         0.00000         0.00000         0.00000    
     3.11835         0.00000         0.00000         0.00000    
     3.11965         0.00000         0.00000         0.00000    
     3.12000         0.00000         0.00000         0.00000    
     3.12035         0.00000         0.00000         0.00000    
     3.12165         0.00000         0.00000         0.00000    
     3.12335         0.00000         0.00000         0.00000    
     3.12465         0.00000         0.00000         0.00000    
     3.12500         0.00000         0.00000         0.00000    
     3.12535         0.00000         0.00000         0.00000    
     3.12665         0.00000         0.00000         0.00000    
     3.12835         0.00000         0.00000         0.00000    
     3.12965         0.00000         0.00000         0.00000    
     3.13000         0.00000         0.00000         0.00000    
     3.13035         0.00000         0.00000         0.00000    
     3.13165         0.00000         0.00000         0.00000    
     3.13335         0.00000         0.00000         0.00000    
     3.13465         0.00000         0.00000         0.00000    
     3.13500         0.00000         0.00000         0.00000    
     3.13535         0.00000         0.00000         0.00000    
     3.13665         0.00000         0.00000         0.00000    
     3.13835         0.00000         0.00000         0.00000    
     3.13965         0.00000         0.00000         0.00000    
     3.14000         0.00000         0.00000         0.00000    
     3.14035         0.00000         0.00000         0.00000    
     3.14165         0.00000         0.00000         0.00000    
     3.14335         0.00000         0.00000         0.00000    
     3.14465         0.00000         0.00000         0.00000    
     3.14500         0.00000         0.00000         0.00000    
     3.14535         0.00000         0.00000         0.00000    
     3.14665         0.00000         0.00000         0.00000    
     3.14835         0.00000         0.00000         0.00000    
     3.14965         0.00000         0.00000         0.00000    
     3.15000         0.00000         0.00000         0.00000    
     3.15035         0.00000         0.00000         0.00000    
     3.15165         0.00000         0.00000         0.00000    
     3.15335         0.00000         0.00000         0.00000    
     3.15465         0.00000         0.00000         0.00000    
     3.15500         0.00000         0.00000         0.00000    
     3.15535         0.00000         0.00000         0.00000    
     3.15665         0.00000         0.00000         0.00000    
     3.15835         0.00000         0.00000         0.00000    
     3.15965         0.00000         0.00000         0.00000    
     3.16000         0.00000         0.00000         0.00000    
     3.16035         0.00000         0.00000         0.00000    
     3.16165         0.00000         0.00000         0.00000    
     3.16335         0.00000         0.00000         0.00000    
     3.16465         0.00000         0.00000         0.00000    
     3.16500         0.00000         0.00000         0.00000    
     3.16535         0.00000         0.00000         0.00000    
     3.16665         0.00000         0.00000         0.00000    
     3.16835         0.00000         0.00000         0.00000    
     3.16965         0.00000         0.00000         0.00000    
     3.17000         0.00000         0.00000         0.00000    
     3.17035         0.00000         0.00000         0.00000    
     3.17165         0.00000         0.00000         0.00000    
     3.17335         0.00000         0.00000         0.00000    
     3.17465         0.00000         0.00000         0.00000    
     3.17500         0.00000         0.00000         0.00000    
     3.17535         0.00000         0.00000         0.00000    
     3.17665         0.00000         0.00000         0.00000    
     3.17835         0.00000         0.00000         0.00000    
     3.17965         0.00000         0.00000         0.00000    
     3.18000         0.00000         0.00000         0.00000    
     3.18035         0.00000         0.00000         0.00000    
     3.18165         0.00000         0.00000         0.00000    
     3.18335         0.00000         0.00000         0.00000    
     3.18465         0.00000         0.00000         0.00000    
     3.18500         0.00000         0.00000         0.00000    
     3.18535         0.00000         0.00000         0.00000    
     3.18665         0.00000         0.00000         0.00000    
     3.18835         0.00000         0.00000         0.00000    
     3.18965         0.00000         0.00000         0.00000    
     3.19000         0.00000         0.00000         0.00000    
     3.19035         0.00000         0.00000         0.00000    
     3.19165         0.00000         0.00000         0.00000    
     3.19335         0.00000         0.00000         0.00000    
     3.19465         0.00000         0.00000         0.00000    
     3.19500         0.00000         0.00000         0.00000    
     3.19535         0.00000         0.00000         0.00000    
     3.19665         0.00000         0.00000         0.00000    
     3.19835         0.00000         0.00000         0.00000    
     3.19965         0.00000         0.00000         0.00000    
     3.20000         0.00000         0.00000         0.00000    
