 Thermal velocity profiles
 nspec rad  pla 
     3 1408 1006
 rho(m) Electrons Deuterium Tritium   
     0.00000        0.132615E+09    0.218847E+07    0.178688E+07
    0.138864E-02    0.132615E+09    0.218847E+07    0.178688E+07
    0.660019E-02    0.132614E+09    0.218846E+07    0.178687E+07
    0.133998E-01    0.132613E+09    0.218844E+07    0.178685E+07
    0.186114E-01    0.132611E+09    0.218840E+07    0.178682E+07
    0.200000E-01    0.132610E+09    0.218839E+07    0.178681E+07
    0.210276E-01    0.132609E+09    0.218838E+07    0.178681E+07
    0.248841E-01    0.132607E+09    0.218835E+07    0.178678E+07
    0.299159E-01    0.132604E+09    0.218829E+07    0.178673E+07
    0.337724E-01    0.132601E+09    0.218824E+07    0.178669E+07
    0.348000E-01    0.132600E+09    0.218823E+07    0.178668E+07
    0.358276E-01    0.132599E+09    0.218821E+07    0.178667E+07
    0.396841E-01    0.132595E+09    0.218815E+07    0.178662E+07
    0.447159E-01    0.132590E+09    0.218806E+07    0.178655E+07
    0.485724E-01    0.132586E+09    0.218799E+07    0.178649E+07
    0.496000E-01    0.132584E+09    0.218797E+07    0.178647E+07
    0.506276E-01    0.132583E+09    0.218795E+07    0.178645E+07
    0.544841E-01    0.132578E+09    0.218787E+07    0.178638E+07
    0.595159E-01    0.132571E+09    0.218775E+07    0.178629E+07
    0.633724E-01    0.132565E+09    0.218765E+07    0.178621E+07
    0.644000E-01    0.132564E+09    0.218762E+07    0.178619E+07
    0.654276E-01    0.132562E+09    0.218760E+07    0.178617E+07
    0.692841E-01    0.132555E+09    0.218749E+07    0.178608E+07
    0.743159E-01    0.132546E+09    0.218734E+07    0.178596E+07
    0.781724E-01    0.132539E+09    0.218722E+07    0.178586E+07
    0.792000E-01    0.132537E+09    0.218719E+07    0.178583E+07
    0.802276E-01    0.132535E+09    0.218716E+07    0.178580E+07
    0.840841E-01    0.132527E+09    0.218703E+07    0.178570E+07
    0.891159E-01    0.132516E+09    0.218685E+07    0.178555E+07
    0.929724E-01    0.132508E+09    0.218670E+07    0.178544E+07
    0.940000E-01    0.132505E+09    0.218666E+07    0.178540E+07
    0.950276E-01    0.132503E+09    0.218662E+07    0.178537E+07
    0.988841E-01    0.132494E+09    0.218647E+07    0.178525E+07
    0.103916        0.132481E+09    0.218626E+07    0.178508E+07
    0.107772        0.132471E+09    0.218609E+07    0.178494E+07
    0.108800        0.132468E+09    0.218605E+07    0.178490E+07
    0.109828        0.132465E+09    0.218600E+07    0.178486E+07
    0.113684        0.132455E+09    0.218583E+07    0.178472E+07
    0.118716        0.132440E+09    0.218559E+07    0.178452E+07
    0.122572        0.132429E+09    0.218540E+07    0.178437E+07
    0.123600        0.132425E+09    0.218534E+07    0.178433E+07
    0.124628        0.132422E+09    0.218529E+07    0.178428E+07
    0.128484        0.132410E+09    0.218509E+07    0.178412E+07
    0.133516        0.132394E+09    0.218482E+07    0.178390E+07
    0.137372        0.132381E+09    0.218461E+07    0.178373E+07
    0.138400        0.132377E+09    0.218455E+07    0.178368E+07
    0.139428        0.132374E+09    0.218449E+07    0.178363E+07
    0.143284        0.132360E+09    0.218427E+07    0.178345E+07
    0.148316        0.132342E+09    0.218397E+07    0.178320E+07
    0.152172        0.132328E+09    0.218373E+07    0.178301E+07
    0.153200        0.132324E+09    0.218367E+07    0.178296E+07
    0.154228        0.132320E+09    0.218360E+07    0.178290E+07
    0.158084        0.132305E+09    0.218335E+07    0.178270E+07
    0.163116        0.132285E+09    0.218302E+07    0.178243E+07
    0.166972        0.132269E+09    0.218276E+07    0.178222E+07
    0.168000        0.132265E+09    0.218269E+07    0.178216E+07
    0.169028        0.132260E+09    0.218262E+07    0.178210E+07
    0.172884        0.132244E+09    0.218235E+07    0.178188E+07
    0.177916        0.132222E+09    0.218199E+07    0.178159E+07
    0.181772        0.132205E+09    0.218171E+07    0.178135E+07
    0.182800        0.132200E+09    0.218163E+07    0.178129E+07
    0.183828        0.132196E+09    0.218155E+07    0.178123E+07
    0.187684        0.132178E+09    0.218126E+07    0.178099E+07
    0.192716        0.132154E+09    0.218087E+07    0.178067E+07
    0.196572        0.132135E+09    0.218056E+07    0.178042E+07
    0.197600        0.132130E+09    0.218047E+07    0.178035E+07
    0.198628        0.132125E+09    0.218039E+07    0.178028E+07
    0.202484        0.132106E+09    0.218007E+07    0.178002E+07
    0.207516        0.132080E+09    0.217965E+07    0.177968E+07
    0.211372        0.132060E+09    0.217932E+07    0.177941E+07
    0.212400        0.132055E+09    0.217923E+07    0.177933E+07
    0.213428        0.132049E+09    0.217914E+07    0.177926E+07
    0.217284        0.132029E+09    0.217880E+07    0.177898E+07
    0.222316        0.132001E+09    0.217835E+07    0.177861E+07
    0.226172        0.131980E+09    0.217799E+07    0.177832E+07
    0.227200        0.131974E+09    0.217790E+07    0.177824E+07
    0.228228        0.131968E+09    0.217780E+07    0.177817E+07
    0.232084        0.131946E+09    0.217744E+07    0.177787E+07
    0.237116        0.131917E+09    0.217695E+07    0.177747E+07
    0.240972        0.131894E+09    0.217657E+07    0.177717E+07
    0.242000        0.131888E+09    0.217647E+07    0.177708E+07
    0.243028        0.131882E+09    0.217637E+07    0.177700E+07
    0.246884        0.131858E+09    0.217598E+07    0.177668E+07
    0.251916        0.131827E+09    0.217547E+07    0.177626E+07
    0.255772        0.131803E+09    0.217507E+07    0.177593E+07
    0.256800        0.131796E+09    0.217496E+07    0.177585E+07
    0.257828        0.131789E+09    0.217485E+07    0.177576E+07
    0.261684        0.131765E+09    0.217444E+07    0.177542E+07
    0.266716        0.131731E+09    0.217389E+07    0.177498E+07
    0.270572        0.131706E+09    0.217347E+07    0.177463E+07
    0.271600        0.131699E+09    0.217335E+07    0.177454E+07
    0.272628        0.131692E+09    0.217324E+07    0.177444E+07
    0.276484        0.131665E+09    0.217280E+07    0.177409E+07
    0.281516        0.131631E+09    0.217223E+07    0.177362E+07
    0.285372        0.131603E+09    0.217178E+07    0.177325E+07
    0.286400        0.131596E+09    0.217166E+07    0.177315E+07
    0.287428        0.131589E+09    0.217154E+07    0.177305E+07
    0.291284        0.131561E+09    0.217108E+07    0.177268E+07
    0.296316        0.131524E+09    0.217047E+07    0.177218E+07
    0.300172        0.131496E+09    0.217000E+07    0.177180E+07
    0.301200        0.131488E+09    0.216987E+07    0.177169E+07
    0.302228        0.131480E+09    0.216975E+07    0.177159E+07
    0.306084        0.131451E+09    0.216926E+07    0.177120E+07
    0.311116        0.131412E+09    0.216863E+07    0.177068E+07
    0.314972        0.131382E+09    0.216813E+07    0.177027E+07
    0.316000        0.131374E+09    0.216800E+07    0.177016E+07
    0.317028        0.131366E+09    0.216786E+07    0.177005E+07
    0.320884        0.131335E+09    0.216736E+07    0.176964E+07
    0.325916        0.131295E+09    0.216669E+07    0.176909E+07
    0.329772        0.131263E+09    0.216617E+07    0.176867E+07
    0.330800        0.131255E+09    0.216603E+07    0.176856E+07
    0.331828        0.131247E+09    0.216589E+07    0.176844E+07
    0.335684        0.131215E+09    0.216536E+07    0.176801E+07
    0.340716        0.131172E+09    0.216466E+07    0.176744E+07
    0.344572        0.131139E+09    0.216412E+07    0.176700E+07
    0.345600        0.131130E+09    0.216397E+07    0.176688E+07
    0.346628        0.131122E+09    0.216383E+07    0.176676E+07
    0.350484        0.131088E+09    0.216328E+07    0.176631E+07
    0.355516        0.131044E+09    0.216255E+07    0.176571E+07
    0.359372        0.131009E+09    0.216198E+07    0.176525E+07
    0.360400        0.131000E+09    0.216183E+07    0.176512E+07
    0.361428        0.130991E+09    0.216167E+07    0.176500E+07
    0.365284        0.130956E+09    0.216110E+07    0.176453E+07
    0.370316        0.130910E+09    0.216034E+07    0.176391E+07
    0.374172        0.130874E+09    0.215975E+07    0.176343E+07
    0.375200        0.130865E+09    0.215959E+07    0.176330E+07
    0.376228        0.130855E+09    0.215943E+07    0.176317E+07
    0.380084        0.130819E+09    0.215883E+07    0.176268E+07
    0.385116        0.130771E+09    0.215804E+07    0.176203E+07
    0.388972        0.130733E+09    0.215742E+07    0.176153E+07
    0.390000        0.130723E+09    0.215726E+07    0.176139E+07
    0.391028        0.130713E+09    0.215709E+07    0.176126E+07
    0.394884        0.130676E+09    0.215647E+07    0.176075E+07
    0.399916        0.130626E+09    0.215565E+07    0.176008E+07
    0.403772        0.130587E+09    0.215501E+07    0.175956E+07
    0.404800        0.130577E+09    0.215484E+07    0.175942E+07
    0.405828        0.130566E+09    0.215467E+07    0.175928E+07
    0.409684        0.130527E+09    0.215402E+07    0.175875E+07
    0.414716        0.130475E+09    0.215317E+07    0.175805E+07
    0.418572        0.130435E+09    0.215250E+07    0.175751E+07
    0.419600        0.130425E+09    0.215233E+07    0.175737E+07
    0.420628        0.130414E+09    0.215215E+07    0.175722E+07
    0.424484        0.130373E+09    0.215148E+07    0.175667E+07
    0.429516        0.130320E+09    0.215059E+07    0.175595E+07
    0.433372        0.130278E+09    0.214991E+07    0.175539E+07
    0.434400        0.130267E+09    0.214972E+07    0.175524E+07
    0.435428        0.130256E+09    0.214954E+07    0.175509E+07
    0.439284        0.130214E+09    0.214885E+07    0.175452E+07
    0.444316        0.130158E+09    0.214793E+07    0.175378E+07
    0.448172        0.130115E+09    0.214722E+07    0.175320E+07
    0.449200        0.130104E+09    0.214703E+07    0.175304E+07
    0.450228        0.130092E+09    0.214684E+07    0.175289E+07
    0.454084        0.130049E+09    0.214612E+07    0.175230E+07
    0.459116        0.129991E+09    0.214517E+07    0.175153E+07
    0.462972        0.129947E+09    0.214444E+07    0.175093E+07
    0.464000        0.129935E+09    0.214425E+07    0.175077E+07
    0.465028        0.129923E+09    0.214405E+07    0.175061E+07
    0.468884        0.129878E+09    0.214331E+07    0.175000E+07
    0.473916        0.129819E+09    0.214233E+07    0.174920E+07
    0.477772        0.129773E+09    0.214157E+07    0.174859E+07
    0.478800        0.129761E+09    0.214137E+07    0.174842E+07
    0.479828        0.129748E+09    0.214117E+07    0.174825E+07
    0.483684        0.129702E+09    0.214040E+07    0.174763E+07
    0.488716        0.129641E+09    0.213939E+07    0.174680E+07
    0.492572        0.129593E+09    0.213861E+07    0.174617E+07
    0.493600        0.129581E+09    0.213840E+07    0.174600E+07
    0.494628        0.129568E+09    0.213819E+07    0.174582E+07
    0.498484        0.129520E+09    0.213740E+07    0.174518E+07
    0.503516        0.129457E+09    0.213636E+07    0.174433E+07
    0.507372        0.129408E+09    0.213555E+07    0.174367E+07
    0.508400        0.129395E+09    0.213534E+07    0.174350E+07
    0.509428        0.129382E+09    0.213512E+07    0.174332E+07
    0.513284        0.129333E+09    0.213431E+07    0.174266E+07
    0.518316        0.129268E+09    0.213324E+07    0.174178E+07
    0.522172        0.129218E+09    0.213241E+07    0.174110E+07
    0.523200        0.129204E+09    0.213219E+07    0.174092E+07
    0.524228        0.129191E+09    0.213196E+07    0.174074E+07
    0.528084        0.129140E+09    0.213113E+07    0.174006E+07
    0.533116        0.129073E+09    0.213002E+07    0.173916E+07
    0.536972        0.129021E+09    0.212917E+07    0.173846E+07
    0.538000        0.129008E+09    0.212894E+07    0.173827E+07
    0.539028        0.128994E+09    0.212871E+07    0.173809E+07
    0.542884        0.128941E+09    0.212785E+07    0.173738E+07
    0.547916        0.128873E+09    0.212672E+07    0.173646E+07
    0.551772        0.128820E+09    0.212584E+07    0.173574E+07
    0.552800        0.128805E+09    0.212561E+07    0.173555E+07
    0.553828        0.128791E+09    0.212537E+07    0.173536E+07
    0.557684        0.128737E+09    0.212448E+07    0.173463E+07
    0.562716        0.128667E+09    0.212332E+07    0.173368E+07
    0.566572        0.128612E+09    0.212242E+07    0.173295E+07
    0.567600        0.128598E+09    0.212218E+07    0.173275E+07
    0.568628        0.128583E+09    0.212194E+07    0.173255E+07
    0.572484        0.128528E+09    0.212103E+07    0.173181E+07
    0.577516        0.128455E+09    0.211983E+07    0.173083E+07
    0.581372        0.128399E+09    0.211890E+07    0.173008E+07
    0.582400        0.128384E+09    0.211866E+07    0.172988E+07
    0.583428        0.128369E+09    0.211841E+07    0.172967E+07
    0.587284        0.128313E+09    0.211747E+07    0.172891E+07
    0.592316        0.128238E+09    0.211624E+07    0.172791E+07
    0.596172        0.128181E+09    0.211530E+07    0.172713E+07
    0.597200        0.128165E+09    0.211504E+07    0.172692E+07
    0.598228        0.128150E+09    0.211479E+07    0.172672E+07
    0.602084        0.128092E+09    0.211383E+07    0.172593E+07
    0.607116        0.128015E+09    0.211257E+07    0.172490E+07
    0.610972        0.127956E+09    0.211160E+07    0.172411E+07
    0.612000        0.127941E+09    0.211133E+07    0.172390E+07
    0.613028        0.127925E+09    0.211107E+07    0.172368E+07
    0.616884        0.127865E+09    0.211009E+07    0.172288E+07
    0.621916        0.127787E+09    0.210880E+07    0.172183E+07
    0.625772        0.127727E+09    0.210780E+07    0.172101E+07
    0.626800        0.127710E+09    0.210753E+07    0.172079E+07
    0.627828        0.127694E+09    0.210727E+07    0.172058E+07
    0.631684        0.127633E+09    0.210626E+07    0.171975E+07
    0.636716        0.127553E+09    0.210494E+07    0.171867E+07
    0.640572        0.127491E+09    0.210392E+07    0.171784E+07
    0.641600        0.127474E+09    0.210364E+07    0.171762E+07
    0.642628        0.127458E+09    0.210337E+07    0.171739E+07
    0.646484        0.127395E+09    0.210234E+07    0.171655E+07
    0.651516        0.127313E+09    0.210098E+07    0.171544E+07
    0.655372        0.127250E+09    0.209994E+07    0.171459E+07
    0.656400        0.127233E+09    0.209966E+07    0.171436E+07
    0.657428        0.127216E+09    0.209938E+07    0.171413E+07
    0.661284        0.127152E+09    0.209832E+07    0.171327E+07
    0.666316        0.127068E+09    0.209693E+07    0.171214E+07
    0.670172        0.127003E+09    0.209586E+07    0.171126E+07
    0.671200        0.126986E+09    0.209558E+07    0.171103E+07
    0.672228        0.126968E+09    0.209529E+07    0.171080E+07
    0.676084        0.126903E+09    0.209421E+07    0.170991E+07
    0.681116        0.126817E+09    0.209279E+07    0.170876E+07
    0.684972        0.126750E+09    0.209169E+07    0.170786E+07
    0.686000        0.126733E+09    0.209140E+07    0.170762E+07
    0.687028        0.126715E+09    0.209111E+07    0.170738E+07
    0.690884        0.126648E+09    0.209000E+07    0.170648E+07
    0.695916        0.126560E+09    0.208855E+07    0.170530E+07
    0.699772        0.126492E+09    0.208743E+07    0.170438E+07
    0.700800        0.126474E+09    0.208713E+07    0.170414E+07
    0.701828        0.126456E+09    0.208683E+07    0.170389E+07
    0.705684        0.126388E+09    0.208571E+07    0.170297E+07
    0.710716        0.126298E+09    0.208422E+07    0.170176E+07
    0.714572        0.126228E+09    0.208308E+07    0.170083E+07
    0.715600        0.126210E+09    0.208277E+07    0.170058E+07
    0.716628        0.126191E+09    0.208247E+07    0.170033E+07
    0.720484        0.126121E+09    0.208131E+07    0.169938E+07
    0.725516        0.126030E+09    0.207980E+07    0.169815E+07
    0.729372        0.125959E+09    0.207863E+07    0.169719E+07
    0.730400        0.125940E+09    0.207832E+07    0.169694E+07
    0.731428        0.125921E+09    0.207800E+07    0.169668E+07
    0.735284        0.125849E+09    0.207683E+07    0.169572E+07
    0.740316        0.125756E+09    0.207528E+07    0.169446E+07
    0.744172        0.125683E+09    0.207409E+07    0.169348E+07
    0.745200        0.125664E+09    0.207377E+07    0.169322E+07
    0.746228        0.125645E+09    0.207345E+07    0.169296E+07
    0.750084        0.125572E+09    0.207224E+07    0.169198E+07
    0.755116        0.125476E+09    0.207066E+07    0.169069E+07
    0.758972        0.125402E+09    0.206945E+07    0.168970E+07
    0.760000        0.125383E+09    0.206912E+07    0.168943E+07
    0.761028        0.125363E+09    0.206880E+07    0.168916E+07
    0.764884        0.125288E+09    0.206757E+07    0.168816E+07
    0.769916        0.125191E+09    0.206596E+07    0.168685E+07
    0.773772        0.125116E+09    0.206471E+07    0.168583E+07
    0.774800        0.125095E+09    0.206438E+07    0.168556E+07
    0.775828        0.125075E+09    0.206405E+07    0.168529E+07
    0.779684        0.124999E+09    0.206280E+07    0.168427E+07
    0.784716        0.124900E+09    0.206115E+07    0.168292E+07
    0.788572        0.124823E+09    0.205989E+07    0.168189E+07
    0.789600        0.124802E+09    0.205955E+07    0.168161E+07
    0.790628        0.124782E+09    0.205921E+07    0.168134E+07
    0.794484        0.124704E+09    0.205793E+07    0.168029E+07
    0.799516        0.124603E+09    0.205625E+07    0.167892E+07
    0.803372        0.124525E+09    0.205496E+07    0.167787E+07
    0.804400        0.124504E+09    0.205462E+07    0.167759E+07
    0.805428        0.124483E+09    0.205427E+07    0.167730E+07
    0.809284        0.124404E+09    0.205297E+07    0.167624E+07
    0.814316        0.124300E+09    0.205126E+07    0.167485E+07
    0.818172        0.124220E+09    0.204994E+07    0.167377E+07
    0.819200        0.124199E+09    0.204959E+07    0.167348E+07
    0.820228        0.124178E+09    0.204924E+07    0.167320E+07
    0.824084        0.124097E+09    0.204791E+07    0.167211E+07
    0.829116        0.123992E+09    0.204617E+07    0.167069E+07
    0.832972        0.123910E+09    0.204483E+07    0.166959E+07
    0.834000        0.123889E+09    0.204447E+07    0.166930E+07
    0.835028        0.123867E+09    0.204411E+07    0.166901E+07
    0.838884        0.123785E+09    0.204276E+07    0.166790E+07
    0.843916        0.123677E+09    0.204098E+07    0.166646E+07
    0.847772        0.123595E+09    0.203962E+07    0.166534E+07
    0.848800        0.123572E+09    0.203925E+07    0.166504E+07
    0.849828        0.123550E+09    0.203888E+07    0.166474E+07
    0.853684        0.123467E+09    0.203751E+07    0.166362E+07
    0.858716        0.123357E+09    0.203570E+07    0.166214E+07
    0.862572        0.123273E+09    0.203431E+07    0.166101E+07
    0.863600        0.123250E+09    0.203394E+07    0.166070E+07
    0.864628        0.123228E+09    0.203356E+07    0.166040E+07
    0.868484        0.123143E+09    0.203216E+07    0.165925E+07
    0.873516        0.123031E+09    0.203032E+07    0.165775E+07
    0.877372        0.122946E+09    0.202890E+07    0.165659E+07
    0.878400        0.122923E+09    0.202852E+07    0.165628E+07
    0.879428        0.122900E+09    0.202815E+07    0.165597E+07
    0.883284        0.122813E+09    0.202672E+07    0.165481E+07
    0.888316        0.122700E+09    0.202485E+07    0.165328E+07
    0.892172        0.122612E+09    0.202340E+07    0.165210E+07
    0.893200        0.122589E+09    0.202302E+07    0.165179E+07
    0.894228        0.122565E+09    0.202263E+07    0.165147E+07
    0.898084        0.122477E+09    0.202118E+07    0.165028E+07
    0.903116        0.122362E+09    0.201927E+07    0.164873E+07
    0.906972        0.122273E+09    0.201780E+07    0.164753E+07
    0.908000        0.122249E+09    0.201741E+07    0.164721E+07
    0.909028        0.122225E+09    0.201702E+07    0.164689E+07
    0.912884        0.122136E+09    0.201554E+07    0.164568E+07
    0.917916        0.122018E+09    0.201360E+07    0.164410E+07
    0.921772        0.121928E+09    0.201211E+07    0.164288E+07
    0.922800        0.121904E+09    0.201171E+07    0.164255E+07
    0.923828        0.121879E+09    0.201131E+07    0.164223E+07
    0.927684        0.121788E+09    0.200981E+07    0.164100E+07
    0.932716        0.121669E+09    0.200783E+07    0.163939E+07
    0.936572        0.121577E+09    0.200632E+07    0.163815E+07
    0.937600        0.121552E+09    0.200591E+07    0.163782E+07
    0.938628        0.121528E+09    0.200550E+07    0.163749E+07
    0.942484        0.121435E+09    0.200397E+07    0.163624E+07
    0.947516        0.121313E+09    0.200197E+07    0.163460E+07
    0.951372        0.121220E+09    0.200042E+07    0.163334E+07
    0.952400        0.121195E+09    0.200001E+07    0.163300E+07
    0.953428        0.121170E+09    0.199960E+07    0.163266E+07
    0.957284        0.121075E+09    0.199804E+07    0.163140E+07
    0.962316        0.120952E+09    0.199600E+07    0.162973E+07
    0.966172        0.120857E+09    0.199443E+07    0.162845E+07
    0.967200        0.120831E+09    0.199401E+07    0.162811E+07
    0.968228        0.120806E+09    0.199359E+07    0.162776E+07
    0.972084        0.120710E+09    0.199201E+07    0.162647E+07
    0.977116        0.120585E+09    0.198994E+07    0.162478E+07
    0.980972        0.120488E+09    0.198835E+07    0.162348E+07
    0.982000        0.120462E+09    0.198792E+07    0.162313E+07
    0.983028        0.120436E+09    0.198749E+07    0.162278E+07
    0.986884        0.120339E+09    0.198589E+07    0.162147E+07
    0.991916        0.120211E+09    0.198378E+07    0.161975E+07
    0.995772        0.120113E+09    0.198216E+07    0.161843E+07
    0.996800        0.120087E+09    0.198173E+07    0.161807E+07
    0.997828        0.120060E+09    0.198129E+07    0.161772E+07
     1.00168        0.119962E+09    0.197966E+07    0.161639E+07
     1.00672        0.119832E+09    0.197752E+07    0.161464E+07
     1.01057        0.119732E+09    0.197587E+07    0.161329E+07
     1.01160        0.119705E+09    0.197543E+07    0.161293E+07
     1.01263        0.119679E+09    0.197499E+07    0.161257E+07
     1.01648        0.119578E+09    0.197333E+07    0.161122E+07
     1.02152        0.119446E+09    0.197116E+07    0.160945E+07
     1.02537        0.119345E+09    0.196949E+07    0.160808E+07
     1.02640        0.119318E+09    0.196904E+07    0.160771E+07
     1.02743        0.119291E+09    0.196859E+07    0.160735E+07
     1.03128        0.119189E+09    0.196691E+07    0.160597E+07
     1.03632        0.119055E+09    0.196470E+07    0.160417E+07
     1.04017        0.118952E+09    0.196300E+07    0.160278E+07
     1.04120        0.118925E+09    0.196255E+07    0.160241E+07
     1.04223        0.118897E+09    0.196209E+07    0.160204E+07
     1.04608        0.118793E+09    0.196038E+07    0.160065E+07
     1.05112        0.118658E+09    0.195814E+07    0.159882E+07
     1.05497        0.118553E+09    0.195642E+07    0.159741E+07
     1.05600        0.118525E+09    0.195595E+07    0.159703E+07
     1.05703        0.118497E+09    0.195549E+07    0.159665E+07
     1.06088        0.118392E+09    0.195376E+07    0.159524E+07
     1.06592        0.118254E+09    0.195148E+07    0.159338E+07
     1.06977        0.118148E+09    0.194973E+07    0.159195E+07
     1.07080        0.118119E+09    0.194926E+07    0.159156E+07
     1.07183        0.118091E+09    0.194879E+07    0.159118E+07
     1.07568        0.117984E+09    0.194703E+07    0.158974E+07
     1.08072        0.117844E+09    0.194472E+07    0.158786E+07
     1.08457        0.117736E+09    0.194294E+07    0.158640E+07
     1.08560        0.117708E+09    0.194247E+07    0.158602E+07
     1.08663        0.117679E+09    0.194199E+07    0.158563E+07
     1.09048        0.117570E+09    0.194020E+07    0.158417E+07
     1.09552        0.117428E+09    0.193786E+07    0.158225E+07
     1.09937        0.117319E+09    0.193605E+07    0.158078E+07
     1.10040        0.117290E+09    0.193557E+07    0.158039E+07
     1.10143        0.117261E+09    0.193509E+07    0.157999E+07
     1.10528        0.117151E+09    0.193327E+07    0.157851E+07
     1.11032        0.117006E+09    0.193089E+07    0.157657E+07
     1.11417        0.116895E+09    0.192906E+07    0.157507E+07
     1.11520        0.116866E+09    0.192857E+07    0.157467E+07
     1.11623        0.116836E+09    0.192808E+07    0.157427E+07
     1.12008        0.116724E+09    0.192624E+07    0.157277E+07
     1.12512        0.116578E+09    0.192383E+07    0.157080E+07
     1.12897        0.116466E+09    0.192197E+07    0.156928E+07
     1.13000        0.116436E+09    0.192147E+07    0.156888E+07
     1.13103        0.116405E+09    0.192098E+07    0.156847E+07
     1.13488        0.116292E+09    0.191911E+07    0.156694E+07
     1.13992        0.116144E+09    0.191666E+07    0.156495E+07
     1.14377        0.116030E+09    0.191477E+07    0.156341E+07
     1.14480        0.115999E+09    0.191427E+07    0.156300E+07
     1.14583        0.115969E+09    0.191377E+07    0.156258E+07
     1.14968        0.115854E+09    0.191187E+07    0.156104E+07
     1.15472        0.115703E+09    0.190939E+07    0.155901E+07
     1.15857        0.115587E+09    0.190748E+07    0.155745E+07
     1.15960        0.115556E+09    0.190697E+07    0.155703E+07
     1.16063        0.115525E+09    0.190645E+07    0.155661E+07
     1.16448        0.115409E+09    0.190453E+07    0.155504E+07
     1.16952        0.115256E+09    0.190201E+07    0.155299E+07
     1.17337        0.115139E+09    0.190008E+07    0.155140E+07
     1.17440        0.115108E+09    0.189956E+07    0.155098E+07
     1.17543        0.115076E+09    0.189904E+07    0.155056E+07
     1.17928        0.114958E+09    0.189709E+07    0.154897E+07
     1.18432        0.114803E+09    0.189454E+07    0.154688E+07
     1.18817        0.114684E+09    0.189257E+07    0.154528E+07
     1.18920        0.114652E+09    0.189205E+07    0.154485E+07
     1.19023        0.114620E+09    0.189152E+07    0.154442E+07
     1.19408        0.114501E+09    0.188954E+07    0.154281E+07
     1.19912        0.114344E+09    0.188695E+07    0.154069E+07
     1.20297        0.114223E+09    0.188496E+07    0.153906E+07
     1.20400        0.114191E+09    0.188443E+07    0.153863E+07
     1.20503        0.114159E+09    0.188390E+07    0.153819E+07
     1.20888        0.114037E+09    0.188189E+07    0.153656E+07
     1.21392        0.113878E+09    0.187927E+07    0.153442E+07
     1.21777        0.113756E+09    0.187725E+07    0.153277E+07
     1.21880        0.113723E+09    0.187671E+07    0.153233E+07
     1.21983        0.113690E+09    0.187617E+07    0.153188E+07
     1.22368        0.113567E+09    0.187414E+07    0.153023E+07
     1.22872        0.113406E+09    0.187148E+07    0.152805E+07
     1.23257        0.113282E+09    0.186943E+07    0.152638E+07
     1.23360        0.113249E+09    0.186888E+07    0.152594E+07
     1.23463        0.113216E+09    0.186833E+07    0.152549E+07
     1.23848        0.113091E+09    0.186628E+07    0.152381E+07
     1.24352        0.112927E+09    0.186358E+07    0.152161E+07
     1.24737        0.112802E+09    0.186150E+07    0.151991E+07
     1.24840        0.112768E+09    0.186095E+07    0.151946E+07
     1.24943        0.112734E+09    0.186040E+07    0.151901E+07
     1.25328        0.112608E+09    0.185831E+07    0.151730E+07
     1.25832        0.112442E+09    0.185558E+07    0.151507E+07
     1.26217        0.112315E+09    0.185347E+07    0.151336E+07
     1.26320        0.112281E+09    0.185291E+07    0.151290E+07
     1.26423        0.112247E+09    0.185235E+07    0.151244E+07
     1.26808        0.112119E+09    0.185024E+07    0.151071E+07
     1.27312        0.111951E+09    0.184747E+07    0.150845E+07
     1.27697        0.111822E+09    0.184534E+07    0.150671E+07
     1.27800        0.111787E+09    0.184477E+07    0.150625E+07
     1.27903        0.111753E+09    0.184420E+07    0.150578E+07
     1.28288        0.111623E+09    0.184206E+07    0.150403E+07
     1.28792        0.111453E+09    0.183925E+07    0.150174E+07
     1.29177        0.111322E+09    0.183709E+07    0.149998E+07
     1.29280        0.111287E+09    0.183652E+07    0.149951E+07
     1.29383        0.111253E+09    0.183594E+07    0.149904E+07
     1.29768        0.111121E+09    0.183377E+07    0.149727E+07
     1.30272        0.110949E+09    0.183093E+07    0.149495E+07
     1.30657        0.110816E+09    0.182874E+07    0.149316E+07
     1.30760        0.110781E+09    0.182816E+07    0.149268E+07
     1.30863        0.110746E+09    0.182757E+07    0.149221E+07
     1.31248        0.110612E+09    0.182538E+07    0.149041E+07
     1.31752        0.110438E+09    0.182250E+07    0.148806E+07
     1.32137        0.110304E+09    0.182028E+07    0.148625E+07
     1.32240        0.110268E+09    0.181969E+07    0.148577E+07
     1.32343        0.110232E+09    0.181910E+07    0.148529E+07
     1.32728        0.110097E+09    0.181687E+07    0.148347E+07
     1.33232        0.109920E+09    0.181396E+07    0.148109E+07
     1.33617        0.109785E+09    0.181171E+07    0.147926E+07
     1.33720        0.109748E+09    0.181112E+07    0.147877E+07
     1.33823        0.109712E+09    0.181052E+07    0.147828E+07
     1.34208        0.109575E+09    0.180826E+07    0.147644E+07
     1.34712        0.109396E+09    0.180531E+07    0.147403E+07
     1.35097        0.109259E+09    0.180304E+07    0.147217E+07
     1.35200        0.109222E+09    0.180243E+07    0.147168E+07
     1.35303        0.109185E+09    0.180182E+07    0.147118E+07
     1.35688        0.109047E+09    0.179954E+07    0.146932E+07
     1.36192        0.108866E+09    0.179655E+07    0.146688E+07
     1.36577        0.108726E+09    0.179425E+07    0.146500E+07
     1.36680        0.108689E+09    0.179364E+07    0.146450E+07
     1.36783        0.108652E+09    0.179302E+07    0.146400E+07
     1.37168        0.108512E+09    0.179071E+07    0.146211E+07
     1.37672        0.108328E+09    0.178768E+07    0.145964E+07
     1.38057        0.108187E+09    0.178535E+07    0.145773E+07
     1.38160        0.108149E+09    0.178473E+07    0.145723E+07
     1.38263        0.108112E+09    0.178411E+07    0.145672E+07
     1.38648        0.107970E+09    0.178177E+07    0.145481E+07
     1.39152        0.107784E+09    0.177870E+07    0.145230E+07
     1.39537        0.107641E+09    0.177635E+07    0.145038E+07
     1.39640        0.107603E+09    0.177572E+07    0.144987E+07
     1.39743        0.107565E+09    0.177509E+07    0.144935E+07
     1.40128        0.107421E+09    0.177272E+07    0.144742E+07
     1.40632        0.107233E+09    0.176961E+07    0.144488E+07
     1.41017        0.107089E+09    0.176723E+07    0.144293E+07
     1.41120        0.107050E+09    0.176659E+07    0.144241E+07
     1.41223        0.107011E+09    0.176595E+07    0.144189E+07
     1.41608        0.106866E+09    0.176355E+07    0.143993E+07
     1.42112        0.106676E+09    0.176041E+07    0.143737E+07
     1.42497        0.106529E+09    0.175799E+07    0.143540E+07
     1.42600        0.106490E+09    0.175735E+07    0.143487E+07
     1.42703        0.106451E+09    0.175670E+07    0.143434E+07
     1.43088        0.106304E+09    0.175427E+07    0.143236E+07
     1.43592        0.106111E+09    0.175110E+07    0.142976E+07
     1.43977        0.105963E+09    0.174865E+07    0.142777E+07
     1.44080        0.105923E+09    0.174800E+07    0.142723E+07
     1.44183        0.105884E+09    0.174734E+07    0.142670E+07
     1.44568        0.105735E+09    0.174489E+07    0.142469E+07
     1.45072        0.105540E+09    0.174167E+07    0.142207E+07
     1.45457        0.105390E+09    0.173919E+07    0.142004E+07
     1.45560        0.105350E+09    0.173853E+07    0.141950E+07
     1.45663        0.105310E+09    0.173787E+07    0.141896E+07
     1.46048        0.105159E+09    0.173538E+07    0.141693E+07
     1.46552        0.104962E+09    0.173212E+07    0.141427E+07
     1.46937        0.104810E+09    0.172962E+07    0.141223E+07
     1.47040        0.104769E+09    0.172895E+07    0.141168E+07
     1.47143        0.104729E+09    0.172828E+07    0.141114E+07
     1.47528        0.104576E+09    0.172576E+07    0.140908E+07
     1.48032        0.104376E+09    0.172247E+07    0.140639E+07
     1.48417        0.104223E+09    0.171993E+07    0.140432E+07
     1.48520        0.104182E+09    0.171926E+07    0.140377E+07
     1.48623        0.104141E+09    0.171858E+07    0.140321E+07
     1.49008        0.103986E+09    0.171603E+07    0.140113E+07
     1.49512        0.103784E+09    0.171270E+07    0.139841E+07
     1.49897        0.103629E+09    0.171013E+07    0.139632E+07
     1.50000        0.103587E+09    0.170945E+07    0.139576E+07
     1.50092        0.103550E+09    0.170883E+07    0.139525E+07
     1.50439        0.103410E+09    0.170651E+07    0.139336E+07
     1.50891        0.103226E+09    0.170348E+07    0.139089E+07
     1.51238        0.103085E+09    0.170115E+07    0.138898E+07
     1.51330        0.103047E+09    0.170053E+07    0.138848E+07
     1.51422        0.103009E+09    0.169991E+07    0.138797E+07
     1.51769        0.102868E+09    0.169757E+07    0.138606E+07
     1.52221        0.102682E+09    0.169450E+07    0.138356E+07
     1.52568        0.102539E+09    0.169215E+07    0.138163E+07
     1.52660        0.102501E+09    0.169152E+07    0.138112E+07
     1.52752        0.102463E+09    0.169089E+07    0.138061E+07
     1.53099        0.102320E+09    0.168853E+07    0.137868E+07
     1.53551        0.102132E+09    0.168543E+07    0.137615E+07
     1.53898        0.101988E+09    0.168305E+07    0.137421E+07
     1.53990        0.101949E+09    0.168242E+07    0.137369E+07
     1.54082        0.101911E+09    0.168178E+07    0.137317E+07
     1.54429        0.101766E+09    0.167939E+07    0.137122E+07
     1.54881        0.101576E+09    0.167626E+07    0.136866E+07
     1.55228        0.101431E+09    0.167386E+07    0.136670E+07
     1.55320        0.101392E+09    0.167322E+07    0.136617E+07
     1.55412        0.101353E+09    0.167257E+07    0.136565E+07
     1.55759        0.101207E+09    0.167016E+07    0.136368E+07
     1.56211        0.101015E+09    0.166700E+07    0.136110E+07
     1.56558        0.100868E+09    0.166457E+07    0.135911E+07
     1.56650        0.100829E+09    0.166392E+07    0.135858E+07
     1.56742        0.100789E+09    0.166327E+07    0.135805E+07
     1.57089        0.100641E+09    0.166083E+07    0.135606E+07
     1.57541        0.100448E+09    0.165764E+07    0.135345E+07
     1.57888        0.100299E+09    0.165518E+07    0.135145E+07
     1.57980        0.100259E+09    0.165453E+07    0.135091E+07
     1.58072        0.100220E+09    0.165387E+07    0.135038E+07
     1.58419        0.100070E+09    0.165140E+07    0.134837E+07
     1.58871        0.998747E+08    0.164818E+07    0.134573E+07
     1.59218        0.997243E+08    0.164570E+07    0.134371E+07
     1.59310        0.996842E+08    0.164503E+07    0.134317E+07
     1.59402        0.996441E+08    0.164437E+07    0.134262E+07
     1.59749        0.994931E+08    0.164188E+07    0.134059E+07
     1.60201        0.992956E+08    0.163862E+07    0.133793E+07
     1.60548        0.991437E+08    0.163611E+07    0.133588E+07
     1.60640        0.991032E+08    0.163545E+07    0.133534E+07
     1.60732        0.990626E+08    0.163478E+07    0.133479E+07
     1.61079        0.989101E+08    0.163226E+07    0.133273E+07
     1.61531        0.987105E+08    0.162897E+07    0.133005E+07
     1.61878        0.985571E+08    0.162643E+07    0.132798E+07
     1.61970        0.985161E+08    0.162576E+07    0.132743E+07
     1.62062        0.984752E+08    0.162508E+07    0.132687E+07
     1.62409        0.983211E+08    0.162254E+07    0.132480E+07
     1.62861        0.981195E+08    0.161921E+07    0.132208E+07
     1.63208        0.979645E+08    0.161665E+07    0.131999E+07
     1.63300        0.979231E+08    0.161597E+07    0.131944E+07
     1.63392        0.978817E+08    0.161529E+07    0.131888E+07
     1.63739        0.977260E+08    0.161272E+07    0.131678E+07
     1.64191        0.975224E+08    0.160936E+07    0.131404E+07
     1.64538        0.973658E+08    0.160677E+07    0.131193E+07
     1.64630        0.973240E+08    0.160609E+07    0.131136E+07
     1.64722        0.972822E+08    0.160539E+07    0.131080E+07
     1.65069        0.971249E+08    0.160280E+07    0.130868E+07
     1.65521        0.969192E+08    0.159940E+07    0.130591E+07
     1.65868        0.967610E+08    0.159679E+07    0.130378E+07
     1.65960        0.967188E+08    0.159610E+07    0.130321E+07
     1.66052        0.966765E+08    0.159540E+07    0.130264E+07
     1.66399        0.965177E+08    0.159278E+07    0.130050E+07
     1.66851        0.963099E+08    0.158935E+07    0.129770E+07
     1.67198        0.961501E+08    0.158671E+07    0.129555E+07
     1.67290        0.961074E+08    0.158601E+07    0.129497E+07
     1.67382        0.960647E+08    0.158530E+07    0.129440E+07
     1.67729        0.959043E+08    0.158266E+07    0.129223E+07
     1.68181        0.956944E+08    0.157919E+07    0.128941E+07
     1.68528        0.955330E+08    0.157653E+07    0.128723E+07
     1.68620        0.954899E+08    0.157582E+07    0.128665E+07
     1.68712        0.954468E+08    0.157511E+07    0.128607E+07
     1.69059        0.952847E+08    0.157243E+07    0.128389E+07
     1.69511        0.950727E+08    0.156893E+07    0.128103E+07
     1.69858        0.949096E+08    0.156624E+07    0.127883E+07
     1.69950        0.948661E+08    0.156552E+07    0.127825E+07
     1.70042        0.948226E+08    0.156481E+07    0.127766E+07
     1.70389        0.946589E+08    0.156210E+07    0.127545E+07
     1.70841        0.944447E+08    0.155857E+07    0.127257E+07
     1.71188        0.942800E+08    0.155585E+07    0.127035E+07
     1.71280        0.942360E+08    0.155513E+07    0.126976E+07
     1.71372        0.941921E+08    0.155440E+07    0.126916E+07
     1.71719        0.940267E+08    0.155167E+07    0.126694E+07
     1.72171        0.938104E+08    0.154810E+07    0.126402E+07
     1.72518        0.936441E+08    0.154536E+07    0.126178E+07
     1.72610        0.935997E+08    0.154462E+07    0.126118E+07
     1.72702        0.935552E+08    0.154389E+07    0.126058E+07
     1.73049        0.933882E+08    0.154114E+07    0.125833E+07
     1.73501        0.931697E+08    0.153753E+07    0.125539E+07
     1.73848        0.930017E+08    0.153476E+07    0.125312E+07
     1.73940        0.929569E+08    0.153402E+07    0.125252E+07
     1.74032        0.929120E+08    0.153328E+07    0.125192E+07
     1.74379        0.927434E+08    0.153049E+07    0.124964E+07
     1.74831        0.925227E+08    0.152685E+07    0.124667E+07
     1.75178        0.923530E+08    0.152405E+07    0.124438E+07
     1.75270        0.923077E+08    0.152330E+07    0.124377E+07
     1.75362        0.922624E+08    0.152256E+07    0.124316E+07
     1.75709        0.920920E+08    0.151975E+07    0.124087E+07
     1.76161        0.918691E+08    0.151607E+07    0.123786E+07
     1.76508        0.916978E+08    0.151324E+07    0.123555E+07
     1.76600        0.916520E+08    0.151248E+07    0.123494E+07
     1.76692        0.916063E+08    0.151173E+07    0.123432E+07
     1.77039        0.914342E+08    0.150889E+07    0.123200E+07
     1.77491        0.912091E+08    0.150517E+07    0.122897E+07
     1.77838        0.910360E+08    0.150232E+07    0.122664E+07
     1.77930        0.909898E+08    0.150156E+07    0.122601E+07
     1.78022        0.909436E+08    0.150079E+07    0.122539E+07
     1.78369        0.907698E+08    0.149793E+07    0.122305E+07
     1.78821        0.905424E+08    0.149417E+07    0.121999E+07
     1.79168        0.903677E+08    0.149129E+07    0.121763E+07
     1.79260        0.903210E+08    0.149052E+07    0.121700E+07
     1.79352        0.902743E+08    0.148975E+07    0.121637E+07
     1.79699        0.900988E+08    0.148685E+07    0.121401E+07
     1.80151        0.898692E+08    0.148306E+07    0.121092E+07
     1.80498        0.896927E+08    0.148015E+07    0.120854E+07
     1.80590        0.896456E+08    0.147937E+07    0.120790E+07
     1.80682        0.895984E+08    0.147859E+07    0.120727E+07
     1.81029        0.894212E+08    0.147567E+07    0.120488E+07
     1.81481        0.891893E+08    0.147184E+07    0.120175E+07
     1.81828        0.890110E+08    0.146890E+07    0.119935E+07
     1.81920        0.889634E+08    0.146811E+07    0.119871E+07
     1.82012        0.889158E+08    0.146733E+07    0.119807E+07
     1.82359        0.887368E+08    0.146438E+07    0.119566E+07
     1.82811        0.885026E+08    0.146051E+07    0.119250E+07
     1.83158        0.883225E+08    0.145754E+07    0.119008E+07
     1.83250        0.882745E+08    0.145675E+07    0.118943E+07
     1.83342        0.882264E+08    0.145595E+07    0.118878E+07
     1.83689        0.880456E+08    0.145297E+07    0.118634E+07
     1.84141        0.878091E+08    0.144907E+07    0.118316E+07
     1.84488        0.876273E+08    0.144607E+07    0.118071E+07
     1.84580        0.875787E+08    0.144526E+07    0.118005E+07
     1.84672        0.875302E+08    0.144446E+07    0.117940E+07
     1.85019        0.873476E+08    0.144145E+07    0.117694E+07
     1.85471        0.871087E+08    0.143751E+07    0.117372E+07
     1.85818        0.869251E+08    0.143448E+07    0.117125E+07
     1.85910        0.868761E+08    0.143367E+07    0.117059E+07
     1.86002        0.868270E+08    0.143286E+07    0.116993E+07
     1.86349        0.866427E+08    0.142982E+07    0.116744E+07
     1.86801        0.864014E+08    0.142584E+07    0.116419E+07
     1.87148        0.862160E+08    0.142278E+07    0.116169E+07
     1.87240        0.861665E+08    0.142196E+07    0.116102E+07
     1.87332        0.861170E+08    0.142114E+07    0.116036E+07
     1.87679        0.859308E+08    0.141807E+07    0.115785E+07
     1.88131        0.856872E+08    0.141405E+07    0.115457E+07
     1.88478        0.854999E+08    0.141096E+07    0.115204E+07
     1.88570        0.854499E+08    0.141013E+07    0.115137E+07
     1.88662        0.853999E+08    0.140931E+07    0.115069E+07
     1.89009        0.852118E+08    0.140620E+07    0.114816E+07
     1.89461        0.849658E+08    0.140214E+07    0.114485E+07
     1.89808        0.847767E+08    0.139902E+07    0.114230E+07
     1.89900        0.847262E+08    0.139819E+07    0.114162E+07
     1.89992        0.846757E+08    0.139736E+07    0.114094E+07
     1.90339        0.844858E+08    0.139422E+07    0.113838E+07
     1.90791        0.842373E+08    0.139012E+07    0.113503E+07
     1.91138        0.840463E+08    0.138697E+07    0.113246E+07
     1.91230        0.839953E+08    0.138613E+07    0.113177E+07
     1.91322        0.839443E+08    0.138529E+07    0.113108E+07
     1.91669        0.837525E+08    0.138212E+07    0.112850E+07
     1.92121        0.835016E+08    0.137798E+07    0.112512E+07
     1.92468        0.833087E+08    0.137480E+07    0.112252E+07
     1.92560        0.832572E+08    0.137395E+07    0.112182E+07
     1.92652        0.832057E+08    0.137310E+07    0.112113E+07
     1.92999        0.830120E+08    0.136990E+07    0.111852E+07
     1.93451        0.827586E+08    0.136572E+07    0.111511E+07
     1.93798        0.825638E+08    0.136250E+07    0.111248E+07
     1.93890        0.825118E+08    0.136165E+07    0.111178E+07
     1.93982        0.824597E+08    0.136079E+07    0.111108E+07
     1.94329        0.822641E+08    0.135756E+07    0.110844E+07
     1.94781        0.820082E+08    0.135334E+07    0.110499E+07
     1.95128        0.818114E+08    0.135009E+07    0.110234E+07
     1.95220        0.817589E+08    0.134922E+07    0.110164E+07
     1.95312        0.817064E+08    0.134836E+07    0.110093E+07
     1.95659        0.815089E+08    0.134510E+07    0.109827E+07
     1.96111        0.812504E+08    0.134083E+07    0.109478E+07
     1.96458        0.810517E+08    0.133755E+07    0.109211E+07
     1.96550        0.809986E+08    0.133668E+07    0.109139E+07
     1.96642        0.809456E+08    0.133580E+07    0.109068E+07
     1.96989        0.807461E+08    0.133251E+07    0.108799E+07
     1.97441        0.804850E+08    0.132820E+07    0.108447E+07
     1.97788        0.802843E+08    0.132489E+07    0.108177E+07
     1.97880        0.802308E+08    0.132401E+07    0.108105E+07
     1.97972        0.801772E+08    0.132312E+07    0.108032E+07
     1.98319        0.799757E+08    0.131980E+07    0.107761E+07
     1.98771        0.797121E+08    0.131544E+07    0.107406E+07
     1.99118        0.795094E+08    0.131210E+07    0.107133E+07
     1.99210        0.794553E+08    0.131121E+07    0.107060E+07
     1.99302        0.794011E+08    0.131031E+07    0.106987E+07
     1.99649        0.791977E+08    0.130696E+07    0.106713E+07
     2.00101        0.789314E+08    0.130256E+07    0.106354E+07
     2.00448        0.787267E+08    0.129918E+07    0.106078E+07
     2.00540        0.786720E+08    0.129828E+07    0.106004E+07
     2.00632        0.786174E+08    0.129738E+07    0.105931E+07
     2.00979        0.784118E+08    0.129399E+07    0.105654E+07
     2.01431        0.781429E+08    0.128955E+07    0.105291E+07
     2.01778        0.779361E+08    0.128614E+07    0.105013E+07
     2.01870        0.778810E+08    0.128523E+07    0.104938E+07
     2.01962        0.778257E+08    0.128432E+07    0.104864E+07
     2.02309        0.776182E+08    0.128089E+07    0.104584E+07
     2.02761        0.773465E+08    0.127641E+07    0.104218E+07
     2.03108        0.771377E+08    0.127296E+07    0.103937E+07
     2.03200        0.770820E+08    0.127204E+07    0.103862E+07
     2.03292        0.770262E+08    0.127112E+07    0.103787E+07
     2.03639        0.768165E+08    0.126766E+07    0.103504E+07
     2.04091        0.765422E+08    0.126313E+07    0.103134E+07
     2.04438        0.763312E+08    0.125965E+07    0.102850E+07
     2.04530        0.762749E+08    0.125872E+07    0.102774E+07
     2.04622        0.762186E+08    0.125779E+07    0.102698E+07
     2.04969        0.760068E+08    0.125430E+07    0.102413E+07
     2.05421        0.757297E+08    0.124973E+07    0.102040E+07
     2.05768        0.755166E+08    0.124621E+07    0.101753E+07
     2.05860        0.754598E+08    0.124527E+07    0.101676E+07
     2.05952        0.754029E+08    0.124433E+07    0.101599E+07
     2.06299        0.751890E+08    0.124080E+07    0.101311E+07
     2.06751        0.749090E+08    0.123618E+07    0.100934E+07
     2.07098        0.746938E+08    0.123263E+07    0.100644E+07
     2.07190        0.746364E+08    0.123168E+07    0.100567E+07
     2.07282        0.745789E+08    0.123074E+07    0.100489E+07
     2.07629        0.743628E+08    0.122717E+07    0.100198E+07
     2.08081        0.740800E+08    0.122250E+07     998169.    
     2.08428        0.738626E+08    0.121892E+07     995240.    
     2.08520        0.738046E+08    0.121796E+07     994458.    
     2.08612        0.737466E+08    0.121700E+07     993676.    
     2.08959        0.735283E+08    0.121340E+07     990735.    
     2.09411        0.732426E+08    0.120868E+07     986886.    
     2.09758        0.730230E+08    0.120506E+07     983927.    
     2.09850        0.729644E+08    0.120409E+07     983137.    
     2.09942        0.729057E+08    0.120312E+07     982347.    
     2.10289        0.726852E+08    0.119949E+07     979376.    
     2.10741        0.723967E+08    0.119472E+07     975487.    
     2.11088        0.721748E+08    0.119106E+07     972498.    
     2.11180        0.721156E+08    0.119008E+07     971700.    
     2.11272        0.720563E+08    0.118911E+07     970902.    
     2.11619        0.718336E+08    0.118543E+07     967900.    
     2.12071        0.715420E+08    0.118062E+07     963972.    
     2.12418        0.713179E+08    0.117692E+07     960952.    
     2.12510        0.712581E+08    0.117593E+07     960146.    
     2.12602        0.711982E+08    0.117495E+07     959339.    
     2.12949        0.709731E+08    0.117123E+07     956306.    
     2.13401        0.706786E+08    0.116637E+07     952338.    
     2.13748        0.704521E+08    0.116263E+07     949286.    
     2.13840        0.703917E+08    0.116164E+07     948472.    
     2.13932        0.703312E+08    0.116064E+07     947657.    
     2.14279        0.701038E+08    0.115689E+07     944593.    
     2.14731        0.698062E+08    0.115197E+07     940583.    
     2.15078        0.695774E+08    0.114820E+07     937500.    
     2.15170        0.695163E+08    0.114719E+07     936677.    
     2.15262        0.694552E+08    0.114618E+07     935854.    
     2.15609        0.692255E+08    0.114239E+07     932758.    
     2.16061        0.689248E+08    0.113743E+07     928706.    
     2.16408        0.686936E+08    0.113361E+07     925591.    
     2.16500        0.686319E+08    0.113259E+07     924760.    
     2.16592        0.685701E+08    0.113158E+07     923928.    
     2.16939        0.683380E+08    0.112774E+07     920799.    
     2.17391        0.680341E+08    0.112273E+07     916705.    
     2.17738        0.678005E+08    0.111887E+07     913557.    
     2.17830        0.677381E+08    0.111785E+07     912717.    
     2.17922        0.676757E+08    0.111682E+07     911876.    
     2.18269        0.674411E+08    0.111294E+07     908715.    
     2.18721        0.671340E+08    0.110788E+07     904578.    
     2.19068        0.668980E+08    0.110398E+07     901397.    
     2.19160        0.668349E+08    0.110294E+07     900547.    
     2.19252        0.667719E+08    0.110190E+07     899698.    
     2.19599        0.665348E+08    0.109799E+07     896503.    
     2.20051        0.662245E+08    0.109287E+07     892322.    
     2.20398        0.659859E+08    0.108893E+07     889107.    
     2.20490        0.659222E+08    0.108788E+07     888249.    
     2.20582        0.658584E+08    0.108683E+07     887390.    
     2.20929        0.656188E+08    0.108287E+07     884161.    
     2.21381        0.653052E+08    0.107770E+07     879935.    
     2.21728        0.650640E+08    0.107372E+07     876686.    
     2.21820        0.649996E+08    0.107265E+07     875818.    
     2.21912        0.649352E+08    0.107159E+07     874950.    
     2.22259        0.646930E+08    0.106759E+07     871687.    
     2.22711        0.643760E+08    0.106236E+07     867415.    
     2.23058        0.641323E+08    0.105834E+07     864131.    
     2.23150        0.640672E+08    0.105727E+07     863254.    
     2.23242        0.640021E+08    0.105619E+07     862377.    
     2.23589        0.637573E+08    0.105215E+07     859078.    
     2.24041        0.634368E+08    0.104686E+07     854760.    
     2.24388        0.631904E+08    0.104280E+07     851440.    
     2.24480        0.631246E+08    0.104171E+07     850554.    
     2.24572        0.630588E+08    0.104062E+07     849667.    
     2.24919        0.628113E+08    0.103654E+07     846332.    
     2.25371        0.624873E+08    0.103119E+07     841967.    
     2.25718        0.622382E+08    0.102708E+07     838610.    
     2.25810        0.621717E+08    0.102599E+07     837714.    
     2.25902        0.621051E+08    0.102489E+07     836817.    
     2.26249        0.618549E+08    0.102076E+07     833446.    
     2.26701        0.615274E+08    0.101535E+07     829032.    
     2.27048        0.612755E+08    0.101120E+07     825639.    
     2.27140        0.612083E+08    0.101009E+07     824733.    
     2.27232        0.611410E+08    0.100898E+07     823826.    
     2.27579        0.608880E+08    0.100480E+07     820417.    
     2.28031        0.605568E+08     999336.         815955.    
     2.28378        0.603021E+08     995133.         812523.    
     2.28470        0.602341E+08     994011.         811607.    
     2.28562        0.601661E+08     992888.         810690.    
     2.28909        0.599102E+08     988666.         807243.    
     2.29361        0.595753E+08     983139.         802730.    
     2.29708        0.593178E+08     978889.         799259.    
     2.29800        0.592490E+08     977754.         798333.    
     2.29892        0.591802E+08     976619.         797406.    
     2.30239        0.589215E+08     972349.         793920.    
     2.30691        0.585827E+08     966759.         789355.    
     2.31038        0.583222E+08     962460.         785845.    
     2.31130        0.582527E+08     961312.         784908.    
     2.31222        0.581831E+08     960164.         783971.    
     2.31569        0.579214E+08     955845.         780444.    
     2.32021        0.575788E+08     950191.         775828.    
     2.32368        0.573153E+08     945843.         772277.    
     2.32460        0.572449E+08     944682.         771329.    
     2.32552        0.571745E+08     943520.         770381.    
     2.32899        0.569098E+08     939151.         766814.    
     2.33351        0.565632E+08     933431.         762144.    
     2.33698        0.562966E+08     929032.         758552.    
     2.33790        0.562254E+08     927858.         757593.    
     2.33882        0.561542E+08     926682.         756633.    
     2.34229        0.558864E+08     922262.         753024.    
     2.34681        0.555357E+08     916475.         748299.    
     2.35028        0.552659E+08     912024.         744664.    
     2.35120        0.551939E+08     910836.         743694.    
     2.35212        0.551219E+08     909646.         742723.    
     2.35559        0.548508E+08     905174.         739071.    
     2.36011        0.544960E+08     899318.         734290.    
     2.36358        0.542230E+08     894813.         730612.    
     2.36450        0.541501E+08     893610.         729630.    
     2.36542        0.540772E+08     892407.         728647.    
     2.36889        0.538029E+08     887881.         724951.    
     2.37341        0.534438E+08     881954.         720112.    
     2.37688        0.531675E+08     877394.         716390.    
     2.37780        0.530937E+08     876177.         715396.    
     2.37872        0.530199E+08     874959.         714401.    
     2.38219        0.527423E+08     870378.         710660.    
     2.38671        0.523787E+08     864378.         705762.    
     2.39018        0.520991E+08     859763.         701993.    
     2.39110        0.520244E+08     858530.         700987.    
     2.39202        0.519497E+08     857297.         699980.    
     2.39549        0.516686E+08     852659.         696193.    
     2.40001        0.513005E+08     846585.         691233.    
     2.40348        0.510173E+08     841912.         687418.    
     2.40440        0.509417E+08     840664.         686399.    
     2.40532        0.508661E+08     839415.         685379.    
     2.40879        0.505815E+08     834718.         681545.    
     2.41331        0.502087E+08     828567.         676523.    
     2.41678        0.499220E+08     823835.         672659.    
     2.41770        0.498454E+08     822571.         671627.    
     2.41862        0.497687E+08     821307.         670594.    
     2.42209        0.494805E+08     816550.         666710.    
     2.42661        0.491030E+08     810320.         661624.    
     2.43008        0.488125E+08     805526.         657710.    
     2.43100        0.487349E+08     804246.         656664.    
     2.43192        0.486573E+08     802965.         655618.    
     2.43539        0.483653E+08     798147.         651684.    
     2.43991        0.479829E+08     791835.         646531.    
     2.44338        0.476886E+08     786978.         642565.    
     2.44430        0.476100E+08     785682.         641506.    
     2.44522        0.475313E+08     784383.         640446.    
     2.44869        0.472354E+08     779501.         636460.    
     2.45321        0.468479E+08     773105.         631238.    
     2.45668        0.465496E+08     768183.         627219.    
     2.45760        0.464700E+08     766869.         626146.    
     2.45852        0.463903E+08     765554.         625072.    
     2.46199        0.460904E+08     760605.         621031.    
     2.46651        0.456976E+08     754122.         615738.    
     2.46998        0.453952E+08     749133.         611665.    
     2.47090        0.453145E+08     747801.         610577.    
     2.47182        0.452337E+08     746467.         609488.    
     2.47529        0.449297E+08     741450.         605392.    
     2.47981        0.445314E+08     734878.         600025.    
     2.48328        0.442248E+08     729819.         595894.    
     2.48420        0.441430E+08     728468.         594791.    
     2.48512        0.440610E+08     727115.         593687.    
     2.48859        0.437527E+08     722028.         589533.    
     2.49311        0.433488E+08     715362.         584090.    
     2.49658        0.430378E+08     710230.         579901.    
     2.49750        0.429548E+08     708860.         578782.    
     2.49842        0.428717E+08     707488.         577661.    
     2.50189        0.425589E+08     702327.         573448.    
     2.50641        0.421491E+08     695564.         567926.    
     2.50988        0.418336E+08     690358.         563675.    
     2.51080        0.417493E+08     688967.         562539.    
     2.51172        0.416650E+08     687575.         561403.    
     2.51519        0.413476E+08     682338.         557126.    
     2.51971        0.409317E+08     675474.         551522.    
     2.52318        0.406115E+08     670189.         547207.    
     2.52410        0.405259E+08     668777.         546055.    
     2.52502        0.404403E+08     667364.         544901.    
     2.52849        0.401181E+08     662048.         540560.    
     2.53301        0.396958E+08     655079.         534869.    
     2.53648        0.393706E+08     649712.         530488.    
     2.53740        0.392838E+08     648279.         529318.    
     2.53832        0.391968E+08     646844.         528146.    
     2.54179        0.388696E+08     641444.         523737.    
     2.54631        0.384407E+08     634365.         517957.    
     2.54978        0.381103E+08     628914.         513506.    
     2.55070        0.380221E+08     627458.         512317.    
     2.55162        0.379337E+08     626000.         511127.    
     2.55509        0.376013E+08     620513.         506647.    
     2.55961        0.371653E+08     613320.         500773.    
     2.56308        0.368296E+08     607779.         496249.    
     2.56400        0.367399E+08     606299.         495041.    
     2.56492        0.366501E+08     604817.         493831.    
     2.56839        0.363121E+08     599239.         489277.    
     2.57291        0.358689E+08     591925.         483305.    
     2.57638        0.355275E+08     586291.         478704.    
     2.57730        0.354362E+08     584785.         477475.    
     2.57822        0.353449E+08     583278.         476244.    
     2.58169        0.350011E+08     577605.         471612.    
     2.58621        0.345502E+08     570164.         465537.    
     2.58968        0.342028E+08     564431.         460856.    
     2.59060        0.341100E+08     562899.         459605.    
     2.59152        0.340170E+08     561365.         458352.    
     2.59499        0.336672E+08     555591.         453638.    
     2.59951        0.332082E+08     548016.         447454.    
     2.60298        0.328544E+08     542179.         442687.    
     2.60390        0.327599E+08     540619.         441414.    
     2.60482        0.326653E+08     539057.         440138.    
     2.60829        0.323089E+08     533176.         435337.    
     2.61281        0.318413E+08     525460.         429037.    
     2.61628        0.314809E+08     519513.         424180.    
     2.61720        0.313846E+08     517923.         422882.    
     2.61812        0.312881E+08     516331.         421583.    
     2.62159        0.309249E+08     510337.         416689.    
     2.62611        0.304483E+08     502471.         410266.    
     2.62958        0.300807E+08     496406.         405314.    
     2.63050        0.299825E+08     494785.         403990.    
     2.63142        0.298841E+08     493161.         402664.    
     2.63489        0.295136E+08     487047.         397672.    
     2.63941        0.290272E+08     479020.         391118.    
     2.64288        0.286521E+08     472830.         386064.    
     2.64380        0.285518E+08     471174.         384712.    
     2.64472        0.284513E+08     469517.         383359.    
     2.64819        0.280730E+08     463274.         378261.    
     2.65271        0.275762E+08     455075.         371567.    
     2.65618        0.271929E+08     448750.         366403.    
     2.65710        0.270904E+08     447059.         365022.    
     2.65802        0.269878E+08     445365.         363639.    
     2.66149        0.266011E+08     438983.         358428.    
     2.66601        0.260931E+08     430600.         351583.    
     2.66948        0.257010E+08     424130.         346301.    
     2.67040        0.255962E+08     422399.         344888.    
     2.67132        0.254911E+08     420666.         343472.    
     2.67479        0.250953E+08     414135.         338140.    
     2.67931        0.245752E+08     405551.         331131.    
     2.68278        0.241736E+08     398924.         325720.    
     2.68370        0.240662E+08     397151.         324273.    
     2.68462        0.239585E+08     395375.         322822.    
     2.68809        0.235529E+08     388681.         317357.    
     2.69261        0.230196E+08     379880.         310170.    
     2.69608        0.226076E+08     373081.         304619.    
     2.69700        0.224973E+08     371261.         303134.    
     2.69792        0.223869E+08     369438.         301645.    
     2.70139        0.219704E+08     362566.         296034.    
     2.70591        0.214226E+08     353526.         288653.    
     2.70938        0.209992E+08     346539.         282948.    
     2.71030        0.208859E+08     344668.         281420.    
     2.71122        0.207723E+08     342794.         279890.    
     2.71469        0.203439E+08     335725.         274118.    
     2.71921        0.197801E+08     326421.         266521.    
     2.72268        0.193440E+08     319224.         260645.    
     2.72360        0.192272E+08     317297.         259072.    
     2.72452        0.191102E+08     315365.         257495.    
     2.72799        0.186686E+08     308078.         251545.    
     2.73251        0.180869E+08     298479.         243707.    
     2.73598        0.176367E+08     291049.         237640.    
     2.73690        0.175160E+08     289058.         236015.    
     2.73782        0.173951E+08     287062.         234385.    
     2.74129        0.169387E+08     279530.         228236.    
     2.74581        0.163369E+08     269600.         220127.    
     2.74928        0.158707E+08     261905.         213845.    
     2.75020        0.157457E+08     259843.         212161.    
     2.75112        0.156204E+08     257775.         210472.    
     2.75459        0.151472E+08     249966.         204096.    
     2.75911        0.145226E+08     239659.         195680.    
     2.76258        0.140382E+08     231665.         189153.    
     2.76350        0.139083E+08     229520.         187403.    
     2.76442        0.137780E+08     227370.         185647.    
     2.76789        0.132856E+08     219245.         179013.    
     2.77241        0.126350E+08     208509.         170247.    
     2.77588        0.121300E+08     200174.         163442.    
     2.77680        0.119944E+08     197937.         161615.    
     2.77772        0.118584E+08     195693.         159783.    
     2.78119        0.113444E+08     187211.         152857.    
     2.78571        0.106647E+08     175994.         143698.    
     2.78918        0.101367E+08     167280.         136584.    
     2.79010        0.999497E+07     164942.         134674.    
     2.79102        0.985282E+07     162596.         132759.    
     2.79449        0.931553E+07     153729.         125519.    
     2.79901        0.860589E+07     142018.         115958.    
     2.80248        0.805613E+07     132946.         108550.    
     2.80340        0.790893E+07     130517.         106567.    
     2.80432        0.776149E+07     128084.         104580.    
     2.80779        0.720658E+07     118926.         97103.0    
     2.81231        0.648296E+07     106985.         87352.7    
     2.81578        0.593516E+07     97944.8         79971.6    
     2.81670        0.579141E+07     95572.5         78034.6    
     2.81762        0.564903E+07     93222.9         76116.2    
     2.82109        0.513284E+07     84704.5         69160.9    
     2.82561        0.454075E+07     74933.5         61182.9    
     2.82908        0.422842E+07     69779.4         56974.6    
     2.83000        0.419365E+07     69205.6         56506.1    
     2.83000         0.00000         0.00000         0.00000    
     2.83030         0.00000         0.00000         0.00000    
     2.83140         0.00000         0.00000         0.00000    
     2.83285         0.00000         0.00000         0.00000    
     2.83395         0.00000         0.00000         0.00000    
     2.83425         0.00000         0.00000         0.00000    
     2.83455         0.00000         0.00000         0.00000    
     2.83565         0.00000         0.00000         0.00000    
     2.83710         0.00000         0.00000         0.00000    
     2.83820         0.00000         0.00000         0.00000    
     2.83850         0.00000         0.00000         0.00000    
     2.83880         0.00000         0.00000         0.00000    
     2.83990         0.00000         0.00000         0.00000    
     2.84135         0.00000         0.00000         0.00000    
     2.84245         0.00000         0.00000         0.00000    
     2.84275         0.00000         0.00000         0.00000    
     2.84305         0.00000         0.00000         0.00000    
     2.84415         0.00000         0.00000         0.00000    
     2.84560         0.00000         0.00000         0.00000    
     2.84670         0.00000         0.00000         0.00000    
     2.84700         0.00000         0.00000         0.00000    
     2.84730         0.00000         0.00000         0.00000    
     2.84840         0.00000         0.00000         0.00000    
     2.84985         0.00000         0.00000         0.00000    
     2.85095         0.00000         0.00000         0.00000    
     2.85125         0.00000         0.00000         0.00000    
     2.85155         0.00000         0.00000         0.00000    
     2.85265         0.00000         0.00000         0.00000    
     2.85410         0.00000         0.00000         0.00000    
     2.85520         0.00000         0.00000         0.00000    
     2.85550         0.00000         0.00000         0.00000    
     2.85580         0.00000         0.00000         0.00000    
     2.85690         0.00000         0.00000         0.00000    
     2.85835         0.00000         0.00000         0.00000    
     2.85945         0.00000         0.00000         0.00000    
     2.85975         0.00000         0.00000         0.00000    
     2.86005         0.00000         0.00000         0.00000    
     2.86115         0.00000         0.00000         0.00000    
     2.86260         0.00000         0.00000         0.00000    
     2.86370         0.00000         0.00000         0.00000    
     2.86400         0.00000         0.00000         0.00000    
     2.86430         0.00000         0.00000         0.00000    
     2.86540         0.00000         0.00000         0.00000    
     2.86685         0.00000         0.00000         0.00000    
     2.86795         0.00000         0.00000         0.00000    
     2.86825         0.00000         0.00000         0.00000    
     2.86855         0.00000         0.00000         0.00000    
     2.86965         0.00000         0.00000         0.00000    
     2.87110         0.00000         0.00000         0.00000    
     2.87220         0.00000         0.00000         0.00000    
     2.87250         0.00000         0.00000         0.00000    
     2.87280         0.00000         0.00000         0.00000    
     2.87390         0.00000         0.00000         0.00000    
     2.87535         0.00000         0.00000         0.00000    
     2.87645         0.00000         0.00000         0.00000    
     2.87675         0.00000         0.00000         0.00000    
     2.87705         0.00000         0.00000         0.00000    
     2.87815         0.00000         0.00000         0.00000    
     2.87960         0.00000         0.00000         0.00000    
     2.88070         0.00000         0.00000         0.00000    
     2.88100         0.00000         0.00000         0.00000    
     2.88130         0.00000         0.00000         0.00000    
     2.88240         0.00000         0.00000         0.00000    
     2.88385         0.00000         0.00000         0.00000    
     2.88495         0.00000         0.00000         0.00000    
     2.88525         0.00000         0.00000         0.00000    
     2.88555         0.00000         0.00000         0.00000    
     2.88665         0.00000         0.00000         0.00000    
     2.88810         0.00000         0.00000         0.00000    
     2.88920         0.00000         0.00000         0.00000    
     2.88950         0.00000         0.00000         0.00000    
     2.88980         0.00000         0.00000         0.00000    
     2.89090         0.00000         0.00000         0.00000    
     2.89235         0.00000         0.00000         0.00000    
     2.89345         0.00000         0.00000         0.00000    
     2.89375         0.00000         0.00000         0.00000    
     2.89405         0.00000         0.00000         0.00000    
     2.89515         0.00000         0.00000         0.00000    
     2.89660         0.00000         0.00000         0.00000    
     2.89770         0.00000         0.00000         0.00000    
     2.89800         0.00000         0.00000         0.00000    
     2.89830         0.00000         0.00000         0.00000    
     2.89940         0.00000         0.00000         0.00000    
     2.90085         0.00000         0.00000         0.00000    
     2.90195         0.00000         0.00000         0.00000    
     2.90225         0.00000         0.00000         0.00000    
     2.90255         0.00000         0.00000         0.00000    
     2.90365         0.00000         0.00000         0.00000    
     2.90510         0.00000         0.00000         0.00000    
     2.90620         0.00000         0.00000         0.00000    
     2.90650         0.00000         0.00000         0.00000    
     2.90680         0.00000         0.00000         0.00000    
     2.90790         0.00000         0.00000         0.00000    
     2.90935         0.00000         0.00000         0.00000    
     2.91045         0.00000         0.00000         0.00000    
     2.91075         0.00000         0.00000         0.00000    
     2.91105         0.00000         0.00000         0.00000    
     2.91215         0.00000         0.00000         0.00000    
     2.91360         0.00000         0.00000         0.00000    
     2.91470         0.00000         0.00000         0.00000    
     2.91500         0.00000         0.00000         0.00000    
     2.91530         0.00000         0.00000         0.00000    
     2.91640         0.00000         0.00000         0.00000    
     2.91785         0.00000         0.00000         0.00000    
     2.91895         0.00000         0.00000         0.00000    
     2.91925         0.00000         0.00000         0.00000    
     2.91955         0.00000         0.00000         0.00000    
     2.92065         0.00000         0.00000         0.00000    
     2.92210         0.00000         0.00000         0.00000    
     2.92320         0.00000         0.00000         0.00000    
     2.92350         0.00000         0.00000         0.00000    
     2.92380         0.00000         0.00000         0.00000    
     2.92490         0.00000         0.00000         0.00000    
     2.92635         0.00000         0.00000         0.00000    
     2.92745         0.00000         0.00000         0.00000    
     2.92775         0.00000         0.00000         0.00000    
     2.92805         0.00000         0.00000         0.00000    
     2.92915         0.00000         0.00000         0.00000    
     2.93060         0.00000         0.00000         0.00000    
     2.93170         0.00000         0.00000         0.00000    
     2.93200         0.00000         0.00000         0.00000    
     2.93230         0.00000         0.00000         0.00000    
     2.93340         0.00000         0.00000         0.00000    
     2.93485         0.00000         0.00000         0.00000    
     2.93595         0.00000         0.00000         0.00000    
     2.93625         0.00000         0.00000         0.00000    
     2.93655         0.00000         0.00000         0.00000    
     2.93765         0.00000         0.00000         0.00000    
     2.93910         0.00000         0.00000         0.00000    
     2.94020         0.00000         0.00000         0.00000    
     2.94050         0.00000         0.00000         0.00000    
     2.94080         0.00000         0.00000         0.00000    
     2.94190         0.00000         0.00000         0.00000    
     2.94335         0.00000         0.00000         0.00000    
     2.94445         0.00000         0.00000         0.00000    
     2.94475         0.00000         0.00000         0.00000    
     2.94505         0.00000         0.00000         0.00000    
     2.94615         0.00000         0.00000         0.00000    
     2.94760         0.00000         0.00000         0.00000    
     2.94870         0.00000         0.00000         0.00000    
     2.94900         0.00000         0.00000         0.00000    
     2.94930         0.00000         0.00000         0.00000    
     2.95040         0.00000         0.00000         0.00000    
     2.95185         0.00000         0.00000         0.00000    
     2.95295         0.00000         0.00000         0.00000    
     2.95325         0.00000         0.00000         0.00000    
     2.95355         0.00000         0.00000         0.00000    
     2.95465         0.00000         0.00000         0.00000    
     2.95610         0.00000         0.00000         0.00000    
     2.95720         0.00000         0.00000         0.00000    
     2.95750         0.00000         0.00000         0.00000    
     2.95780         0.00000         0.00000         0.00000    
     2.95890         0.00000         0.00000         0.00000    
     2.96035         0.00000         0.00000         0.00000    
     2.96145         0.00000         0.00000         0.00000    
     2.96175         0.00000         0.00000         0.00000    
     2.96205         0.00000         0.00000         0.00000    
     2.96315         0.00000         0.00000         0.00000    
     2.96460         0.00000         0.00000         0.00000    
     2.96570         0.00000         0.00000         0.00000    
     2.96600         0.00000         0.00000         0.00000    
     2.96630         0.00000         0.00000         0.00000    
     2.96740         0.00000         0.00000         0.00000    
     2.96885         0.00000         0.00000         0.00000    
     2.96995         0.00000         0.00000         0.00000    
     2.97025         0.00000         0.00000         0.00000    
     2.97055         0.00000         0.00000         0.00000    
     2.97165         0.00000         0.00000         0.00000    
     2.97310         0.00000         0.00000         0.00000    
     2.97420         0.00000         0.00000         0.00000    
     2.97450         0.00000         0.00000         0.00000    
     2.97480         0.00000         0.00000         0.00000    
     2.97590         0.00000         0.00000         0.00000    
     2.97735         0.00000         0.00000         0.00000    
     2.97845         0.00000         0.00000         0.00000    
     2.97875         0.00000         0.00000         0.00000    
     2.97905         0.00000         0.00000         0.00000    
     2.98015         0.00000         0.00000         0.00000    
     2.98160         0.00000         0.00000         0.00000    
     2.98270         0.00000         0.00000         0.00000    
     2.98300         0.00000         0.00000         0.00000    
     2.98330         0.00000         0.00000         0.00000    
     2.98440         0.00000         0.00000         0.00000    
     2.98585         0.00000         0.00000         0.00000    
     2.98695         0.00000         0.00000         0.00000    
     2.98725         0.00000         0.00000         0.00000    
     2.98755         0.00000         0.00000         0.00000    
     2.98865         0.00000         0.00000         0.00000    
     2.99010         0.00000         0.00000         0.00000    
     2.99120         0.00000         0.00000         0.00000    
     2.99150         0.00000         0.00000         0.00000    
     2.99180         0.00000         0.00000         0.00000    
     2.99290         0.00000         0.00000         0.00000    
     2.99435         0.00000         0.00000         0.00000    
     2.99545         0.00000         0.00000         0.00000    
     2.99575         0.00000         0.00000         0.00000    
     2.99605         0.00000         0.00000         0.00000    
     2.99715         0.00000         0.00000         0.00000    
     2.99860         0.00000         0.00000         0.00000    
     2.99970         0.00000         0.00000         0.00000    
     3.00000         0.00000         0.00000         0.00000    
     3.00000         0.00000         0.00000         0.00000    
     3.00035         0.00000         0.00000         0.00000    
     3.00165         0.00000         0.00000         0.00000    
     3.00335         0.00000         0.00000         0.00000    
     3.00465         0.00000         0.00000         0.00000    
     3.00500         0.00000         0.00000         0.00000    
     3.00535         0.00000         0.00000         0.00000    
     3.00665         0.00000         0.00000         0.00000    
     3.00835         0.00000         0.00000         0.00000    
     3.00965         0.00000         0.00000         0.00000    
     3.01000         0.00000         0.00000         0.00000    
     3.01035         0.00000         0.00000         0.00000    
     3.01165         0.00000         0.00000         0.00000    
     3.01335         0.00000         0.00000         0.00000    
     3.01465         0.00000         0.00000         0.00000    
     3.01500         0.00000         0.00000         0.00000    
     3.01535         0.00000         0.00000         0.00000    
     3.01665         0.00000         0.00000         0.00000    
     3.01835         0.00000         0.00000         0.00000    
     3.01965         0.00000         0.00000         0.00000    
     3.02000         0.00000         0.00000         0.00000    
     3.02035         0.00000         0.00000         0.00000    
     3.02165         0.00000         0.00000         0.00000    
     3.02335         0.00000         0.00000         0.00000    
     3.02465         0.00000         0.00000         0.00000    
     3.02500         0.00000         0.00000         0.00000    
     3.02535         0.00000         0.00000         0.00000    
     3.02665         0.00000         0.00000         0.00000    
     3.02835         0.00000         0.00000         0.00000    
     3.02965         0.00000         0.00000         0.00000    
     3.03000         0.00000         0.00000         0.00000    
     3.03035         0.00000         0.00000         0.00000    
     3.03165         0.00000         0.00000         0.00000    
     3.03335         0.00000         0.00000         0.00000    
     3.03465         0.00000         0.00000         0.00000    
     3.03500         0.00000         0.00000         0.00000    
     3.03535         0.00000         0.00000         0.00000    
     3.03665         0.00000         0.00000         0.00000    
     3.03835         0.00000         0.00000         0.00000    
     3.03965         0.00000         0.00000         0.00000    
     3.04000         0.00000         0.00000         0.00000    
     3.04035         0.00000         0.00000         0.00000    
     3.04165         0.00000         0.00000         0.00000    
     3.04335         0.00000         0.00000         0.00000    
     3.04465         0.00000         0.00000         0.00000    
     3.04500         0.00000         0.00000         0.00000    
     3.04535         0.00000         0.00000         0.00000    
     3.04665         0.00000         0.00000         0.00000    
     3.04835         0.00000         0.00000         0.00000    
     3.04965         0.00000         0.00000         0.00000    
     3.05000         0.00000         0.00000         0.00000    
     3.05035         0.00000         0.00000         0.00000    
     3.05165         0.00000         0.00000         0.00000    
     3.05335         0.00000         0.00000         0.00000    
     3.05465         0.00000         0.00000         0.00000    
     3.05500         0.00000         0.00000         0.00000    
     3.05535         0.00000         0.00000         0.00000    
     3.05665         0.00000         0.00000         0.00000    
     3.05835         0.00000         0.00000         0.00000    
     3.05965         0.00000         0.00000         0.00000    
     3.06000         0.00000         0.00000         0.00000    
     3.06035         0.00000         0.00000         0.00000    
     3.06165         0.00000         0.00000         0.00000    
     3.06335         0.00000         0.00000         0.00000    
     3.06465         0.00000         0.00000         0.00000    
     3.06500         0.00000         0.00000         0.00000    
     3.06535         0.00000         0.00000         0.00000    
     3.06665         0.00000         0.00000         0.00000    
     3.06835         0.00000         0.00000         0.00000    
     3.06965         0.00000         0.00000         0.00000    
     3.07000         0.00000         0.00000         0.00000    
     3.07035         0.00000         0.00000         0.00000    
     3.07165         0.00000         0.00000         0.00000    
     3.07335         0.00000         0.00000         0.00000    
     3.07465         0.00000         0.00000         0.00000    
     3.07500         0.00000         0.00000         0.00000    
     3.07535         0.00000         0.00000         0.00000    
     3.07665         0.00000         0.00000         0.00000    
     3.07835         0.00000         0.00000         0.00000    
     3.07965         0.00000         0.00000         0.00000    
     3.08000         0.00000         0.00000         0.00000    
     3.08035         0.00000         0.00000         0.00000    
     3.08165         0.00000         0.00000         0.00000    
     3.08335         0.00000         0.00000         0.00000    
     3.08465         0.00000         0.00000         0.00000    
     3.08500         0.00000         0.00000         0.00000    
     3.08535         0.00000         0.00000         0.00000    
     3.08665         0.00000         0.00000         0.00000    
     3.08835         0.00000         0.00000         0.00000    
     3.08965         0.00000         0.00000         0.00000    
     3.09000         0.00000         0.00000         0.00000    
     3.09035         0.00000         0.00000         0.00000    
     3.09165         0.00000         0.00000         0.00000    
     3.09335         0.00000         0.00000         0.00000    
     3.09465         0.00000         0.00000         0.00000    
     3.09500         0.00000         0.00000         0.00000    
     3.09535         0.00000         0.00000         0.00000    
     3.09665         0.00000         0.00000         0.00000    
     3.09835         0.00000         0.00000         0.00000    
     3.09965         0.00000         0.00000         0.00000    
     3.10000         0.00000         0.00000         0.00000    
     3.10035         0.00000         0.00000         0.00000    
     3.10165         0.00000         0.00000         0.00000    
     3.10335         0.00000         0.00000         0.00000    
     3.10465         0.00000         0.00000         0.00000    
     3.10500         0.00000         0.00000         0.00000    
     3.10535         0.00000         0.00000         0.00000    
     3.10665         0.00000         0.00000         0.00000    
     3.10835         0.00000         0.00000         0.00000    
     3.10965         0.00000         0.00000         0.00000    
     3.11000         0.00000         0.00000         0.00000    
     3.11035         0.00000         0.00000         0.00000    
     3.11165         0.00000         0.00000         0.00000    
     3.11335         0.00000         0.00000         0.00000    
     3.11465         0.00000         0.00000         0.00000    
     3.11500         0.00000         0.00000         0.00000    
     3.11535         0.00000         0.00000         0.00000    
     3.11665         0.00000         0.00000         0.00000    
     3.11835         0.00000         0.00000         0.00000    
     3.11965         0.00000         0.00000         0.00000    
     3.12000         0.00000         0.00000         0.00000    
     3.12035         0.00000         0.00000         0.00000    
     3.12165         0.00000         0.00000         0.00000    
     3.12335         0.00000         0.00000         0.00000    
     3.12465         0.00000         0.00000         0.00000    
     3.12500         0.00000         0.00000         0.00000    
     3.12535         0.00000         0.00000         0.00000    
     3.12665         0.00000         0.00000         0.00000    
     3.12835         0.00000         0.00000         0.00000    
     3.12965         0.00000         0.00000         0.00000    
     3.13000         0.00000         0.00000         0.00000    
     3.13035         0.00000         0.00000         0.00000    
     3.13165         0.00000         0.00000         0.00000    
     3.13335         0.00000         0.00000         0.00000    
     3.13465         0.00000         0.00000         0.00000    
     3.13500         0.00000         0.00000         0.00000    
     3.13535         0.00000         0.00000         0.00000    
     3.13665         0.00000         0.00000         0.00000    
     3.13835         0.00000         0.00000         0.00000    
     3.13965         0.00000         0.00000         0.00000    
     3.14000         0.00000         0.00000         0.00000    
     3.14035         0.00000         0.00000         0.00000    
     3.14165         0.00000         0.00000         0.00000    
     3.14335         0.00000         0.00000         0.00000    
     3.14465         0.00000         0.00000         0.00000    
     3.14500         0.00000         0.00000         0.00000    
     3.14535         0.00000         0.00000         0.00000    
     3.14665         0.00000         0.00000         0.00000    
     3.14835         0.00000         0.00000         0.00000    
     3.14965         0.00000         0.00000         0.00000    
     3.15000         0.00000         0.00000         0.00000    
     3.15035         0.00000         0.00000         0.00000    
     3.15165         0.00000         0.00000         0.00000    
     3.15335         0.00000         0.00000         0.00000    
     3.15465         0.00000         0.00000         0.00000    
     3.15500         0.00000         0.00000         0.00000    
     3.15535         0.00000         0.00000         0.00000    
     3.15665         0.00000         0.00000         0.00000    
     3.15835         0.00000         0.00000         0.00000    
     3.15965         0.00000         0.00000         0.00000    
     3.16000         0.00000         0.00000         0.00000    
     3.16035         0.00000         0.00000         0.00000    
     3.16165         0.00000         0.00000         0.00000    
     3.16335         0.00000         0.00000         0.00000    
     3.16465         0.00000         0.00000         0.00000    
     3.16500         0.00000         0.00000         0.00000    
     3.16535         0.00000         0.00000         0.00000    
     3.16665         0.00000         0.00000         0.00000    
     3.16835         0.00000         0.00000         0.00000    
     3.16965         0.00000         0.00000         0.00000    
     3.17000         0.00000         0.00000         0.00000    
     3.17035         0.00000         0.00000         0.00000    
     3.17165         0.00000         0.00000         0.00000    
     3.17335         0.00000         0.00000         0.00000    
     3.17465         0.00000         0.00000         0.00000    
     3.17500         0.00000         0.00000         0.00000    
     3.17535         0.00000         0.00000         0.00000    
     3.17665         0.00000         0.00000         0.00000    
     3.17835         0.00000         0.00000         0.00000    
     3.17965         0.00000         0.00000         0.00000    
     3.18000         0.00000         0.00000         0.00000    
     3.18035         0.00000         0.00000         0.00000    
     3.18165         0.00000         0.00000         0.00000    
     3.18335         0.00000         0.00000         0.00000    
     3.18465         0.00000         0.00000         0.00000    
     3.18500         0.00000         0.00000         0.00000    
     3.18535         0.00000         0.00000         0.00000    
     3.18665         0.00000         0.00000         0.00000    
     3.18835         0.00000         0.00000         0.00000    
     3.18965         0.00000         0.00000         0.00000    
     3.19000         0.00000         0.00000         0.00000    
     3.19035         0.00000         0.00000         0.00000    
     3.19165         0.00000         0.00000         0.00000    
     3.19335         0.00000         0.00000         0.00000    
     3.19465         0.00000         0.00000         0.00000    
     3.19500         0.00000         0.00000         0.00000    
     3.19535         0.00000         0.00000         0.00000    
     3.19665         0.00000         0.00000         0.00000    
     3.19835         0.00000         0.00000         0.00000    
     3.19965         0.00000         0.00000         0.00000    
     3.20000         0.00000         0.00000         0.00000    
